row,col | V_base                   | V_new                    | equal
  1,  1 |   4.5590948444796682e-04 |   4.5590948444796682e-04 | 1
  1,  2 |   3.0742899049321034e-04 |   3.0742899049321034e-04 | 1
  1,  3 |   3.3684158155413438e-04 |   3.3684158155413438e-04 | 1
  1,  4 |   4.5789074061050865e-04 |   4.5789074061050865e-04 | 1
  1,  5 |   7.6607370696566649e-04 |   7.6607370696566649e-04 | 1
  1,  6 |   5.5263186395040207e-05 |   5.5263186395040207e-05 | 1
  1,  7 |   5.9973542486023868e-04 |   5.9973542486023868e-04 | 1
  1,  8 |   4.6851391454954627e-04 |   4.6851391454954627e-04 | 1
  1,  9 |   2.3435611565163851e-04 |   2.3435611565163851e-04 | 1
  1, 10 |  -9.2254623666284728e-05 |  -9.2254623666284728e-05 | 1
  1, 11 |   9.7417192269565319e-05 |   9.7417192269565319e-05 | 1
  1, 12 |   4.2872298998418120e-04 |   4.2872298998418120e-04 | 1
  2,  1 |   3.0742899049321034e-04 |   3.0742899049321034e-04 | 1
  2,  2 |   7.3481649345408717e-04 |   7.3481649345408717e-04 | 1
  2,  3 |   6.4098646990138003e-04 |   6.4098646990138003e-04 | 1
  2,  4 |   3.0917543571190988e-04 |   3.0917543571190988e-04 | 1
  2,  5 |  -4.4387363238203499e-04 |  -4.4387363238203499e-04 | 1
  2,  6 |   1.4797754586928862e-03 |   1.4797754586928862e-03 | 1
  2,  7 |  -4.2427075815057132e-05 |  -4.2427075815057132e-05 | 1
  2,  8 |   2.8612870281918585e-04 |   2.8612870281918585e-04 | 1
  2,  9 |   9.4883328087414496e-04 |   9.4883328087414496e-04 | 1
  2, 10 |   1.8227832599848350e-03 |   1.8227832599848350e-03 | 1
  2, 11 |   1.3481052269383946e-03 |   1.3481052269383946e-03 | 1
  2, 12 |   4.4568383285398678e-04 |   4.4568383285398678e-04 | 1
  3,  1 |   3.3684158155413438e-04 |   3.3684158155413438e-04 | 1
  3,  2 |   6.4098646990138003e-04 |   6.4098646990138003e-04 | 1
  3,  3 |   5.9264931613187079e-04 |   5.9264931613187079e-04 | 1
  3,  4 |   3.3946365002646096e-04 |   3.3946365002646096e-04 | 1
  3,  5 |  -2.1565521412029702e-04 |  -2.1565521412029702e-04 | 1
  3,  6 |   1.2169788682210953e-03 |   1.2169788682210953e-03 | 1
  3,  7 |   7.9890467443991415e-05 |   7.9890467443991415e-05 | 1
  3,  8 |   3.2271356814993657e-04 |   3.2271356814993657e-04 | 1
  3,  9 |   8.1830143054641938e-04 |   8.1830143054641938e-04 | 1
  3, 10 |   1.4684774586124971e-03 |   1.4684774586124971e-03 | 1
  3, 11 |   1.1176874949919741e-03 |   1.1176874949919741e-03 | 1
  3, 12 |   4.4519653165895809e-04 |   4.4519653165895809e-04 | 1
  4,  1 |   4.5789074061050865e-04 |   4.5789074061050865e-04 | 1
  4,  2 |   3.0917543571190988e-04 |   3.0917543571190988e-04 | 1
  4,  3 |   3.3946365002646096e-04 |   3.3946365002646096e-04 | 1
  4,  4 |   5.1976383547283080e-04 |   5.1976383547283080e-04 | 1
  4,  5 |   7.8166160938415870e-04 |   7.8166160938415870e-04 | 1
  4,  6 |   4.8758747980283773e-05 |   4.8758747980283773e-05 | 1
  4,  7 |   6.1038832331912094e-04 |   6.1038832331912094e-04 | 1
  4,  8 |   4.7522419908340395e-04 |   4.7522419908340395e-04 | 1
  4,  9 |   2.3364319392277553e-04 |   2.3364319392277553e-04 | 1
  4, 10 |  -1.0307864610017671e-04 |  -1.0307864610017671e-04 | 1
  4, 11 |   9.2295355336514549e-05 |   9.2295355336514549e-05 | 1
  4, 12 |   4.3393429189172712e-04 |   4.3393429189172712e-04 | 1
  5,  1 |   7.6607370696566649e-04 |   7.6607370696566649e-04 | 1
  5,  2 |  -4.4387363238203499e-04 |  -4.4387363238203499e-04 | 1
  5,  3 |  -2.1565521412029702e-04 |  -2.1565521412029702e-04 | 1
  5,  4 |   7.8166160938415870e-04 |   7.8166160938415870e-04 | 1
  5,  5 |   3.1454492080405234e-03 |   3.1454492080405234e-03 | 1
  5,  6 |  -2.6635741047493352e-03 |  -2.6635741047493352e-03 | 1
  5,  7 |   1.8791357956080440e-03 |   1.8791357956080440e-03 | 1
  5,  8 |   8.5759040098484405e-04 |   8.5759040098484405e-04 | 1
  5,  9 |  -1.1114788597637233e-03 |  -1.1114788597637233e-03 | 1
  5, 10 |  -3.7615948007576495e-03 |  -3.7615948007576495e-03 | 1
  5, 11 |  -2.2854194481644287e-03 |  -2.2854194481644287e-03 | 1
  5, 12 |   4.3322476294561213e-04 |   4.3322476294561213e-04 | 1
  6,  1 |   5.5263186395040207e-05 |   5.5263186395040207e-05 | 1
  6,  2 |   1.4797754586928862e-03 |   1.4797754586928862e-03 | 1
  6,  3 |   1.2169788682210953e-03 |   1.2169788682210953e-03 | 1
  6,  4 |   4.8758747980283773e-05 |   4.8758747980283773e-05 | 1
  6,  5 |  -2.6635741047493352e-03 |  -2.6635741047493352e-03 | 1
  6,  6 |   4.1257126627168277e-03 |   4.1257126627168277e-03 | 1
  6,  7 |  -1.2138885252499310e-03 |  -1.2138885252499310e-03 | 1
  6,  8 |  -3.6448275053419928e-05 |  -3.6448275053419928e-05 | 1
  6,  9 |   2.2829446249482046e-03 |   2.2829446249482046e-03 | 1
  6, 10 |   5.3740917266526470e-03 |   5.3740917266526470e-03 | 1
  6, 11 |   3.6727924856644646e-03 |   3.6727924856644646e-03 | 1
  6, 12 |   4.9175069774098478e-04 |   4.9175069774098478e-04 | 1
  7,  1 |   5.9973542486023868e-04 |   5.9973542486023868e-04 | 1
  7,  2 |  -4.2427075815057132e-05 |  -4.2427075815057132e-05 | 1
  7,  3 |   7.9890467443991415e-05 |   7.9890467443991415e-05 | 1
  7,  4 |   6.1038832331912094e-04 |   6.1038832331912094e-04 | 1
  7,  5 |   1.8791357956080440e-03 |   1.8791357956080440e-03 | 1
  7,  6 |  -1.2138885252499310e-03 |  -1.2138885252499310e-03 | 1
  7,  7 |   1.2051990917539670e-03 |   1.2051990917539670e-03 | 1
  7,  8 |   6.5152615070172707e-04 |   6.5152615070172707e-04 | 1
  7,  9 |  -3.9328471707308140e-04 |  -3.9328471707308140e-04 | 1
  7, 10 |  -1.8056270125158948e-03 |  -1.8056270125158948e-03 | 1
  7, 11 |  -1.0147601809553735e-03 |  -1.0147601809553735e-03 | 1
  7, 12 |   4.3208195999126168e-04 |   4.3208195999126168e-04 | 1
  8,  1 |   4.6851391454954627e-04 |   4.6851391454954627e-04 | 1
  8,  2 |   2.8612870281918585e-04 |   2.8612870281918585e-04 | 1
  8,  3 |   3.2271356814993657e-04 |   3.2271356814993657e-04 | 1
  8,  4 |   4.7522419908340395e-04 |   4.7522419908340395e-04 | 1
  8,  5 |   8.5759040098484405e-04 |   8.5759040098484405e-04 | 1
  8,  6 |  -3.6448275053419928e-05 |  -3.6448275053419928e-05 | 1
  8,  7 |   6.5152615070172707e-04 |   6.5152615070172707e-04 | 1
  8,  8 |   5.7582975108348429e-04 |   5.7582975108348429e-04 | 1
  8,  9 |   1.9183062632177492e-04 |   1.9183062632177492e-04 | 1
  8, 10 |  -2.1829459415047207e-04 |  -2.1829459415047207e-04 | 1
  8, 11 |   1.7746505684855287e-05 |   1.7746505684855287e-05 | 1
  8, 12 |   4.3480324569911686e-04 |   4.3480324569911686e-04 | 1
  9,  1 |   2.3435611565163851e-04 |   2.3435611565163851e-04 | 1
  9,  2 |   9.4883328087414496e-04 |   9.4883328087414496e-04 | 1
  9,  3 |   8.1830143054641938e-04 |   8.1830143054641938e-04 | 1
  9,  4 |   2.3364319392277553e-04 |   2.3364319392277553e-04 | 1
  9,  5 |  -1.1114788597637233e-03 |  -1.1114788597637233e-03 | 1
  9,  6 |   2.2829446249482046e-03 |   2.2829446249482046e-03 | 1
  9,  7 |  -3.9328471707308140e-04 |  -3.9328471707308140e-04 | 1
  9,  8 |   1.9183062632177492e-04 |   1.9183062632177492e-04 | 1
  9,  9 |   1.5183799113392005e-03 |   1.5183799113392005e-03 | 1
  9, 10 |   2.8995334597807895e-03 |   2.8995334597807895e-03 | 1
  9, 11 |   2.0541499372621714e-03 |   2.0541499372621714e-03 | 1
  9, 12 |   4.6292270707941693e-04 |   4.6292270707941693e-04 | 1
 10,  1 |  -9.2254623666284728e-05 |  -9.2254623666284728e-05 | 1
 10,  2 |   1.8227832599848350e-03 |   1.8227832599848350e-03 | 1
 10,  3 |   1.4684774586124971e-03 |   1.4684774586124971e-03 | 1
 10,  4 |  -1.0307864610017671e-04 |  -1.0307864610017671e-04 | 1
 10,  5 |  -3.7615948007576495e-03 |  -3.7615948007576495e-03 | 1
 10,  6 |   5.3740917266526470e-03 |   5.3740917266526470e-03 | 1
 10,  7 |  -1.8056270125158948e-03 |  -1.8056270125158948e-03 | 1
 10,  8 |  -2.1829459415047207e-04 |  -2.1829459415047207e-04 | 1
 10,  9 |   2.8995334597807895e-03 |   2.8995334597807895e-03 | 1
 10, 10 |   7.2606970034382289e-03 |   7.2606970034382289e-03 | 1
 10, 11 |   4.7666435532570592e-03 |   4.7666435532570592e-03 | 1
 10, 12 |   4.8681039032273058e-04 |   4.8681039032273058e-04 | 1
 11,  1 |   9.7417192269565319e-05 |   9.7417192269565319e-05 | 1
 11,  2 |   1.3481052269383946e-03 |   1.3481052269383946e-03 | 1
 11,  3 |   1.1176874949919741e-03 |   1.1176874949919741e-03 | 1
 11,  4 |   9.2295355336514549e-05 |   9.2295355336514549e-05 | 1
 11,  5 |  -2.2854194481644287e-03 |  -2.2854194481644287e-03 | 1
 11,  6 |   3.6727924856644646e-03 |   3.6727924856644646e-03 | 1
 11,  7 |  -1.0147601809553735e-03 |  -1.0147601809553735e-03 | 1
 11,  8 |   1.7746505684855287e-05 |   1.7746505684855287e-05 | 1
 11,  9 |   2.0541499372621714e-03 |   2.0541499372621714e-03 | 1
 11, 10 |   4.7666435532570592e-03 |   4.7666435532570592e-03 | 1
 11, 11 |   3.3042837847052100e-03 |   3.3042837847052100e-03 | 1
 11, 12 |   4.8294601576358124e-04 |   4.8294601576358124e-04 | 1
 12,  1 |   4.2872298998418120e-04 |   4.2872298998418120e-04 | 1
 12,  2 |   4.4568383285398678e-04 |   4.4568383285398678e-04 | 1
 12,  3 |   4.4519653165895809e-04 |   4.4519653165895809e-04 | 1
 12,  4 |   4.3393429189172712e-04 |   4.3393429189172712e-04 | 1
 12,  5 |   4.3322476294561213e-04 |   4.3322476294561213e-04 | 1
 12,  6 |   4.9175069774098478e-04 |   4.9175069774098478e-04 | 1
 12,  7 |   4.3208195999126168e-04 |   4.3208195999126168e-04 | 1
 12,  8 |   4.3480324569911686e-04 |   4.3480324569911686e-04 | 1
 12,  9 |   4.6292270707941693e-04 |   4.6292270707941693e-04 | 1
 12, 10 |   4.8681039032273058e-04 |   4.8681039032273058e-04 | 1
 12, 11 |   4.8294601576358124e-04 |   4.8294601576358124e-04 | 1
 12, 12 |   4.9317667075218763e-04 |   4.9317667075218763e-04 | 1
