row,col | V_base                   | V_new                    | equal
  1,  1 |   7.8476934582456359e-04 |   7.8476934582456359e-04 | 1
  1,  2 |  -3.7618958311163325e-05 |  -3.7618958311163325e-05 | 1
  1,  3 |   3.7998890694932510e-04 |   3.7998890694932510e-04 | 1
  1,  4 |   6.3765544337697955e-04 |   6.3765544337697955e-04 | 1
  1,  5 |   4.1774673857619107e-04 |   4.1774673857619107e-04 | 1
  1,  6 |   1.9864961943624905e-04 |   1.9864961943624905e-04 | 1
  2,  1 |  -3.7618958311163325e-05 |  -3.7618958311163325e-05 | 1
  2,  2 |   3.3452917243321683e-03 |   3.3452917243321683e-03 | 1
  2,  3 |  -3.0358499551804167e-04 |  -3.0358499551804167e-04 | 1
  2,  4 |   4.0072753153610823e-04 |   4.0072753153610823e-04 | 1
  2,  5 |  -4.3152128369986524e-03 |  -4.3152128369986524e-03 | 1
  2,  6 |  -1.9106416430805307e-04 |  -1.9106416430805307e-04 | 1
  3,  1 |   3.7998890694932510e-04 |   3.7998890694932510e-04 | 1
  3,  2 |  -3.0358499551804167e-04 |  -3.0358499551804167e-04 | 1
  3,  3 |   1.4107784096911671e-02 |   1.4107784096911671e-02 | 1
  3,  4 |  -1.0603649954434738e-03 |  -1.0603649954434738e-03 | 1
  3,  5 |   1.3606560287886742e-03 |   1.3606560287886742e-03 | 1
  3,  6 |   2.9514644303757650e-04 |   2.9514644303757650e-04 | 1
  4,  1 |   6.3765544337697955e-04 |   6.3765544337697955e-04 | 1
  4,  2 |   4.0072753153610823e-04 |   4.0072753153610823e-04 | 1
  4,  3 |  -1.0603649954434738e-03 |  -1.0603649954434738e-03 | 1
  4,  4 |   1.5748284622660006e-03 |   1.5748284622660006e-03 | 1
  4,  5 |   8.1575497804961452e-04 |   8.1575497804961452e-04 | 1
  4,  6 |   1.8874181529148377e-04 |   1.8874181529148377e-04 | 1
  5,  1 |   4.1774673857619107e-04 |   4.1774673857619107e-04 | 1
  5,  2 |  -4.3152128369986524e-03 |  -4.3152128369986524e-03 | 1
  5,  3 |   1.3606560287886742e-03 |   1.3606560287886742e-03 | 1
  5,  4 |   8.1575497804961452e-04 |   8.1575497804961452e-04 | 1
  5,  5 |   8.6233491003941763e-03 |   8.6233491003941763e-03 | 1
  5,  6 |   6.9609255735677156e-04 |   6.9609255735677156e-04 | 1
  6,  1 |   1.9864961943624905e-04 |   1.9864961943624905e-04 | 1
  6,  2 |  -1.9106416430805307e-04 |  -1.9106416430805307e-04 | 1
  6,  3 |   2.9514644303757650e-04 |   2.9514644303757650e-04 | 1
  6,  4 |   1.8874181529148377e-04 |   1.8874181529148377e-04 | 1
  6,  5 |   6.9609255735677156e-04 |   6.9609255735677156e-04 | 1
  6,  6 |   1.0607263906191838e-03 |   1.0607263906191838e-03 | 1
