row,col | V_base                   | V_new                    | equal
  1,  1 |   7.7896937100444897e-04 |   7.7896937100444897e-04 | 1
  1,  2 |   3.9600222784916365e-06 |   3.9600222784916365e-06 | 1
  1,  3 |   3.8138065620166870e-04 |   3.8138065620166870e-04 | 1
  1,  4 |   6.4260697288181514e-04 |   6.4260697288181514e-04 | 1
  1,  5 |   4.0771582665519331e-04 |   4.0771582665519331e-04 | 1
  1,  6 |   2.0183614457297853e-04 |   2.0183614457297853e-04 | 1
  2,  1 |   3.9600222784916365e-06 |   3.9600222784916365e-06 | 1
  2,  2 |   3.7724341371428707e-03 |   3.7724341371428707e-03 | 1
  2,  3 |  -3.6307208285861654e-04 |  -3.6307208285861654e-04 | 1
  2,  4 |   4.8771411401745014e-04 |   4.8771411401745014e-04 | 1
  2,  5 |  -4.5439419010102396e-03 |  -4.5439419010102396e-03 | 1
  2,  6 |  -2.3908149150771559e-04 |  -2.3908149150771559e-04 | 1
  3,  1 |   3.8138065620166870e-04 |   3.8138065620166870e-04 | 1
  3,  2 |  -3.6307208285861654e-04 |  -3.6307208285861654e-04 | 1
  3,  3 |   1.3310042491973255e-02 |   1.3310042491973255e-02 | 1
  3,  4 |  -9.8418200490050915e-04 |  -9.8418200490050915e-04 | 1
  3,  5 |   1.3259681626772205e-03 |   1.3259681626772205e-03 | 1
  3,  6 |   3.2757475754520687e-04 |   3.2757475754520687e-04 | 1
  4,  1 |   6.4260697288181514e-04 |   6.4260697288181514e-04 | 1
  4,  2 |   4.8771411401745014e-04 |   4.8771411401745014e-04 | 1
  4,  3 |  -9.8418200490050915e-04 |  -9.8418200490050915e-04 | 1
  4,  4 |   1.5518060178439765e-03 |   1.5518060178439765e-03 | 1
  4,  5 |   7.6821596943395698e-04 |   7.6821596943395698e-04 | 1
  4,  6 |   1.7647675018762731e-04 |   1.7647675018762731e-04 | 1
  5,  1 |   4.0771582665519331e-04 |   4.0771582665519331e-04 | 1
  5,  2 |  -4.5439419010102396e-03 |  -4.5439419010102396e-03 | 1
  5,  3 |   1.3259681626772205e-03 |   1.3259681626772205e-03 | 1
  5,  4 |   7.6821596943395698e-04 |   7.6821596943395698e-04 | 1
  5,  5 |   8.4070344619655586e-03 |   8.4070344619655586e-03 | 1
  5,  6 |   7.1956219403244862e-04 |   7.1956219403244862e-04 | 1
  6,  1 |   2.0183614457297853e-04 |   2.0183614457297853e-04 | 1
  6,  2 |  -2.3908149150771559e-04 |  -2.3908149150771559e-04 | 1
  6,  3 |   3.2757475754520687e-04 |   3.2757475754520687e-04 | 1
  6,  4 |   1.7647675018762731e-04 |   1.7647675018762731e-04 | 1
  6,  5 |   7.1956219403244862e-04 |   7.1956219403244862e-04 | 1
  6,  6 |   1.0571827119480542e-03 |   1.0571827119480542e-03 | 1
