row,col | V_base                   | V_new                    | equal
  1,  1 |   1.2284069047072304e-03 |   1.2284069047072304e-03 | 1
  1,  2 |   1.5302667588147913e-03 |   1.5302667588147913e-03 | 1
  1,  3 |  -1.1889725427466936e-04 |  -1.1889725427466936e-04 | 1
  1,  4 |   3.8344370651623577e-03 |   3.8344370651623577e-03 | 1
  1,  5 |   4.8398961854469126e-04 |   4.8398961854469126e-04 | 1
  1,  6 |   2.1573183696269836e-03 |   2.1573183696269836e-03 | 1
  1,  7 |   3.3545338393063879e-04 |   3.3545338393063879e-04 | 1
  1,  8 |  -1.6359210485689628e-04 |  -1.6359210485689628e-04 | 1
  1,  9 |  -1.1321061847050203e-03 |  -1.1321061847050203e-03 | 1
  1, 10 |   3.7298976825108710e-03 |   3.7298976825108710e-03 | 1
  1, 11 |  -2.1926718276871958e-04 |  -2.1926718276871958e-04 | 1
  1, 12 |  -2.4592333199605564e-04 |  -2.4592333199605564e-04 | 1
  1, 13 |   1.2041135195895097e-05 |   1.2041135195895097e-05 | 1
  1, 14 |   3.7729458898394087e-08 |   3.7729458898394087e-08 | 1
  1, 15 |   1.4576301701502347e-03 |   1.4576301701502347e-03 | 1
  1, 16 |   5.0461742624676375e-04 |   5.0461742624676375e-04 | 1
  2,  1 |   1.5302667588147913e-03 |   1.5302667588147913e-03 | 1
  2,  2 |   1.0143866723707064e-02 |   1.0143866723707064e-02 | 1
  2,  3 |  -3.7953045945918147e-04 |  -3.7953045945918147e-04 | 1
  2,  4 |   5.1362270325705566e-03 |   5.1362270325705566e-03 | 1
  2,  5 |   6.7611413064614014e-03 |   6.7611413064614014e-03 | 1
  2,  6 |   9.1952684364180748e-03 |   9.1952684364180748e-03 | 1
  2,  7 |   1.9174302265478798e-03 |   1.9174302265478798e-03 | 1
  2,  8 |  -2.1576314286180587e-03 |  -2.1576314286180587e-03 | 1
  2,  9 |  -5.6214683929090526e-03 |  -5.6214683929090526e-03 | 1
  2, 10 |   3.1771732519279138e-02 |   3.1771732519279138e-02 | 1
  2, 11 |  -9.4731523385676187e-04 |  -9.4731523385676187e-04 | 1
  2, 12 |  -1.5252937895362580e-03 |  -1.5252937895362580e-03 | 1
  2, 13 |   1.6866969883213228e-04 |   1.6866969883213228e-04 | 1
  2, 14 |   1.1594055045252587e-07 |   1.1594055045252587e-07 | 1
  2, 15 |   3.4040549556923205e-03 |   3.4040549556923205e-03 | 1
  2, 16 |   1.4274522849390788e-02 |   1.4274522849390788e-02 | 1
  3,  1 |  -1.1889725427466936e-04 |  -1.1889725427466936e-04 | 1
  3,  2 |  -3.7953045945918147e-04 |  -3.7953045945918147e-04 | 1
  3,  3 |   5.4239154957647323e-04 |   5.4239154957647323e-04 | 1
  3,  4 |  -6.4469306988549334e-04 |  -6.4469306988549334e-04 | 1
  3,  5 |  -4.1834835490947738e-04 |  -4.1834835490947738e-04 | 1
  3,  6 |  -6.2784027254427725e-04 |  -6.2784027254427725e-04 | 1
  3,  7 |   1.7312485688401018e-04 |   1.7312485688401018e-04 | 1
  3,  8 |  -5.2364060912954424e-05 |  -5.2364060912954424e-05 | 1
  3,  9 |   1.5731218901500763e-03 |   1.5731218901500763e-03 | 1
  3, 10 |  -9.7859521393238989e-04 |  -9.7859521393238989e-04 | 1
  3, 11 |  -4.5765022320537975e-05 |  -4.5765022320537975e-05 | 1
  3, 12 |  -7.3072949778801662e-05 |  -7.3072949778801662e-05 | 1
  3, 13 |  -9.3954964182756221e-05 |  -9.3954964182756221e-05 | 1
  3, 14 |  -1.0528136018299004e-07 |  -1.0528136018299004e-07 | 1
  3, 15 |  -3.0331445030681414e-04 |  -3.0331445030681414e-04 | 1
  3, 16 |   5.7057271917622106e-04 |   5.7057271917622106e-04 | 1
  4,  1 |   3.8344370651623577e-03 |   3.8344370651623577e-03 | 1
  4,  2 |   5.1362270325705566e-03 |   5.1362270325705566e-03 | 1
  4,  3 |  -6.4469306988549334e-04 |  -6.4469306988549334e-04 | 1
  4,  4 |   7.9815198941143958e-02 |   7.9815198941143958e-02 | 1
  4,  5 |  -5.3392398479029934e-03 |  -5.3392398479029934e-03 | 1
  4,  6 |   8.4955677178232408e-03 |   8.4955677178232408e-03 | 1
  4,  7 |   4.5493376855737185e-04 |   4.5493376855737185e-04 | 1
  4,  8 |  -1.1196462480856416e-03 |  -1.1196462480856416e-03 | 1
  4,  9 |  -2.9736434533216721e-03 |  -2.9736434533216721e-03 | 1
  4, 10 |   9.5654830240013353e-03 |   9.5654830240013353e-03 | 1
  4, 11 |  -9.3300780613198963e-05 |  -9.3300780613198963e-05 | 1
  4, 12 |   4.5757301622926979e-04 |   4.5757301622926979e-04 | 1
  4, 13 |  -4.2572963406889241e-04 |  -4.2572963406889241e-04 | 1
  4, 14 |   2.3260376863475025e-07 |   2.3260376863475025e-07 | 1
  4, 15 |   3.3643301644814714e-03 |   3.3643301644814714e-03 | 1
  4, 16 |   2.3202140102050279e-03 |   2.3202140102050279e-03 | 1
  5,  1 |   4.8398961854469126e-04 |   4.8398961854469126e-04 | 1
  5,  2 |   6.7611413064614014e-03 |   6.7611413064614014e-03 | 1
  5,  3 |  -4.1834835490947738e-04 |  -4.1834835490947738e-04 | 1
  5,  4 |  -5.3392398479029934e-03 |  -5.3392398479029934e-03 | 1
  5,  5 |   1.0211611788402547e-02 |   1.0211611788402547e-02 | 1
  5,  6 |   1.0226817527973213e-02 |   1.0226817527973213e-02 | 1
  5,  7 |   2.9254469675645488e-04 |   2.9254469675645488e-04 | 1
  5,  8 |  -1.7549769355993607e-03 |  -1.7549769355993607e-03 | 1
  5,  9 |  -4.2017390295477960e-03 |  -4.2017390295477960e-03 | 1
  5, 10 |   2.7030059735735024e-02 |   2.7030059735735024e-02 | 1
  5, 11 |  -7.4329194584714657e-04 |  -7.4329194584714657e-04 | 1
  5, 12 |  -1.2810879844338255e-03 |  -1.2810879844338255e-03 | 1
  5, 13 |   3.4866347618240669e-04 |   3.4866347618240669e-04 | 1
  5, 14 |   1.1297966744187920e-07 |   1.1297966744187920e-07 | 1
  5, 15 |   2.3176953363542871e-03 |   2.3176953363542871e-03 | 1
  5, 16 |   1.2593557383490375e-02 |   1.2593557383490375e-02 | 1
  6,  1 |   2.1573183696269836e-03 |   2.1573183696269836e-03 | 1
  6,  2 |   9.1952684364180748e-03 |   9.1952684364180748e-03 | 1
  6,  3 |  -6.2784027254427725e-04 |  -6.2784027254427725e-04 | 1
  6,  4 |   8.4955677178232408e-03 |   8.4955677178232408e-03 | 1
  6,  5 |   1.0226817527973213e-02 |   1.0226817527973213e-02 | 1
  6,  6 |   2.3341202745969448e-02 |   2.3341202745969448e-02 | 1
  6,  7 |   8.4889616418997046e-04 |   8.4889616418997046e-04 | 1
  6,  8 |  -1.3627009474486307e-03 |  -1.3627009474486307e-03 | 1
  6,  9 |  -5.5874511952248920e-03 |  -5.5874511952248920e-03 | 1
  6, 10 |   3.1810682393889463e-02 |   3.1810682393889463e-02 | 1
  6, 11 |  -1.1673741817495148e-03 |  -1.1673741817495148e-03 | 1
  6, 12 |  -1.4772232329277222e-03 |  -1.4772232329277222e-03 | 1
  6, 13 |   1.6316232711228350e-04 |   1.6316232711228350e-04 | 1
  6, 14 |   1.9953013925122475e-07 |   1.9953013925122475e-07 | 1
  6, 15 |   4.3955840943557672e-03 |   4.3955840943557672e-03 | 1
  6, 16 |   1.3293425828991384e-02 |   1.3293425828991384e-02 | 1
  7,  1 |   3.3545338393063879e-04 |   3.3545338393063879e-04 | 1
  7,  2 |   1.9174302265478798e-03 |   1.9174302265478798e-03 | 1
  7,  3 |   1.7312485688401018e-04 |   1.7312485688401018e-04 | 1
  7,  4 |   4.5493376855737185e-04 |   4.5493376855737185e-04 | 1
  7,  5 |   2.9254469675645488e-04 |   2.9254469675645488e-04 | 1
  7,  6 |   8.4889616418997046e-04 |   8.4889616418997046e-04 | 1
  7,  7 |   3.8424809472890021e-03 |   3.8424809472890021e-03 | 1
  7,  8 |  -6.8074684689179723e-04 |  -6.8074684689179723e-04 | 1
  7,  9 |   1.8981432981301095e-03 |   1.8981432981301095e-03 | 1
  7, 10 |   2.8430483058977133e-03 |   2.8430483058977133e-03 | 1
  7, 11 |  -2.1687838679711973e-05 |  -2.1687838679711973e-05 | 1
  7, 12 |  -3.0333001062316921e-04 |  -3.0333001062316921e-04 | 1
  7, 13 |   6.7580082650871241e-05 |   6.7580082650871241e-05 | 1
  7, 14 |  -2.2853470959836759e-08 |  -2.2853470959836759e-08 | 1
  7, 15 |   1.2606006414027180e-03 |   1.2606006414027180e-03 | 1
  7, 16 |   2.4326919528305808e-03 |   2.4326919528305808e-03 | 1
  8,  1 |  -1.6359210485689628e-04 |  -1.6359210485689628e-04 | 1
  8,  2 |  -2.1576314286180587e-03 |  -2.1576314286180587e-03 | 1
  8,  3 |  -5.2364060912954424e-05 |  -5.2364060912954424e-05 | 1
  8,  4 |  -1.1196462480856416e-03 |  -1.1196462480856416e-03 | 1
  8,  5 |  -1.7549769355993607e-03 |  -1.7549769355993607e-03 | 1
  8,  6 |  -1.3627009474486307e-03 |  -1.3627009474486307e-03 | 1
  8,  7 |  -6.8074684689179723e-04 |  -6.8074684689179723e-04 | 1
  8,  8 |   8.1198946002559492e-04 |   8.1198946002559492e-04 | 1
  8,  9 |  -2.7553175289848953e-05 |  -2.7553175289848953e-05 | 1
  8, 10 |  -6.7121090033856389e-03 |  -6.7121090033856389e-03 | 1
  8, 11 |   1.6411050561131830e-04 |   1.6411050561131830e-04 | 1
  8, 12 |   3.0491786440737145e-04 |   3.0491786440737145e-04 | 1
  8, 13 |  -7.2846799671760098e-05 |  -7.2846799671760098e-05 | 1
  8, 14 |  -4.6351540951808095e-09 |  -4.6351540951808095e-09 | 1
  8, 15 |  -7.0069552506983341e-04 |  -7.0069552506983341e-04 | 1
  8, 16 |  -3.8272729138345784e-03 |  -3.8272729138345784e-03 | 1
  9,  1 |  -1.1321061847050203e-03 |  -1.1321061847050203e-03 | 1
  9,  2 |  -5.6214683929090526e-03 |  -5.6214683929090526e-03 | 1
  9,  3 |   1.5731218901500763e-03 |   1.5731218901500763e-03 | 1
  9,  4 |  -2.9736434533216721e-03 |  -2.9736434533216721e-03 | 1
  9,  5 |  -4.2017390295477960e-03 |  -4.2017390295477960e-03 | 1
  9,  6 |  -5.5874511952248920e-03 |  -5.5874511952248920e-03 | 1
  9,  7 |   1.8981432981301095e-03 |   1.8981432981301095e-03 | 1
  9,  8 |  -2.7553175289848953e-05 |  -2.7553175289848953e-05 | 1
  9,  9 |   2.1741978034909525e-02 |   2.1741978034909525e-02 | 1
  9, 10 |  -3.5197818684386345e-02 |  -3.5197818684386345e-02 | 1
  9, 11 |   6.8853984466237905e-04 |   6.8853984466237905e-04 | 1
  9, 12 |   8.7233246632346224e-04 |   8.7233246632346224e-04 | 1
  9, 13 |  -4.3786142964243217e-05 |  -4.3786142964243217e-05 | 1
  9, 14 |  -1.9674063813867945e-07 |  -1.9674063813867945e-07 | 1
  9, 15 |  -2.0331279896202807e-03 |  -2.0331279896202807e-03 | 1
  9, 16 |  -3.9973832441094672e-03 |  -3.9973832441094672e-03 | 1
 10,  1 |   3.7298976825108710e-03 |   3.7298976825108710e-03 | 1
 10,  2 |   3.1771732519279138e-02 |   3.1771732519279138e-02 | 1
 10,  3 |  -9.7859521393238989e-04 |  -9.7859521393238989e-04 | 1
 10,  4 |   9.5654830240013353e-03 |   9.5654830240013353e-03 | 1
 10,  5 |   2.7030059735735024e-02 |   2.7030059735735024e-02 | 1
 10,  6 |   3.1810682393889463e-02 |   3.1810682393889463e-02 | 1
 10,  7 |   2.8430483058977133e-03 |   2.8430483058977133e-03 | 1
 10,  8 |  -6.7121090033856389e-03 |  -6.7121090033856389e-03 | 1
 10,  9 |  -3.5197818684386345e-02 |  -3.5197818684386345e-02 | 1
 10, 10 |   1.3696149149205311e-01 |   1.3696149149205311e-01 | 1
 10, 11 |  -3.7030033688031493e-03 |  -3.7030033688031493e-03 | 1
 10, 12 |  -5.7869734513163480e-03 |  -5.7869734513163480e-03 | 1
 10, 13 |   5.3160206825997986e-04 |   5.3160206825997986e-04 | 1
 10, 14 |   2.1122227071785014e-07 |   2.1122227071785014e-07 | 1
 10, 15 |   1.0183469903161713e-02 |   1.0183469903161713e-02 | 1
 10, 16 |   5.1537958757152669e-02 |   5.1537958757152669e-02 | 1
 11,  1 |  -2.1926718276871958e-04 |  -2.1926718276871958e-04 | 1
 11,  2 |  -9.4731523385676187e-04 |  -9.4731523385676187e-04 | 1
 11,  3 |  -4.5765022320537975e-05 |  -4.5765022320537975e-05 | 1
 11,  4 |  -9.3300780613198963e-05 |  -9.3300780613198963e-05 | 1
 11,  5 |  -7.4329194584714657e-04 |  -7.4329194584714657e-04 | 1
 11,  6 |  -1.1673741817495148e-03 |  -1.1673741817495148e-03 | 1
 11,  7 |  -2.1687838679711973e-05 |  -2.1687838679711973e-05 | 1
 11,  8 |   1.6411050561131830e-04 |   1.6411050561131830e-04 | 1
 11,  9 |   6.8853984466237905e-04 |   6.8853984466237905e-04 | 1
 11, 10 |  -3.7030033688031493e-03 |  -3.7030033688031493e-03 | 1
 11, 11 |   2.7019903193437701e-04 |   2.7019903193437701e-04 | 1
 11, 12 |   2.3724670548401050e-04 |   2.3724670548401050e-04 | 1
 11, 13 |  -2.0655796414782165e-06 |  -2.0655796414782165e-06 | 1
 11, 14 |  -1.1641223379691576e-08 |  -1.1641223379691576e-08 | 1
 11, 15 |  -4.1564536440959052e-04 |  -4.1564536440959052e-04 | 1
 11, 16 |  -1.4426997630567536e-03 |  -1.4426997630567536e-03 | 1
 12,  1 |  -2.4592333199605564e-04 |  -2.4592333199605564e-04 | 1
 12,  2 |  -1.5252937895362580e-03 |  -1.5252937895362580e-03 | 1
 12,  3 |  -7.3072949778801662e-05 |  -7.3072949778801662e-05 | 1
 12,  4 |   4.5757301622926979e-04 |   4.5757301622926979e-04 | 1
 12,  5 |  -1.2810879844338255e-03 |  -1.2810879844338255e-03 | 1
 12,  6 |  -1.4772232329277222e-03 |  -1.4772232329277222e-03 | 1
 12,  7 |  -3.0333001062316921e-04 |  -3.0333001062316921e-04 | 1
 12,  8 |   3.0491786440737145e-04 |   3.0491786440737145e-04 | 1
 12,  9 |   8.7233246632346224e-04 |   8.7233246632346224e-04 | 1
 12, 10 |  -5.7869734513163480e-03 |  -5.7869734513163480e-03 | 1
 12, 11 |   2.3724670548401050e-04 |   2.3724670548401050e-04 | 1
 12, 12 |   3.8849656646853658e-04 |   3.8849656646853658e-04 | 1
 12, 13 |  -3.0616126264114771e-05 |  -3.0616126264114771e-05 | 1
 12, 14 |   2.6001190941416096e-09 |   2.6001190941416096e-09 | 1
 12, 15 |  -5.4152225746989220e-04 |  -5.4152225746989220e-04 | 1
 12, 16 |  -2.5664557388963378e-03 |  -2.5664557388963378e-03 | 1
 13,  1 |   1.2041135195895097e-05 |   1.2041135195895097e-05 | 1
 13,  2 |   1.6866969883213228e-04 |   1.6866969883213228e-04 | 1
 13,  3 |  -9.3954964182756221e-05 |  -9.3954964182756221e-05 | 1
 13,  4 |  -4.2572963406889241e-04 |  -4.2572963406889241e-04 | 1
 13,  5 |   3.4866347618240669e-04 |   3.4866347618240669e-04 | 1
 13,  6 |   1.6316232711228350e-04 |   1.6316232711228350e-04 | 1
 13,  7 |   6.7580082650871241e-05 |   6.7580082650871241e-05 | 1
 13,  8 |  -7.2846799671760098e-05 |  -7.2846799671760098e-05 | 1
 13,  9 |  -4.3786142964243217e-05 |  -4.3786142964243217e-05 | 1
 13, 10 |   5.3160206825997986e-04 |   5.3160206825997986e-04 | 1
 13, 11 |  -2.0655796414782165e-06 |  -2.0655796414782165e-06 | 1
 13, 12 |  -3.0616126264114771e-05 |  -3.0616126264114771e-05 | 1
 13, 13 |   6.2171422103804964e-05 |   6.2171422103804964e-05 | 1
 13, 14 |   1.3888962321041872e-08 |   1.3888962321041872e-08 | 1
 13, 15 |   1.6333726810946949e-04 |   1.6333726810946949e-04 | 1
 13, 16 |   1.8803641760404893e-04 |   1.8803641760404893e-04 | 1
 14,  1 |   3.7729458898394087e-08 |   3.7729458898394087e-08 | 1
 14,  2 |   1.1594055045252587e-07 |   1.1594055045252587e-07 | 1
 14,  3 |  -1.0528136018299004e-07 |  -1.0528136018299004e-07 | 1
 14,  4 |   2.3260376863475025e-07 |   2.3260376863475025e-07 | 1
 14,  5 |   1.1297966744187920e-07 |   1.1297966744187920e-07 | 1
 14,  6 |   1.9953013925122475e-07 |   1.9953013925122475e-07 | 1
 14,  7 |  -2.2853470959836759e-08 |  -2.2853470959836759e-08 | 1
 14,  8 |  -4.6351540951808095e-09 |  -4.6351540951808095e-09 | 1
 14,  9 |  -1.9674063813867945e-07 |  -1.9674063813867945e-07 | 1
 14, 10 |   2.1122227071785014e-07 |   2.1122227071785014e-07 | 1
 14, 11 |  -1.1641223379691576e-08 |  -1.1641223379691576e-08 | 1
 14, 12 |   2.6001190941416096e-09 |   2.6001190941416096e-09 | 1
 14, 13 |   1.3888962321041872e-08 |   1.3888962321041872e-08 | 1
 14, 14 |   2.7693423970453437e-11 |   2.7693423970453437e-11 | 1
 14, 15 |   7.1425145196784073e-08 |   7.1425145196784073e-08 | 1
 14, 16 |  -2.1779805963744354e-08 |  -2.1779805963744354e-08 | 1
 15,  1 |   1.4576301701502347e-03 |   1.4576301701502347e-03 | 1
 15,  2 |   3.4040549556923205e-03 |   3.4040549556923205e-03 | 1
 15,  3 |  -3.0331445030681414e-04 |  -3.0331445030681414e-04 | 1
 15,  4 |   3.3643301644814714e-03 |   3.3643301644814714e-03 | 1
 15,  5 |   2.3176953363542871e-03 |   2.3176953363542871e-03 | 1
 15,  6 |   4.3955840943557672e-03 |   4.3955840943557672e-03 | 1
 15,  7 |   1.2606006414027180e-03 |   1.2606006414027180e-03 | 1
 15,  8 |  -7.0069552506983341e-04 |  -7.0069552506983341e-04 | 1
 15,  9 |  -2.0331279896202807e-03 |  -2.0331279896202807e-03 | 1
 15, 10 |   1.0183469903161713e-02 |   1.0183469903161713e-02 | 1
 15, 11 |  -4.1564536440959052e-04 |  -4.1564536440959052e-04 | 1
 15, 12 |  -5.4152225746989220e-04 |  -5.4152225746989220e-04 | 1
 15, 13 |   1.6333726810946949e-04 |   1.6333726810946949e-04 | 1
 15, 14 |   7.1425145196784073e-08 |   7.1425145196784073e-08 | 1
 15, 15 |   2.5820710443832939e-03 |   2.5820710443832939e-03 | 1
 15, 16 |   3.0416021191043466e-03 |   3.0416021191043466e-03 | 1
 16,  1 |   5.0461742624676375e-04 |   5.0461742624676375e-04 | 1
 16,  2 |   1.4274522849390788e-02 |   1.4274522849390788e-02 | 1
 16,  3 |   5.7057271917622106e-04 |   5.7057271917622106e-04 | 1
 16,  4 |   2.3202140102050279e-03 |   2.3202140102050279e-03 | 1
 16,  5 |   1.2593557383490375e-02 |   1.2593557383490375e-02 | 1
 16,  6 |   1.3293425828991384e-02 |   1.3293425828991384e-02 | 1
 16,  7 |   2.4326919528305808e-03 |   2.4326919528305808e-03 | 1
 16,  8 |  -3.8272729138345784e-03 |  -3.8272729138345784e-03 | 1
 16,  9 |  -3.9973832441094672e-03 |  -3.9973832441094672e-03 | 1
 16, 10 |   5.1537958757152669e-02 |   5.1537958757152669e-02 | 1
 16, 11 |  -1.4426997630567536e-03 |  -1.4426997630567536e-03 | 1
 16, 12 |  -2.5664557388963378e-03 |  -2.5664557388963378e-03 | 1
 16, 13 |   1.8803641760404893e-04 |   1.8803641760404893e-04 | 1
 16, 14 |  -2.1779805963744354e-08 |  -2.1779805963744354e-08 | 1
 16, 15 |   3.0416021191043466e-03 |   3.0416021191043466e-03 | 1
 16, 16 |   2.7955649907428600e-02 |   2.7955649907428600e-02 | 1
