row,col | V_base                   | V_new                    | equal
  1,  1 |   2.2115396959165689e-03 |   2.2115396959165689e-03 | 1
  1,  2 |  -6.2918007189045913e+00 |  -6.2918007189045913e+00 | 1
  1,  3 |   2.7886116714123102e-03 |   2.7886116714123102e-03 | 1
  1,  4 |  -1.0204017950810520e-03 |  -1.0204017950810520e-03 | 1
  1,  5 |  -1.7200438102165476e-03 |  -1.7200438102165476e-03 | 1
  1,  6 |  -1.1857148925556358e-03 |  -1.1857148925556358e-03 | 1
  2,  1 |  -6.2918007189045913e+00 |  -6.2918007189045913e+00 | 1
  2,  2 |   4.0169893437833569e+04 |   4.0169893437833569e+04 | 1
  2,  3 |  -2.0532738206197777e+01 |  -2.0532738206197777e+01 | 1
  2,  4 |   6.7941959044301559e+00 |   6.7941959044301559e+00 | 1
  2,  5 |   1.6496192601527642e+00 |   1.6496192601527642e+00 | 1
  2,  6 |   6.9349810558469036e+00 |   6.9349810558469036e+00 | 1
  3,  1 |   2.7886116714123102e-03 |   2.7886116714123102e-03 | 1
  3,  2 |  -2.0532738206197777e+01 |  -2.0532738206197777e+01 | 1
  3,  3 |   3.7603810810926966e-02 |   3.7603810810926966e-02 | 1
  3,  4 |  -3.5700965431717316e-03 |  -3.5700965431717316e-03 | 1
  3,  5 |   3.9372596830355398e-03 |   3.9372596830355398e-03 | 1
  3,  6 |  -3.0065956044917404e-03 |  -3.0065956044917404e-03 | 1
  4,  1 |  -1.0204017950810520e-03 |  -1.0204017950810520e-03 | 1
  4,  2 |   6.7941959044301559e+00 |   6.7941959044301559e+00 | 1
  4,  3 |  -3.5700965431717316e-03 |  -3.5700965431717316e-03 | 1
  4,  4 |   1.4949058848504045e-03 |   1.4949058848504045e-03 | 1
  4,  5 |   1.4771427626664944e-04 |   1.4771427626664944e-04 | 1
  4,  6 |   1.1977986886487534e-03 |   1.1977986886487534e-03 | 1
  5,  1 |  -1.7200438102165476e-03 |  -1.7200438102165476e-03 | 1
  5,  2 |   1.6496192601527642e+00 |   1.6496192601527642e+00 | 1
  5,  3 |   3.9372596830355398e-03 |   3.9372596830355398e-03 | 1
  5,  4 |   1.4771427626664944e-04 |   1.4771427626664944e-04 | 1
  5,  5 |   4.4147334078237675e-03 |   4.4147334078237675e-03 | 1
  5,  6 |   6.5254341690392675e-04 |   6.5254341690392675e-04 | 1
  6,  1 |  -1.1857148925556358e-03 |  -1.1857148925556358e-03 | 1
  6,  2 |   6.9349810558469036e+00 |   6.9349810558469036e+00 | 1
  6,  3 |  -3.0065956044917404e-03 |  -3.0065956044917404e-03 | 1
  6,  4 |   1.1977986886487534e-03 |   1.1977986886487534e-03 | 1
  6,  5 |   6.5254341690392675e-04 |   6.5254341690392675e-04 | 1
  6,  6 |   2.7654416372273356e-03 |   2.7654416372273356e-03 | 1
