row,col | V_base                   | V_new                    | equal
  1,  1 |   3.9436361848523921e-04 |   3.9436361848523921e-04 | 1
  1,  2 |   1.7949875703888478e-03 |   1.7949875703888478e-03 | 1
  1,  3 |   2.6719667467366761e-04 |   2.6719667467366761e-04 | 1
  1,  4 |   1.2748942316102575e-04 |   1.2748942316102575e-04 | 1
  1,  5 |  -2.8215710977491269e-04 |  -2.8215710977491269e-04 | 1
  1,  6 |   5.7059713164496869e-05 |   5.7059713164496869e-05 | 1
  2,  1 |   1.7949875703888478e-03 |   1.7949875703888478e-03 | 1
  2,  2 |   2.0064890733037535e-02 |   2.0064890733037535e-02 | 1
  2,  3 |   1.7571557734285541e-03 |   1.7571557734285541e-03 | 1
  2,  4 |   8.7170371937698001e-04 |   8.7170371937698001e-04 | 1
  2,  5 |  -4.8032897672667793e-03 |  -4.8032897672667793e-03 | 1
  2,  6 |  -4.5290351170470313e-04 |  -4.5290351170470313e-04 | 1
  3,  1 |   2.6719667467366761e-04 |   2.6719667467366761e-04 | 1
  3,  2 |   1.7571557734285541e-03 |   1.7571557734285541e-03 | 1
  3,  3 |   9.0911750883908311e-03 |   9.0911750883908311e-03 | 1
  3,  4 |   1.5737926858266866e-04 |   1.5737926858266866e-04 | 1
  3,  5 |  -1.7961321862073549e-04 |  -1.7961321862073549e-04 | 1
  3,  6 |   1.2472486322004871e-04 |   1.2472486322004871e-04 | 1
  4,  1 |   1.2748942316102575e-04 |   1.2748942316102575e-04 | 1
  4,  2 |   8.7170371937698001e-04 |   8.7170371937698001e-04 | 1
  4,  3 |   1.5737926858266866e-04 |   1.5737926858266866e-04 | 1
  4,  4 |   3.6663496685860799e-03 |   3.6663496685860799e-03 | 1
  4,  5 |  -8.4025372597657707e-05 |  -8.4025372597657707e-05 | 1
  4,  6 |   6.3627780972081607e-05 |   6.3627780972081607e-05 | 1
  5,  1 |  -2.8215710977491269e-04 |  -2.8215710977491269e-04 | 1
  5,  2 |  -4.8032897672667793e-03 |  -4.8032897672667793e-03 | 1
  5,  3 |  -1.7961321862073549e-04 |  -1.7961321862073549e-04 | 1
  5,  4 |  -8.4025372597657707e-05 |  -8.4025372597657707e-05 | 1
  5,  5 |   3.9100262252856309e-03 |   3.9100262252856309e-03 | 1
  5,  6 |   3.3234966491323278e-04 |   3.3234966491323278e-04 | 1
  6,  1 |   5.7059713164496869e-05 |   5.7059713164496869e-05 | 1
  6,  2 |  -4.5290351170470313e-04 |  -4.5290351170470313e-04 | 1
  6,  3 |   1.2472486322004871e-04 |   1.2472486322004871e-04 | 1
  6,  4 |   6.3627780972081607e-05 |   6.3627780972081607e-05 | 1
  6,  5 |   3.3234966491323278e-04 |   3.3234966491323278e-04 | 1
  6,  6 |   3.4730871402117910e-04 |   3.4730871402117910e-04 | 1
