row,col | V_base                   | V_new                    | equal
  1,  1 |   5.1953715849829239e-03 |   5.1953715849829239e-03 | 1
  1,  2 |   2.1557819121075629e-03 |   2.1557819121075629e-03 | 1
  1,  3 |   1.4233152811104166e+01 |   1.4233152811104166e+01 | 1
  1,  4 |   4.0372773543284075e-03 |   4.0372773543284075e-03 | 1
  1,  5 |   7.7282064616952337e-03 |   7.7282064616952337e-03 | 1
  1,  6 |   8.3833404323902065e-03 |   8.3833404323902065e-03 | 1
  1,  7 |   8.2154926173163105e-03 |   8.2154926173163105e-03 | 1
  1,  8 |   2.3230449309815269e-03 |   2.3230449309815269e-03 | 1
  1,  9 |  -3.8441289977402329e-04 |  -3.8441289977402329e-04 | 1
  1, 10 |  -7.7766763457224669e-03 |  -7.7766763457224669e-03 | 1
  1, 11 |  -2.2380321623734359e-03 |  -2.2380321623734359e-03 | 1
  1, 12 |  -3.4104656955455995e-03 |  -3.4104656955455995e-03 | 1
  1, 13 |  -4.4658195560556019e-03 |  -4.4658195560556019e-03 | 1
  1, 14 |   5.8765082955940483e-03 |   5.8765082955940483e-03 | 1
  1, 15 |  -5.2887609665037989e-03 |  -5.2887609665037989e-03 | 1
  2,  1 |   2.1557819121075629e-03 |   2.1557819121075629e-03 | 1
  2,  2 |   5.9095635933491255e-03 |   5.9095635933491255e-03 | 1
  2,  3 |   3.2712258421768303e+00 |   3.2712258421768303e+00 | 1
  2,  4 |   9.1194331714060575e-03 |   9.1194331714060575e-03 | 1
  2,  5 |   4.5447857499638887e-03 |   4.5447857499638887e-03 | 1
  2,  6 |   4.6730544494170403e-03 |   4.6730544494170403e-03 | 1
  2,  7 |   4.6807651964049235e-03 |   4.6807651964049235e-03 | 1
  2,  8 |  -1.0170452027536687e-03 |  -1.0170452027536687e-03 | 1
  2,  9 |   2.6883691567722144e-04 |   2.6883691567722144e-04 | 1
  2, 10 |   1.4163697558560664e-02 |   1.4163697558560664e-02 | 1
  2, 11 |  -9.4626971255191853e-04 |  -9.4626971255191853e-04 | 1
  2, 12 |  -1.5615916655702694e-03 |  -1.5615916655702694e-03 | 1
  2, 13 |  -1.1045434853119685e-03 |  -1.1045434853119685e-03 | 1
  2, 14 |   3.3245301000072651e-03 |   3.3245301000072651e-03 | 1
  2, 15 |   5.8412955653930222e-03 |   5.8412955653930222e-03 | 1
  3,  1 |   1.4233152811104166e+01 |   1.4233152811104166e+01 | 1
  3,  2 |   3.2712258421768303e+00 |   3.2712258421768303e+00 | 1
  3,  3 |   8.8976023674892320e+04 |   8.8976023674892320e+04 | 1
  3,  4 |  -3.0969098598096821e+01 |  -3.0969098598096821e+01 | 1
  3,  5 |   3.1497651329970253e+01 |   3.1497651329970253e+01 | 1
  3,  6 |   1.6455334524021637e+01 |   1.6455334524021637e+01 | 1
  3,  7 |   3.0752485359672697e+01 |   3.0752485359672697e+01 | 1
  3,  8 |   9.2946411608349884e+00 |   9.2946411608349884e+00 | 1
  3,  9 |  -8.2465230707100423e-01 |  -8.2465230707100423e-01 | 1
  3, 10 |  -3.4381734271908719e+01 |  -3.4381734271908719e+01 | 1
  3, 11 |  -8.5121694126142042e+00 |  -8.5121694126142042e+00 | 1
  3, 12 |  -1.3828000719532010e+01 |  -1.3828000719532010e+01 | 1
  3, 13 |  -1.7295022108864920e+01 |  -1.7295022108864920e+01 | 1
  3, 14 |   1.7250357317686884e+01 |   1.7250357317686884e+01 | 1
  3, 15 |  -1.7791526481093683e+01 |  -1.7791526481093683e+01 | 1
  4,  1 |   4.0372773543284075e-03 |   4.0372773543284075e-03 | 1
  4,  2 |   9.1194331714060575e-03 |   9.1194331714060575e-03 | 1
  4,  3 |  -3.0969098598096821e+01 |  -3.0969098598096821e+01 | 1
  4,  4 |   8.3261587188035835e-02 |   8.3261587188035835e-02 | 1
  4,  5 |   8.4421381161164997e-04 |   8.4421381161164997e-04 | 1
  4,  6 |   1.4463263936281981e-02 |   1.4463263936281981e-02 | 1
  4,  7 |   2.1117228302363995e-03 |   2.1117228302363995e-03 | 1
  4,  8 |  -1.8409478646693495e-03 |  -1.8409478646693495e-03 | 1
  4,  9 |  -4.6740621438537897e-03 |  -4.6740621438537897e-03 | 1
  4, 10 |   3.2447501845270635e-02 |   3.2447501845270635e-02 | 1
  4, 11 |   1.3111124215505631e-04 |   1.3111124215505631e-04 | 1
  4, 12 |   9.1684317083712383e-04 |   9.1684317083712383e-04 | 1
  4, 13 |  -3.5499968198437982e-04 |  -3.5499968198437982e-04 | 1
  4, 14 |   3.8806360273390245e-03 |   3.8806360273390245e-03 | 1
  4, 15 |   4.3889667332230138e-03 |   4.3889667332230138e-03 | 1
  5,  1 |   7.7282064616952337e-03 |   7.7282064616952337e-03 | 1
  5,  2 |   4.5447857499638887e-03 |   4.5447857499638887e-03 | 1
  5,  3 |   3.1497651329970253e+01 |   3.1497651329970253e+01 | 1
  5,  4 |   8.4421381161164997e-04 |   8.4421381161164997e-04 | 1
  5,  5 |   1.5629626919263045e-02 |   1.5629626919263045e-02 | 1
  5,  6 |   1.3001215501991273e-02 |   1.3001215501991273e-02 | 1
  5,  7 |   1.5212902066233134e-02 |   1.5212902066233134e-02 | 1
  5,  8 |   3.8613428959934680e-03 |   3.8613428959934680e-03 | 1
  5,  9 |  -3.4401090678703089e-04 |  -3.4401090678703089e-04 | 1
  5, 10 |  -7.8705944874956600e-03 |  -7.8705944874956600e-03 | 1
  5, 11 |  -4.2374303979721790e-03 |  -4.2374303979721790e-03 | 1
  5, 12 |  -6.6595960367392473e-03 |  -6.6595960367392473e-03 | 1
  5, 13 |  -8.2394286841688570e-03 |  -8.2394286841688570e-03 | 1
  5, 14 |   9.3051108444545186e-03 |   9.3051108444545186e-03 | 1
  5, 15 |  -5.3223921825626148e-03 |  -5.3223921825626148e-03 | 1
  6,  1 |   8.3833404323902065e-03 |   8.3833404323902065e-03 | 1
  6,  2 |   4.6730544494170403e-03 |   4.6730544494170403e-03 | 1
  6,  3 |   1.6455334524021637e+01 |   1.6455334524021637e+01 | 1
  6,  4 |   1.4463263936281981e-02 |   1.4463263936281981e-02 | 1
  6,  5 |   1.3001215501991273e-02 |   1.3001215501991273e-02 | 1
  6,  6 |   2.1215734264576264e-02 |   2.1215734264576264e-02 | 1
  6,  7 |   1.3625003332271478e-02 |   1.3625003332271478e-02 | 1
  6,  8 |   4.1449527133114970e-03 |   4.1449527133114970e-03 | 1
  6,  9 |   6.0945195046538002e-04 |   6.0945195046538002e-04 | 1
  6, 10 |  -1.4958729917019142e-02 |  -1.4958729917019142e-02 | 1
  6, 11 |  -4.2724650738071718e-03 |  -4.2724650738071718e-03 | 1
  6, 12 |  -6.1174895024076886e-03 |  -6.1174895024076886e-03 | 1
  6, 13 |  -7.9951962458072526e-03 |  -7.9951962458072526e-03 | 1
  6, 14 |   9.5013458924660052e-03 |   9.5013458924660052e-03 | 1
  6, 15 |  -6.5494928891343344e-03 |  -6.5494928891343344e-03 | 1
  7,  1 |   8.2154926173163105e-03 |   8.2154926173163105e-03 | 1
  7,  2 |   4.6807651964049235e-03 |   4.6807651964049235e-03 | 1
  7,  3 |   3.0752485359672697e+01 |   3.0752485359672697e+01 | 1
  7,  4 |   2.1117228302363995e-03 |   2.1117228302363995e-03 | 1
  7,  5 |   1.5212902066233134e-02 |   1.5212902066233134e-02 | 1
  7,  6 |   1.3625003332271478e-02 |   1.3625003332271478e-02 | 1
  7,  7 |   1.8308842078693637e-02 |   1.8308842078693637e-02 | 1
  7,  8 |   3.9506508992024954e-03 |   3.9506508992024954e-03 | 1
  7,  9 |  -6.3276263250703702e-04 |  -6.3276263250703702e-04 | 1
  7, 10 |  -1.1254591745860319e-02 |  -1.1254591745860319e-02 | 1
  7, 11 |  -4.0828791093132730e-03 |  -4.0828791093132730e-03 | 1
  7, 12 |  -6.7191564811025957e-03 |  -6.7191564811025957e-03 | 1
  7, 13 |  -8.4737847440382250e-03 |  -8.4737847440382250e-03 | 1
  7, 14 |   1.0402771293399109e-02 |   1.0402771293399109e-02 | 1
  7, 15 |  -7.7109705440681969e-03 |  -7.7109705440681969e-03 | 1
  8,  1 |   2.3230449309815269e-03 |   2.3230449309815269e-03 | 1
  8,  2 |  -1.0170452027536687e-03 |  -1.0170452027536687e-03 | 1
  8,  3 |   9.2946411608349884e+00 |   9.2946411608349884e+00 | 1
  8,  4 |  -1.8409478646693495e-03 |  -1.8409478646693495e-03 | 1
  8,  5 |   3.8613428959934680e-03 |   3.8613428959934680e-03 | 1
  8,  6 |   4.1449527133114970e-03 |   4.1449527133114970e-03 | 1
  8,  7 |   3.9506508992024954e-03 |   3.9506508992024954e-03 | 1
  8,  8 |   2.3076317113248168e-03 |   2.3076317113248168e-03 | 1
  8,  9 |  -4.3854509978415699e-04 |  -4.3854509978415699e-04 | 1
  8, 10 |  -1.2641841819524473e-02 |  -1.2641841819524473e-02 | 1
  8, 11 |  -1.1948427349508530e-03 |  -1.1948427349508530e-03 | 1
  8, 12 |  -1.8264790228598848e-03 |  -1.8264790228598848e-03 | 1
  8, 13 |  -2.8249654142450398e-03 |  -2.8249654142450398e-03 | 1
  8, 14 |   2.2691879070978770e-03 |   2.2691879070978770e-03 | 1
  8, 15 |  -6.0176436989129965e-03 |  -6.0176436989129965e-03 | 1
  9,  1 |  -3.8441289977402329e-04 |  -3.8441289977402329e-04 | 1
  9,  2 |   2.6883691567722144e-04 |   2.6883691567722144e-04 | 1
  9,  3 |  -8.2465230707100423e-01 |  -8.2465230707100423e-01 | 1
  9,  4 |  -4.6740621438537897e-03 |  -4.6740621438537897e-03 | 1
  9,  5 |  -3.4401090678703089e-04 |  -3.4401090678703089e-04 | 1
  9,  6 |   6.0945195046538002e-04 |   6.0945195046538002e-04 | 1
  9,  7 |  -6.3276263250703702e-04 |  -6.3276263250703702e-04 | 1
  9,  8 |  -4.3854509978415699e-04 |  -4.3854509978415699e-04 | 1
  9,  9 |   3.1709537347696481e-03 |   3.1709537347696481e-03 | 1
  9, 10 |  -7.8045730369485228e-03 |  -7.8045730369485228e-03 | 1
  9, 11 |  -2.7657581992569428e-04 |  -2.7657581992569428e-04 | 1
  9, 12 |  -3.0671559352824776e-04 |  -3.0671559352824776e-04 | 1
  9, 13 |   2.1432600488300820e-04 |   2.1432600488300820e-04 | 1
  9, 14 |  -4.6512261828102152e-05 |  -4.6512261828102152e-05 | 1
  9, 15 |   2.5921615954354548e-03 |   2.5921615954354548e-03 | 1
 10,  1 |  -7.7766763457224669e-03 |  -7.7766763457224669e-03 | 1
 10,  2 |   1.4163697558560664e-02 |   1.4163697558560664e-02 | 1
 10,  3 |  -3.4381734271908719e+01 |  -3.4381734271908719e+01 | 1
 10,  4 |   3.2447501845270635e-02 |   3.2447501845270635e-02 | 1
 10,  5 |  -7.8705944874956600e-03 |  -7.8705944874956600e-03 | 1
 10,  6 |  -1.4958729917019142e-02 |  -1.4958729917019142e-02 | 1
 10,  7 |  -1.1254591745860319e-02 |  -1.1254591745860319e-02 | 1
 10,  8 |  -1.2641841819524473e-02 |  -1.2641841819524473e-02 | 1
 10,  9 |  -7.8045730369485228e-03 |  -7.8045730369485228e-03 | 1
 10, 10 |   1.6386837563825282e-01 |   1.6386837563825282e-01 | 1
 10, 11 |   4.0746867387822273e-03 |   4.0746867387822273e-03 | 1
 10, 12 |   5.6909243782371456e-03 |   5.6909243782371456e-03 | 1
 10, 13 |   1.0743873279891323e-02 |   1.0743873279891323e-02 | 1
 10, 14 |  -6.4552162537762775e-03 |  -6.4552162537762775e-03 | 1
 10, 15 |   4.4914309255930353e-02 |   4.4914309255930353e-02 | 1
 11,  1 |  -2.2380321623734359e-03 |  -2.2380321623734359e-03 | 1
 11,  2 |  -9.4626971255191853e-04 |  -9.4626971255191853e-04 | 1
 11,  3 |  -8.5121694126142042e+00 |  -8.5121694126142042e+00 | 1
 11,  4 |   1.3111124215505631e-04 |   1.3111124215505631e-04 | 1
 11,  5 |  -4.2374303979721790e-03 |  -4.2374303979721790e-03 | 1
 11,  6 |  -4.2724650738071718e-03 |  -4.2724650738071718e-03 | 1
 11,  7 |  -4.0828791093132730e-03 |  -4.0828791093132730e-03 | 1
 11,  8 |  -1.1948427349508530e-03 |  -1.1948427349508530e-03 | 1
 11,  9 |  -2.7657581992569428e-04 |  -2.7657581992569428e-04 | 1
 11, 10 |   4.0746867387822273e-03 |   4.0746867387822273e-03 | 1
 11, 11 |   1.3490651461272811e-03 |   1.3490651461272811e-03 | 1
 11, 12 |   1.9318378050416664e-03 |   1.9318378050416664e-03 | 1
 11, 13 |   2.4224317563509958e-03 |   2.4224317563509958e-03 | 1
 11, 14 |  -2.6584112364985107e-03 |  -2.6584112364985107e-03 | 1
 11, 15 |   1.7888595313769347e-03 |   1.7888595313769347e-03 | 1
 12,  1 |  -3.4104656955455995e-03 |  -3.4104656955455995e-03 | 1
 12,  2 |  -1.5615916655702694e-03 |  -1.5615916655702694e-03 | 1
 12,  3 |  -1.3828000719532010e+01 |  -1.3828000719532010e+01 | 1
 12,  4 |   9.1684317083712383e-04 |   9.1684317083712383e-04 | 1
 12,  5 |  -6.6595960367392473e-03 |  -6.6595960367392473e-03 | 1
 12,  6 |  -6.1174895024076886e-03 |  -6.1174895024076886e-03 | 1
 12,  7 |  -6.7191564811025957e-03 |  -6.7191564811025957e-03 | 1
 12,  8 |  -1.8264790228598848e-03 |  -1.8264790228598848e-03 | 1
 12,  9 |  -3.0671559352824776e-04 |  -3.0671559352824776e-04 | 1
 12, 10 |   5.6909243782371456e-03 |   5.6909243782371456e-03 | 1
 12, 11 |   1.9318378050416664e-03 |   1.9318378050416664e-03 | 1
 12, 12 |   3.0683156460116880e-03 |   3.0683156460116880e-03 | 1
 12, 13 |   3.7872458401713880e-03 |   3.7872458401713880e-03 | 1
 12, 14 |  -4.0995121553249574e-03 |  -4.0995121553249574e-03 | 1
 12, 15 |   2.6254634442322115e-03 |   2.6254634442322115e-03 | 1
 13,  1 |  -4.4658195560556019e-03 |  -4.4658195560556019e-03 | 1
 13,  2 |  -1.1045434853119685e-03 |  -1.1045434853119685e-03 | 1
 13,  3 |  -1.7295022108864920e+01 |  -1.7295022108864920e+01 | 1
 13,  4 |  -3.5499968198437982e-04 |  -3.5499968198437982e-04 | 1
 13,  5 |  -8.2394286841688570e-03 |  -8.2394286841688570e-03 | 1
 13,  6 |  -7.9951962458072526e-03 |  -7.9951962458072526e-03 | 1
 13,  7 |  -8.4737847440382250e-03 |  -8.4737847440382250e-03 | 1
 13,  8 |  -2.8249654142450398e-03 |  -2.8249654142450398e-03 | 1
 13,  9 |   2.1432600488300820e-04 |   2.1432600488300820e-04 | 1
 13, 10 |   1.0743873279891323e-02 |   1.0743873279891323e-02 | 1
 13, 11 |   2.4224317563509958e-03 |   2.4224317563509958e-03 | 1
 13, 12 |   3.7872458401713880e-03 |   3.7872458401713880e-03 | 1
 13, 13 |   5.2099986396576111e-03 |   5.2099986396576111e-03 | 1
 13, 14 |  -5.0389712838039887e-03 |  -5.0389712838039887e-03 | 1
 13, 15 |   5.5082816584937772e-03 |   5.5082816584937772e-03 | 1
 14,  1 |   5.8765082955940483e-03 |   5.8765082955940483e-03 | 1
 14,  2 |   3.3245301000072651e-03 |   3.3245301000072651e-03 | 1
 14,  3 |   1.7250357317686884e+01 |   1.7250357317686884e+01 | 1
 14,  4 |   3.8806360273390245e-03 |   3.8806360273390245e-03 | 1
 14,  5 |   9.3051108444545186e-03 |   9.3051108444545186e-03 | 1
 14,  6 |   9.5013458924660052e-03 |   9.5013458924660052e-03 | 1
 14,  7 |   1.0402771293399109e-02 |   1.0402771293399109e-02 | 1
 14,  8 |   2.2691879070978770e-03 |   2.2691879070978770e-03 | 1
 14,  9 |  -4.6512261828102152e-05 |  -4.6512261828102152e-05 | 1
 14, 10 |  -6.4552162537762775e-03 |  -6.4552162537762775e-03 | 1
 14, 11 |  -2.6584112364985107e-03 |  -2.6584112364985107e-03 | 1
 14, 12 |  -4.0995121553249574e-03 |  -4.0995121553249574e-03 | 1
 14, 13 |  -5.0389712838039887e-03 |  -5.0389712838039887e-03 | 1
 14, 14 |   7.2776999445055713e-03 |   7.2776999445055713e-03 | 1
 14, 15 |  -4.7469308978062277e-03 |  -4.7469308978062277e-03 | 1
 15,  1 |  -5.2887609665037989e-03 |  -5.2887609665037989e-03 | 1
 15,  2 |   5.8412955653930222e-03 |   5.8412955653930222e-03 | 1
 15,  3 |  -1.7791526481093683e+01 |  -1.7791526481093683e+01 | 1
 15,  4 |   4.3889667332230138e-03 |   4.3889667332230138e-03 | 1
 15,  5 |  -5.3223921825626148e-03 |  -5.3223921825626148e-03 | 1
 15,  6 |  -6.5494928891343344e-03 |  -6.5494928891343344e-03 | 1
 15,  7 |  -7.7109705440681969e-03 |  -7.7109705440681969e-03 | 1
 15,  8 |  -6.0176436989129965e-03 |  -6.0176436989129965e-03 | 1
 15,  9 |   2.5921615954354548e-03 |   2.5921615954354548e-03 | 1
 15, 10 |   4.4914309255930353e-02 |   4.4914309255930353e-02 | 1
 15, 11 |   1.7888595313769347e-03 |   1.7888595313769347e-03 | 1
 15, 12 |   2.6254634442322115e-03 |   2.6254634442322115e-03 | 1
 15, 13 |   5.5082816584937772e-03 |   5.5082816584937772e-03 | 1
 15, 14 |  -4.7469308978062277e-03 |  -4.7469308978062277e-03 | 1
 15, 15 |   2.3091526306715102e-02 |   2.3091526306715102e-02 | 1
