row,col | V_base                   | V_new                    | equal
  1,  1 |   3.9496421731397506e-04 |   3.9496421731397506e-04 | 1
  1,  2 |   1.8768338327235057e-03 |   1.8768338327235057e-03 | 1
  1,  3 |   2.6148156637009138e-04 |   2.6148156637009138e-04 | 1
  1,  4 |   1.3266455592203681e-04 |   1.3266455592203681e-04 | 1
  1,  5 |  -2.9087479639630984e-04 |  -2.9087479639630984e-04 | 1
  1,  6 |   5.7753359951490463e-05 |   5.7753359951490463e-05 | 1
  2,  1 |   1.8768338327235057e-03 |   1.8768338327235057e-03 | 1
  2,  2 |   2.1882882499795555e-02 |   2.1882882499795555e-02 | 1
  2,  3 |   1.6819059705065688e-03 |   1.6819059705065688e-03 | 1
  2,  4 |   9.4141431977839832e-04 |   9.4141431977839832e-04 | 1
  2,  5 |  -5.1521183290110049e-03 |  -5.1521183290110049e-03 | 1
  2,  6 |  -4.9719824784912221e-04 |  -4.9719824784912221e-04 | 1
  3,  1 |   2.6148156637009138e-04 |   2.6148156637009138e-04 | 1
  3,  2 |   1.6819059705065688e-03 |   1.6819059705065688e-03 | 1
  3,  3 |   8.5237639446784121e-03 |   8.5237639446784121e-03 | 1
  3,  4 |   1.6068373331948441e-04 |   1.6068373331948441e-04 | 1
  3,  5 |  -1.4089446478065339e-04 |  -1.4089446478065339e-04 | 1
  3,  6 |   1.3623431080257318e-04 |   1.3623431080257318e-04 | 1
  4,  1 |   1.3266455592203681e-04 |   1.3266455592203681e-04 | 1
  4,  2 |   9.4141431977839832e-04 |   9.4141431977839832e-04 | 1
  4,  3 |   1.6068373331948441e-04 |   1.6068373331948441e-04 | 1
  4,  4 |   3.6076690533445770e-03 |   3.6076690533445770e-03 | 1
  4,  5 |  -9.5972708756219034e-05 |  -9.5972708756219034e-05 | 1
  4,  6 |   6.3554240483814850e-05 |   6.3554240483814850e-05 | 1
  5,  1 |  -2.9087479639630984e-04 |  -2.9087479639630984e-04 | 1
  5,  2 |  -5.1521183290110049e-03 |  -5.1521183290110049e-03 | 1
  5,  3 |  -1.4089446478065339e-04 |  -1.4089446478065339e-04 | 1
  5,  4 |  -9.5972708756219034e-05 |  -9.5972708756219034e-05 | 1
  5,  5 |   3.8852842944389408e-03 |   3.8852842944389408e-03 | 1
  5,  6 |   3.4278367452740717e-04 |   3.4278367452740717e-04 | 1
  6,  1 |   5.7753359951490463e-05 |   5.7753359951490463e-05 | 1
  6,  2 |  -4.9719824784912221e-04 |  -4.9719824784912221e-04 | 1
  6,  3 |   1.3623431080257318e-04 |   1.3623431080257318e-04 | 1
  6,  4 |   6.3554240483814850e-05 |   6.3554240483814850e-05 | 1
  6,  5 |   3.4278367452740717e-04 |   3.4278367452740717e-04 | 1
  6,  6 |   3.4599531235241377e-04 |   3.4599531235241377e-04 | 1
