row,col | V_base                   | V_new                    | equal
  1,  1 |   3.2134988678628740e-03 |   3.2134988678628740e-03 | 1
  1,  2 |  -1.4228364086074287e-03 |  -1.4228364086074287e-03 | 1
  1,  3 |   1.3647429077047747e-04 |   1.3647429077047747e-04 | 1
  1,  4 |   8.7861093103247555e-04 |   8.7861093103247555e-04 | 1
  1,  5 |   1.7322641016562928e-03 |   1.7322641016562928e-03 | 1
  1,  6 |  -6.3258482192766574e-04 |  -6.3258482192766574e-04 | 1
  2,  1 |  -1.4228364086074287e-03 |  -1.4228364086074287e-03 | 1
  2,  2 |   1.7802827281521161e-03 |   1.7802827281521161e-03 | 1
  2,  3 |  -2.0295666159546536e-04 |  -2.0295666159546536e-04 | 1
  2,  4 |   4.9331058882316043e-04 |   4.9331058882316043e-04 | 1
  2,  5 |  -5.6307567610404277e-04 |  -5.6307567610404277e-04 | 1
  2,  6 |   1.0125439802257381e-03 |   1.0125439802257381e-03 | 1
  3,  1 |   1.3647429077047747e-04 |   1.3647429077047747e-04 | 1
  3,  2 |  -2.0295666159546536e-04 |  -2.0295666159546536e-04 | 1
  3,  3 |   3.6023408578736510e-02 |   3.6023408578736510e-02 | 1
  3,  4 |  -2.0988106986711136e-03 |  -2.0988106986711136e-03 | 1
  3,  5 |   2.7089098887566878e-03 |   2.7089098887566878e-03 | 1
  3,  6 |   3.3981285847809237e-04 |   3.3981285847809237e-04 | 1
  4,  1 |   8.7861093103247555e-04 |   8.7861093103247555e-04 | 1
  4,  2 |   4.9331058882316043e-04 |   4.9331058882316043e-04 | 1
  4,  3 |  -2.0988106986711136e-03 |  -2.0988106986711136e-03 | 1
  4,  4 |   1.6317561320813854e-03 |   1.6317561320813854e-03 | 1
  4,  5 |   9.9909436773835481e-04 |   9.9909436773835481e-04 | 1
  4,  6 |   3.5423949882134193e-04 |   3.5423949882134193e-04 | 1
  5,  1 |   1.7322641016562928e-03 |   1.7322641016562928e-03 | 1
  5,  2 |  -5.6307567610404277e-04 |  -5.6307567610404277e-04 | 1
  5,  3 |   2.7089098887566878e-03 |   2.7089098887566878e-03 | 1
  5,  4 |   9.9909436773835481e-04 |   9.9909436773835481e-04 | 1
  5,  5 |   5.7042454076230049e-03 |   5.7042454076230049e-03 | 1
  5,  6 |  -1.1552900174972018e-03 |  -1.1552900174972018e-03 | 1
  6,  1 |  -6.3258482192766574e-04 |  -6.3258482192766574e-04 | 1
  6,  2 |   1.0125439802257381e-03 |   1.0125439802257381e-03 | 1
  6,  3 |   3.3981285847809237e-04 |   3.3981285847809237e-04 | 1
  6,  4 |   3.5423949882134193e-04 |   3.5423949882134193e-04 | 1
  6,  5 |  -1.1552900174972018e-03 |  -1.1552900174972018e-03 | 1
  6,  6 |   1.8183674565312991e-03 |   1.8183674565312991e-03 | 1
