row,col | V_base                   | V_new                    | equal
  1,  1 |   1.2586749478437540e-03 |   1.2586749478437540e-03 | 1
  1,  2 |  -4.6817142908736367e+00 |  -4.6817142908736367e+00 | 1
  1,  3 |   1.4728179317513098e-03 |   1.4728179317513098e-03 | 1
  1,  4 |  -4.0998467962000660e-04 |  -4.0998467962000660e-04 | 1
  1,  5 |  -8.7288318629253432e-04 |  -8.7288318629253432e-04 | 1
  1,  6 |  -6.4226922821155035e-04 |  -6.4226922821155035e-04 | 1
  2,  1 |  -4.6817142908736367e+00 |  -4.6817142908736367e+00 | 1
  2,  2 |   6.1159694290230676e+04 |   6.1159694290230676e+04 | 1
  2,  3 |   1.1579348205493943e+01 |   1.1579348205493943e+01 | 1
  2,  4 |   3.5424839774810596e-01 |   3.5424839774810596e-01 | 1
  2,  5 |   1.4386414640835216e+01 |   1.4386414640835216e+01 | 1
  2,  6 |   3.9371551086834176e+00 |   3.9371551086834176e+00 | 1
  3,  1 |   1.4728179317513098e-03 |   1.4728179317513098e-03 | 1
  3,  2 |   1.1579348205493943e+01 |   1.1579348205493943e+01 | 1
  3,  3 |   3.0399050110714872e-02 |   3.0399050110714872e-02 | 1
  3,  4 |  -1.9679780349174296e-03 |  -1.9679780349174296e-03 | 1
  3,  5 |   3.6650676391875889e-03 |   3.6650676391875889e-03 | 1
  3,  6 |  -6.0353102264987116e-04 |  -6.0353102264987116e-04 | 1
  4,  1 |  -4.0998467962000660e-04 |  -4.0998467962000660e-04 | 1
  4,  2 |   3.5424839774810596e-01 |   3.5424839774810596e-01 | 1
  4,  3 |  -1.9679780349174296e-03 |  -1.9679780349174296e-03 | 1
  4,  4 |   7.2784924004164501e-04 |   7.2784924004164501e-04 | 1
  4,  5 |  -5.5619074644509608e-04 |  -5.5619074644509608e-04 | 1
  4,  6 |   7.7371649210759125e-04 |   7.7371649210759125e-04 | 1
  5,  1 |  -8.7288318629253432e-04 |  -8.7288318629253432e-04 | 1
  5,  2 |   1.4386414640835216e+01 |   1.4386414640835216e+01 | 1
  5,  3 |   3.6650676391875889e-03 |   3.6650676391875889e-03 | 1
  5,  4 |  -5.5619074644509608e-04 |  -5.5619074644509608e-04 | 1
  5,  5 |   5.3793749721593020e-03 |   5.3793749721593020e-03 | 1
  5,  6 |   8.6931163145381494e-05 |   8.6931163145381494e-05 | 1
  6,  1 |  -6.4226922821155035e-04 |  -6.4226922821155035e-04 | 1
  6,  2 |   3.9371551086834176e+00 |   3.9371551086834176e+00 | 1
  6,  3 |  -6.0353102264987116e-04 |  -6.0353102264987116e-04 | 1
  6,  4 |   7.7371649210759125e-04 |   7.7371649210759125e-04 | 1
  6,  5 |   8.6931163145381494e-05 |   8.6931163145381494e-05 | 1
  6,  6 |   1.9291140280816184e-03 |   1.9291140280816184e-03 | 1
