row,col | V_base                   | V_new                    | equal
  1,  1 |   1.1400950485588266e-02 |   1.1400950485588266e-02 | 1
  1,  2 |   5.0435918271819896e-03 |   5.0435918271819896e-03 | 1
  1,  3 |   2.6382015442014875e+01 |   2.6382015442014875e+01 | 1
  1,  4 |   6.5672100668486954e-03 |   6.5672100668486954e-03 | 1
  1,  5 |   1.6114488915977568e-02 |   1.6114488915977568e-02 | 1
  1,  6 |   1.4254632531948724e-02 |   1.4254632531948724e-02 | 1
  1,  7 |   1.6362111570827440e-02 |   1.6362111570827440e-02 | 1
  1,  8 |   4.7510782942539170e-03 |   4.7510782942539170e-03 | 1
  1,  9 |  -2.0260609550979847e-03 |  -2.0260609550979847e-03 | 1
  1, 10 |  -5.5622570783674247e-03 |  -5.5622570783674247e-03 | 1
  1, 11 |  -3.5363265086611117e-03 |  -3.5363265086611117e-03 | 1
  1, 12 |  -5.6722013912131643e-03 |  -5.6722013912131643e-03 | 1
  1, 13 |  -7.8519646618031604e-03 |  -7.8519646618031604e-03 | 1
  1, 14 |  -1.9827889830082220e-06 |  -1.9827889830082220e-06 | 1
  1, 15 |   1.1080874085851407e-02 |   1.1080874085851407e-02 | 1
  1, 16 |  -1.0030872875045281e-02 |  -1.0030872875045281e-02 | 1
  2,  1 |   5.0435918271819896e-03 |   5.0435918271819896e-03 | 1
  2,  2 |   7.0332656400690268e-03 |   7.0332656400690268e-03 | 1
  2,  3 |   9.4419234668719731e+00 |   9.4419234668719731e+00 | 1
  2,  4 |   9.6904579098373717e-03 |   9.6904579098373717e-03 | 1
  2,  5 |   8.6649824269009815e-03 |   8.6649824269009815e-03 | 1
  2,  6 |   8.1458160013352966e-03 |   8.1458160013352966e-03 | 1
  2,  7 |   8.8013857843400635e-03 |   8.8013857843400635e-03 | 1
  2,  8 |   2.3427126998696587e-04 |   2.3427126998696587e-04 | 1
  2,  9 |  -4.9255327155677030e-04 |  -4.9255327155677030e-04 | 1
  2, 10 |   1.5409987781292857e-02 |   1.5409987781292857e-02 | 1
  2, 11 |  -1.6995884986377844e-03 |  -1.6995884986377844e-03 | 1
  2, 12 |  -2.8730663887455840e-03 |  -2.8730663887455840e-03 | 1
  2, 13 |  -3.0615906955747526e-03 |  -3.0615906955747526e-03 | 1
  2, 14 |  -7.8979696075231595e-07 |  -7.8979696075231595e-07 | 1
  2, 15 |   5.9753652445001092e-03 |   5.9753652445001092e-03 | 1
  2, 16 |   3.1941476934417329e-03 |   3.1941476934417329e-03 | 1
  3,  1 |   2.6382015442014875e+01 |   2.6382015442014875e+01 | 1
  3,  2 |   9.4419234668719731e+00 |   9.4419234668719731e+00 | 1
  3,  3 |   1.2125857027721316e+05 |   1.2125857027721316e+05 | 1
  3,  4 |  -2.9123222999766270e+01 |  -2.9123222999766270e+01 | 1
  3,  5 |   4.6058315466150233e+01 |   4.6058315466150233e+01 | 1
  3,  6 |   2.0218216979704152e+01 |   2.0218216979704152e+01 | 1
  3,  7 |   4.3690656806550905e+01 |   4.3690656806550905e+01 | 1
  3,  8 |   1.3103439599569423e+01 |   1.3103439599569423e+01 | 1
  3,  9 |  -5.3763035940534554e+00 |  -5.3763035940534554e+00 | 1
  3, 10 |  -2.0363300198472988e+01 |  -2.0363300198472988e+01 | 1
  3, 11 |  -9.3982063392594970e+00 |  -9.3982063392594970e+00 | 1
  3, 12 |  -1.5771249764217087e+01 |  -1.5771249764217087e+01 | 1
  3, 13 |  -2.0592464957345165e+01 |  -2.0592464957345165e+01 | 1
  3, 14 |  -5.3944898753207123e-03 |  -5.3944898753207123e-03 | 1
  3, 15 |   2.5660324407466213e+01 |   2.5660324407466213e+01 | 1
  3, 16 |  -2.6236519268301855e+01 |  -2.6236519268301855e+01 | 1
  4,  1 |   6.5672100668486954e-03 |   6.5672100668486954e-03 | 1
  4,  2 |   9.6904579098373717e-03 |   9.6904579098373717e-03 | 1
  4,  3 |  -2.9123222999766270e+01 |  -2.9123222999766270e+01 | 1
  4,  4 |   7.3696444694462016e-02 |   7.3696444694462016e-02 | 1
  4,  5 |   5.4624426914220347e-03 |   5.4624426914220347e-03 | 1
  4,  6 |   1.8180766666669842e-02 |   1.8180766666669842e-02 | 1
  4,  7 |   6.9373983952405061e-03 |   6.9373983952405061e-03 | 1
  4,  8 |  -3.1933264956941136e-04 |  -3.1933264956941136e-04 | 1
  4,  9 |  -5.1194397006119876e-03 |  -5.1194397006119876e-03 | 1
  4, 10 |   3.9642298679157244e-02 |   3.9642298679157244e-02 | 1
  4, 11 |  -1.0157096835333368e-03 |  -1.0157096835333368e-03 | 1
  4, 12 |  -1.1328071726567782e-03 |  -1.1328071726567782e-03 | 1
  4, 13 |  -3.0618887442712562e-03 |  -3.0618887442712562e-03 | 1
  4, 14 |  -4.2348596208216252e-07 |  -4.2348596208216252e-07 | 1
  4, 15 |   6.7209884391201359e-03 |   6.7209884391201359e-03 | 1
  4, 16 |   2.0095240069997657e-03 |   2.0095240069997657e-03 | 1
  5,  1 |   1.6114488915977568e-02 |   1.6114488915977568e-02 | 1
  5,  2 |   8.6649824269009815e-03 |   8.6649824269009815e-03 | 1
  5,  3 |   4.6058315466150233e+01 |   4.6058315466150233e+01 | 1
  5,  4 |   5.4624426914220347e-03 |   5.4624426914220347e-03 | 1
  5,  5 |   2.6030736048834924e-02 |   2.6030736048834924e-02 | 1
  5,  6 |   1.9842935221332778e-02 |   1.9842935221332778e-02 | 1
  5,  7 |   2.5302436401339098e-02 |   2.5302436401339098e-02 | 1
  5,  8 |   6.7815167656438465e-03 |   6.7815167656438465e-03 | 1
  5,  9 |  -2.9857165980634714e-03 |  -2.9857165980634714e-03 | 1
  5, 10 |  -2.7130737253857728e-04 |  -2.7130737253857728e-04 | 1
  5, 11 |  -5.4976601706425371e-03 |  -5.4976601706425371e-03 | 1
  5, 12 |  -8.9635421420614213e-03 |  -8.9635421420614213e-03 | 1
  5, 13 |  -1.1929526115076573e-02 |  -1.1929526115076573e-02 | 1
  5, 14 |  -3.0762437889956189e-06 |  -3.0762437889956189e-06 | 1
  5, 15 |   1.5890618005313620e-02 |   1.5890618005313620e-02 | 1
  5, 16 |  -1.1348858911135122e-02 |  -1.1348858911135122e-02 | 1
  6,  1 |   1.4254632531948724e-02 |   1.4254632531948724e-02 | 1
  6,  2 |   8.1458160013352966e-03 |   8.1458160013352966e-03 | 1
  6,  3 |   2.0218216979704152e+01 |   2.0218216979704152e+01 | 1
  6,  4 |   1.8180766666669842e-02 |   1.8180766666669842e-02 | 1
  6,  5 |   1.9842935221332778e-02 |   1.9842935221332778e-02 | 1
  6,  6 |   2.5617316783177909e-02 |   2.5617316783177909e-02 | 1
  6,  7 |   2.0256089561901038e-02 |   2.0256089561901038e-02 | 1
  6,  8 |   5.7736994248547150e-03 |   5.7736994248547150e-03 | 1
  6,  9 |  -1.1915015529417262e-03 |  -1.1915015529417262e-03 | 1
  6, 10 |  -8.3396066271989380e-03 |  -8.3396066271989380e-03 | 1
  6, 11 |  -4.8821866102160029e-03 |  -4.8821866102160029e-03 | 1
  6, 12 |  -7.3006201964954326e-03 |  -7.3006201964954326e-03 | 1
  6, 13 |  -9.9662389914370458e-03 |  -9.9662389914370458e-03 | 1
  6, 14 |  -2.4590864371447881e-06 |  -2.4590864371447881e-06 | 1
  6, 15 |   1.3999107911007915e-02 |   1.3999107911007915e-02 | 1
  6, 16 |  -9.5773833779333843e-03 |  -9.5773833779333843e-03 | 1
  7,  1 |   1.6362111570827440e-02 |   1.6362111570827440e-02 | 1
  7,  2 |   8.8013857843400635e-03 |   8.8013857843400635e-03 | 1
  7,  3 |   4.3690656806550905e+01 |   4.3690656806550905e+01 | 1
  7,  4 |   6.9373983952405061e-03 |   6.9373983952405061e-03 | 1
  7,  5 |   2.5302436401339098e-02 |   2.5302436401339098e-02 | 1
  7,  6 |   2.0256089561901038e-02 |   2.0256089561901038e-02 | 1
  7,  7 |   2.7627818985422797e-02 |   2.7627818985422797e-02 | 1
  7,  8 |   6.7259719505442152e-03 |   6.7259719505442152e-03 | 1
  7,  9 |  -3.1807664337183002e-03 |  -3.1807664337183002e-03 | 1
  7, 10 |  -3.2519460166264562e-03 |  -3.2519460166264562e-03 | 1
  7, 11 |  -5.2571934875692838e-03 |  -5.2571934875692838e-03 | 1
  7, 12 |  -8.8784117009493499e-03 |  -8.8784117009493499e-03 | 1
  7, 13 |  -1.1909667261166833e-02 |  -1.1909667261166833e-02 | 1
  7, 14 |  -3.0635026725348517e-06 |  -3.0635026725348517e-06 | 1
  7, 15 |   1.6703853086494636e-02 |   1.6703853086494636e-02 | 1
  7, 16 |  -1.3143117721344799e-02 |  -1.3143117721344799e-02 | 1
  8,  1 |   4.7510782942539170e-03 |   4.7510782942539170e-03 | 1
  8,  2 |   2.3427126998696587e-04 |   2.3427126998696587e-04 | 1
  8,  3 |   1.3103439599569423e+01 |   1.3103439599569423e+01 | 1
  8,  4 |  -3.1933264956941136e-04 |  -3.1933264956941136e-04 | 1
  8,  5 |   6.7815167656438465e-03 |   6.7815167656438465e-03 | 1
  8,  6 |   5.7736994248547150e-03 |   5.7736994248547150e-03 | 1
  8,  7 |   6.7259719505442152e-03 |   6.7259719505442152e-03 | 1
  8,  8 |   3.1188244848105178e-03 |   3.1188244848105178e-03 | 1
  8,  9 |  -1.2013480203289734e-03 |  -1.2013480203289734e-03 | 1
  8, 10 |  -1.0904454270021020e-02 |  -1.0904454270021020e-02 | 1
  8, 11 |  -1.5093984630812369e-03 |  -1.5093984630812369e-03 | 1
  8, 12 |  -2.4088145759199550e-03 |  -2.4088145759199550e-03 | 1
  8, 13 |  -3.7492268633818331e-03 |  -3.7492268633818331e-03 | 1
  8, 14 |  -9.2332179319685287e-07 |  -9.2332179319685287e-07 | 1
  8, 15 |   4.0772367742440401e-03 |   4.0772367742440401e-03 | 1
  8, 16 |  -7.6029492477758314e-03 |  -7.6029492477758314e-03 | 1
  9,  1 |  -2.0260609550979847e-03 |  -2.0260609550979847e-03 | 1
  9,  2 |  -4.9255327155677030e-04 |  -4.9255327155677030e-04 | 1
  9,  3 |  -5.3763035940534554e+00 |  -5.3763035940534554e+00 | 1
  9,  4 |  -5.1194397006119876e-03 |  -5.1194397006119876e-03 | 1
  9,  5 |  -2.9857165980634714e-03 |  -2.9857165980634714e-03 | 1
  9,  6 |  -1.1915015529417262e-03 |  -1.1915015529417262e-03 | 1
  9,  7 |  -3.1807664337183002e-03 |  -3.1807664337183002e-03 | 1
  9,  8 |  -1.2013480203289734e-03 |  -1.2013480203289734e-03 | 1
  9,  9 |   3.8110240359716758e-03 |   3.8110240359716758e-03 | 1
  9, 10 |  -1.4703039783505342e-02 |  -1.4703039783505342e-02 | 1
  9, 11 |   2.6902726008104494e-04 |   2.6902726008104494e-04 | 1
  9, 12 |   6.8880779439654425e-04 |   6.8880779439654425e-04 | 1
  9, 13 |   1.5314549230410752e-03 |   1.5314549230410752e-03 | 1
  9, 14 |   2.8888894368140203e-07 |   2.8888894368140203e-07 | 1
  9, 15 |  -1.6261953303861806e-03 |  -1.6261953303861806e-03 | 1
  9, 16 |   3.7861419655819944e-03 |   3.7861419655819944e-03 | 1
 10,  1 |  -5.5622570783674247e-03 |  -5.5622570783674247e-03 | 1
 10,  2 |   1.5409987781292857e-02 |   1.5409987781292857e-02 | 1
 10,  3 |  -2.0363300198472988e+01 |  -2.0363300198472988e+01 | 1
 10,  4 |   3.9642298679157244e-02 |   3.9642298679157244e-02 | 1
 10,  5 |  -2.7130737253857728e-04 |  -2.7130737253857728e-04 | 1
 10,  6 |  -8.3396066271989380e-03 |  -8.3396066271989380e-03 | 1
 10,  7 |  -3.2519460166264562e-03 |  -3.2519460166264562e-03 | 1
 10,  8 |  -1.0904454270021020e-02 |  -1.0904454270021020e-02 | 1
 10,  9 |  -1.4703039783505342e-02 |  -1.4703039783505342e-02 | 1
 10, 10 |   2.3745963027832021e-01 |   2.3745963027832021e-01 | 1
 10, 11 |   2.0130019526879016e-03 |   2.0130019526879016e-03 | 1
 10, 12 |   1.7023255409278851e-03 |   1.7023255409278851e-03 | 1
 10, 13 |   5.1196765441190902e-03 |   5.1196765441190902e-03 | 1
 10, 14 |   1.3768591536700673e-06 |   1.3768591536700673e-06 | 1
 10, 15 |  -2.2496886446980481e-03 |  -2.2496886446980481e-03 | 1
 10, 16 |   4.2468894124050194e-02 |   4.2468894124050194e-02 | 1
 11,  1 |  -3.5363265086611117e-03 |  -3.5363265086611117e-03 | 1
 11,  2 |  -1.6995884986377844e-03 |  -1.6995884986377844e-03 | 1
 11,  3 |  -9.3982063392594970e+00 |  -9.3982063392594970e+00 | 1
 11,  4 |  -1.0157096835333368e-03 |  -1.0157096835333368e-03 | 1
 11,  5 |  -5.4976601706425371e-03 |  -5.4976601706425371e-03 | 1
 11,  6 |  -4.8821866102160029e-03 |  -4.8821866102160029e-03 | 1
 11,  7 |  -5.2571934875692838e-03 |  -5.2571934875692838e-03 | 1
 11,  8 |  -1.5093984630812369e-03 |  -1.5093984630812369e-03 | 1
 11,  9 |   2.6902726008104494e-04 |   2.6902726008104494e-04 | 1
 11, 10 |   2.0130019526879016e-03 |   2.0130019526879016e-03 | 1
 11, 11 |   1.3423636830341974e-03 |   1.3423636830341974e-03 | 1
 11, 12 |   1.9650685309120963e-03 |   1.9650685309120963e-03 | 1
 11, 13 |   2.6039272991789627e-03 |   2.6039272991789627e-03 | 1
 11, 14 |   6.6014188847592129e-07 |   6.6014188847592129e-07 | 1
 11, 15 |  -3.4937328138307695e-03 |  -3.4937328138307695e-03 | 1
 11, 16 |   2.5435392304684274e-03 |   2.5435392304684274e-03 | 1
 12,  1 |  -5.6722013912131643e-03 |  -5.6722013912131643e-03 | 1
 12,  2 |  -2.8730663887455840e-03 |  -2.8730663887455840e-03 | 1
 12,  3 |  -1.5771249764217087e+01 |  -1.5771249764217087e+01 | 1
 12,  4 |  -1.1328071726567782e-03 |  -1.1328071726567782e-03 | 1
 12,  5 |  -8.9635421420614213e-03 |  -8.9635421420614213e-03 | 1
 12,  6 |  -7.3006201964954326e-03 |  -7.3006201964954326e-03 | 1
 12,  7 |  -8.8784117009493499e-03 |  -8.8784117009493499e-03 | 1
 12,  8 |  -2.4088145759199550e-03 |  -2.4088145759199550e-03 | 1
 12,  9 |   6.8880779439654425e-04 |   6.8880779439654425e-04 | 1
 12, 10 |   1.7023255409278851e-03 |   1.7023255409278851e-03 | 1
 12, 11 |   1.9650685309120963e-03 |   1.9650685309120963e-03 | 1
 12, 12 |   3.2084344572956150e-03 |   3.2084344572956150e-03 | 1
 12, 13 |   4.2032120290701721e-03 |   4.2032120290701721e-03 | 1
 12, 14 |   1.0920652745883255e-06 |   1.0920652745883255e-06 | 1
 12, 15 |  -5.5937956865763265e-03 |  -5.5937956865763265e-03 | 1
 12, 16 |   3.9665408050704332e-03 |   3.9665408050704332e-03 | 1
 13,  1 |  -7.8519646618031604e-03 |  -7.8519646618031604e-03 | 1
 13,  2 |  -3.0615906955747526e-03 |  -3.0615906955747526e-03 | 1
 13,  3 |  -2.0592464957345165e+01 |  -2.0592464957345165e+01 | 1
 13,  4 |  -3.0618887442712562e-03 |  -3.0618887442712562e-03 | 1
 13,  5 |  -1.1929526115076573e-02 |  -1.1929526115076573e-02 | 1
 13,  6 |  -9.9662389914370458e-03 |  -9.9662389914370458e-03 | 1
 13,  7 |  -1.1909667261166833e-02 |  -1.1909667261166833e-02 | 1
 13,  8 |  -3.7492268633818331e-03 |  -3.7492268633818331e-03 | 1
 13,  9 |   1.5314549230410752e-03 |   1.5314549230410752e-03 | 1
 13, 10 |   5.1196765441190902e-03 |   5.1196765441190902e-03 | 1
 13, 11 |   2.6039272991789627e-03 |   2.6039272991789627e-03 | 1
 13, 12 |   4.2032120290701721e-03 |   4.2032120290701721e-03 | 1
 13, 13 |   6.0478253930975317e-03 |   6.0478253930975317e-03 | 1
 13, 14 |   1.5356666050841733e-06 |   1.5356666050841733e-06 | 1
 13, 15 |  -7.3749161006846573e-03 |  -7.3749161006846573e-03 | 1
 13, 16 |   7.4033831824754127e-03 |   7.4033831824754127e-03 | 1
 14,  1 |  -1.9827889830082220e-06 |  -1.9827889830082220e-06 | 1
 14,  2 |  -7.8979696075231595e-07 |  -7.8979696075231595e-07 | 1
 14,  3 |  -5.3944898753207123e-03 |  -5.3944898753207123e-03 | 1
 14,  4 |  -4.2348596208216252e-07 |  -4.2348596208216252e-07 | 1
 14,  5 |  -3.0762437889956189e-06 |  -3.0762437889956189e-06 | 1
 14,  6 |  -2.4590864371447881e-06 |  -2.4590864371447881e-06 | 1
 14,  7 |  -3.0635026725348517e-06 |  -3.0635026725348517e-06 | 1
 14,  8 |  -9.2332179319685287e-07 |  -9.2332179319685287e-07 | 1
 14,  9 |   2.8888894368140203e-07 |   2.8888894368140203e-07 | 1
 14, 10 |   1.3768591536700673e-06 |   1.3768591536700673e-06 | 1
 14, 11 |   6.6014188847592129e-07 |   6.6014188847592129e-07 | 1
 14, 12 |   1.0920652745883255e-06 |   1.0920652745883255e-06 | 1
 14, 13 |   1.5356666050841733e-06 |   1.5356666050841733e-06 | 1
 14, 14 |   4.1326123925646443e-10 |   4.1326123925646443e-10 | 1
 14, 15 |  -1.8877517083931981e-06 |  -1.8877517083931981e-06 | 1
 14, 16 |   1.7337694877029812e-06 |   1.7337694877029812e-06 | 1
 15,  1 |   1.1080874085851407e-02 |   1.1080874085851407e-02 | 1
 15,  2 |   5.9753652445001092e-03 |   5.9753652445001092e-03 | 1
 15,  3 |   2.5660324407466213e+01 |   2.5660324407466213e+01 | 1
 15,  4 |   6.7209884391201359e-03 |   6.7209884391201359e-03 | 1
 15,  5 |   1.5890618005313620e-02 |   1.5890618005313620e-02 | 1
 15,  6 |   1.3999107911007915e-02 |   1.3999107911007915e-02 | 1
 15,  7 |   1.6703853086494636e-02 |   1.6703853086494636e-02 | 1
 15,  8 |   4.0772367742440401e-03 |   4.0772367742440401e-03 | 1
 15,  9 |  -1.6261953303861806e-03 |  -1.6261953303861806e-03 | 1
 15, 10 |  -2.2496886446980481e-03 |  -2.2496886446980481e-03 | 1
 15, 11 |  -3.4937328138307695e-03 |  -3.4937328138307695e-03 | 1
 15, 12 |  -5.5937956865763265e-03 |  -5.5937956865763265e-03 | 1
 15, 13 |  -7.3749161006846573e-03 |  -7.3749161006846573e-03 | 1
 15, 14 |  -1.8877517083931981e-06 |  -1.8877517083931981e-06 | 1
 15, 15 |   1.1490058481290951e-02 |   1.1490058481290951e-02 | 1
 15, 16 |  -8.3815761407115934e-03 |  -8.3815761407115934e-03 | 1
 16,  1 |  -1.0030872875045281e-02 |  -1.0030872875045281e-02 | 1
 16,  2 |   3.1941476934417329e-03 |   3.1941476934417329e-03 | 1
 16,  3 |  -2.6236519268301855e+01 |  -2.6236519268301855e+01 | 1
 16,  4 |   2.0095240069997657e-03 |   2.0095240069997657e-03 | 1
 16,  5 |  -1.1348858911135122e-02 |  -1.1348858911135122e-02 | 1
 16,  6 |  -9.5773833779333843e-03 |  -9.5773833779333843e-03 | 1
 16,  7 |  -1.3143117721344799e-02 |  -1.3143117721344799e-02 | 1
 16,  8 |  -7.6029492477758314e-03 |  -7.6029492477758314e-03 | 1
 16,  9 |   3.7861419655819944e-03 |   3.7861419655819944e-03 | 1
 16, 10 |   4.2468894124050194e-02 |   4.2468894124050194e-02 | 1
 16, 11 |   2.5435392304684274e-03 |   2.5435392304684274e-03 | 1
 16, 12 |   3.9665408050704332e-03 |   3.9665408050704332e-03 | 1
 16, 13 |   7.4033831824754127e-03 |   7.4033831824754127e-03 | 1
 16, 14 |   1.7337694877029812e-06 |   1.7337694877029812e-06 | 1
 16, 15 |  -8.3815761407115934e-03 |  -8.3815761407115934e-03 | 1
 16, 16 |   2.5576027923022788e-02 |   2.5576027923022788e-02 | 1
