row,col | V_base                   | V_new                    | equal
  1,  1 |   4.3095225257911834e-04 |   4.3095225257911834e-04 | 1
  1,  2 |   1.0223698728480777e-04 |   1.0223698728480777e-04 | 1
  1,  3 |   3.4333204691791141e-04 |   3.4333204691791141e-04 | 1
  1,  4 |   1.3547791736187654e-04 |   1.3547791736187654e-04 | 1
  1,  5 |   3.3468808661929478e-04 |   3.3468808661929478e-04 | 1
  1,  6 |   2.5485837825974054e-04 |   2.5485837825974054e-04 | 1
  1,  7 |   2.4208724304171668e-04 |   2.4208724304171668e-04 | 1
  1,  8 |   3.5772836027497389e-04 |   3.5772836027497389e-04 | 1
  1,  9 |   3.2152332522787750e-04 |   3.2152332522787750e-04 | 1
  1, 10 |  -2.5738874925920481e-04 |  -2.5738874925920481e-04 | 1
  1, 11 |   9.8048472149488540e-05 |   9.8048472149488540e-05 | 1
  1, 12 |   7.1431734659388240e-04 |   7.1431734659388240e-04 | 1
  1, 13 |   5.7005710943737659e-04 |   5.7005710943737659e-04 | 1
  1, 14 |   4.5821100596003057e-04 |   4.5821100596003057e-04 | 1
  1, 15 |   2.0933829211322130e-04 |   2.0933829211322130e-04 | 1
  1, 16 |   2.9588565725960348e-04 |   2.9588565725960348e-04 | 1
  1, 17 |   1.5262375045204285e-04 |   1.5262375045204285e-04 | 1
  1, 18 |   4.3819694293202734e-04 |   4.3819694293202734e-04 | 1
  1, 19 |   1.8992408773486680e-04 |   1.8992408773486680e-04 | 1
  1, 20 |   3.3564758677066581e-04 |   3.3564758677066581e-04 | 1
  1, 21 |  -1.5908595854372307e-04 |  -1.5908595854372307e-04 | 1
  1, 22 |   2.5601029823388028e-04 |   2.5601029823388028e-04 | 1
  1, 23 |   8.9459932858061711e-05 |   8.9459932858061711e-05 | 1
  1, 24 |   1.5710597369151066e-04 |   1.5710597369151066e-04 | 1
  1, 25 |   2.0870239372536712e-04 |   2.0870239372536712e-04 | 1
  1, 26 |  -6.9307890358007726e-04 |  -6.9307890358007726e-04 | 1
  1, 27 |  -6.9858929675906985e-05 |  -6.9858929675906985e-05 | 1
  1, 28 |   2.8566330784978908e-04 |   2.8566330784978908e-04 | 1
  1, 29 |  -1.2565247002809411e-04 |  -1.2565247002809411e-04 | 1
  1, 30 |  -1.7979410161920409e-04 |  -1.7979410161920409e-04 | 1
  2,  1 |   1.0223698728480777e-04 |   1.0223698728480777e-04 | 1
  2,  2 |   1.3309697967338338e-03 |   1.3309697967338338e-03 | 1
  2,  3 |   1.0200729158298943e-04 |   1.0200729158298943e-04 | 1
  2,  4 |   1.5783820714545960e-04 |   1.5783820714545960e-04 | 1
  2,  5 |   6.6838360273592453e-05 |   6.6838360273592453e-05 | 1
  2,  6 |   1.7327581422625974e-04 |   1.7327581422625974e-04 | 1
  2,  7 |   1.8105133811108514e-04 |   1.8105133811108514e-04 | 1
  2,  8 |   6.8392064750258532e-05 |   6.8392064750258532e-05 | 1
  2,  9 |   2.1405968023111417e-04 |   2.1405968023111417e-04 | 1
  2, 10 |   6.6616244124448570e-04 |   6.6616244124448570e-04 | 1
  2, 11 |   3.0092425636334000e-04 |   3.0092425636334000e-04 | 1
  2, 12 |  -1.5541120524087729e-04 |  -1.5541120524087729e-04 | 1
  2, 13 |  -4.8081903113204842e-05 |  -4.8081903113204842e-05 | 1
  2, 14 |   6.0531378539773048e-04 |   6.0531378539773048e-04 | 1
  2, 15 |   2.3218183339462873e-04 |   2.3218183339462873e-04 | 1
  2, 16 |   1.2051924077574082e-04 |   1.2051924077574082e-04 | 1
  2, 17 |   1.9965718089318528e-04 |   1.9965718089318528e-04 | 1
  2, 18 |   7.9153232590227059e-05 |   7.9153232590227059e-05 | 1
  2, 19 |   2.1163634293504659e-04 |   2.1163634293504659e-04 | 1
  2, 20 |   4.1039414284375934e-05 |   4.1039414284375934e-05 | 1
  2, 21 |   4.9333043916189603e-04 |   4.9333043916189603e-04 | 1
  2, 22 |   1.2262251814189394e-04 |   1.2262251814189394e-04 | 1
  2, 23 |   3.2072602600149807e-04 |   3.2072602600149807e-04 | 1
  2, 24 |   2.4718074877922791e-04 |   2.4718074877922791e-04 | 1
  2, 25 |   1.6350439282626687e-04 |   1.6350439282626687e-04 | 1
  2, 26 |   9.8993222306309990e-04 |   9.8993222306309990e-04 | 1
  2, 27 |   4.3544739407776222e-04 |   4.3544739407776222e-04 | 1
  2, 28 |   1.6015473917396111e-04 |   1.6015473917396111e-04 | 1
  2, 29 |   4.6312073933603236e-04 |   4.6312073933603236e-04 | 1
  2, 30 |   5.2092540406605968e-04 |   5.2092540406605968e-04 | 1
  3,  1 |   3.4333204691791141e-04 |   3.4333204691791141e-04 | 1
  3,  2 |   1.0200729158298943e-04 |   1.0200729158298943e-04 | 1
  3,  3 |   5.2996656245810655e-04 |   5.2996656245810655e-04 | 1
  3,  4 |   1.4090864418487279e-04 |   1.4090864418487279e-04 | 1
  3,  5 |   3.5855724518567549e-04 |   3.5855724518567549e-04 | 1
  3,  6 |   2.6924771779580410e-04 |   2.6924771779580410e-04 | 1
  3,  7 |   2.5516565312115385e-04 |   2.5516565312115385e-04 | 1
  3,  8 |   3.8329531674816532e-04 |   3.8329531674816532e-04 | 1
  3,  9 |   3.3987141825392970e-04 |   3.3987141825392970e-04 | 1
  3, 10 |  -2.9879924116620738e-04 |  -2.9879924116620738e-04 | 1
  3, 11 |   9.6122000591734045e-05 |   9.6122000591734045e-05 | 1
  3, 12 |   7.7476406481095158e-04 |   7.7476406481095158e-04 | 1
  3, 13 |   6.1575559958125634e-04 |   6.1575559958125634e-04 | 1
  3, 14 |   4.7359279989575017e-04 |   4.7359279989575017e-04 | 1
  3, 15 |   2.1821913441535869e-04 |   2.1821913441535869e-04 | 1
  3, 16 |   3.1495548570705586e-04 |   3.1495548570705586e-04 | 1
  3, 17 |   1.5792916191516721e-04 |   1.5792916191516721e-04 | 1
  3, 18 |   4.6959013511999287e-04 |   4.6959013511999287e-04 | 1
  3, 19 |   1.9794344610741364e-04 |   1.9794344610741364e-04 | 1
  3, 20 |   3.6030794146019450e-04 |   3.6030794146019450e-04 | 1
  3, 21 |  -1.8718251153986037e-04 |  -1.8718251153986037e-04 | 1
  3, 22 |   2.7220403982631104e-04 |   2.7220403982631104e-04 | 1
  3, 23 |   8.6183079394679156e-05 |   8.6183079394679156e-05 | 1
  3, 24 |   1.6136379899142308e-04 |   1.6136379899142308e-04 | 1
  3, 25 |   2.1945370184732336e-04 |   2.1945370184732336e-04 | 1
  3, 26 |  -7.7859731367310335e-04 |  -7.7859731367310335e-04 | 1
  3, 27 |  -8.9251223216480730e-05 |  -8.9251223216480730e-05 | 1
  3, 28 |   3.0263578038809230e-04 |   3.0263578038809230e-04 | 1
  3, 29 |  -1.5039213596197460e-04 |  -1.5039213596197460e-04 | 1
  3, 30 |  -2.1038264557415648e-04 |  -2.1038264557415648e-04 | 1
  4,  1 |   1.3547791736187654e-04 |   1.3547791736187654e-04 | 1
  4,  2 |   1.5783820714545960e-04 |   1.5783820714545960e-04 | 1
  4,  3 |   1.4090864418487279e-04 |   1.4090864418487279e-04 | 1
  4,  4 |   2.3161721618738720e-03 |   2.3161721618738720e-03 | 1
  4,  5 |   1.2173255648529011e-04 |   1.2173255648529011e-04 | 1
  4,  6 |   1.5415838564556940e-04 |   1.5415838564556940e-04 | 1
  4,  7 |   1.5498942709064320e-04 |   1.5498942709064320e-04 | 1
  4,  8 |   1.2794131638063568e-04 |   1.2794131638063568e-04 | 1
  4,  9 |   1.9371307535163274e-04 |   1.9371307535163274e-04 | 1
  4, 10 |   2.7191851898290831e-04 |   2.7191851898290831e-04 | 1
  4, 11 |   1.7770201051602556e-04 |   1.7770201051602556e-04 | 1
  4, 12 |   1.0708932443143948e-04 |   1.0708932443143948e-04 | 1
  4, 13 |   1.2358047727704041e-04 |   1.2358047727704041e-04 | 1
  4, 14 |   4.2693642667720685e-04 |   4.2693642667720685e-04 | 1
  4, 15 |   1.7174301336657578e-04 |   1.7174301336657578e-04 | 1
  4, 16 |   1.3840430286351287e-04 |   1.3840430286351287e-04 | 1
  4, 17 |   1.4115278020831472e-04 |   1.4115278020831472e-04 | 1
  4, 18 |   1.5438926037196851e-04 |   1.5438926037196851e-04 | 1
  4, 19 |   1.5648150033781773e-04 |   1.5648150033781773e-04 | 1
  4, 20 |   1.1010573373361426e-04 |   1.1010573373361426e-04 | 1
  4, 21 |   2.0936738024863045e-04 |   2.0936738024863045e-04 | 1
  4, 22 |   1.3017733882979792e-04 |   1.3017733882979792e-04 | 1
  4, 23 |   1.8652063452007729e-04 |   1.8652063452007729e-04 | 1
  4, 24 |   1.6657122180825591e-04 |   1.6657122180825591e-04 | 1
  4, 25 |   1.3698526421867608e-04 |   1.3698526421867608e-04 | 1
  4, 26 |   3.2162664161130693e-04 |   3.2162664161130693e-04 | 1
  4, 27 |   2.0175206638944291e-04 |   2.0175206638944291e-04 | 1
  4, 28 |   1.5556833861880045e-04 |   1.5556833861880045e-04 | 1
  4, 29 |   2.0252286187603385e-04 |   2.0252286187603385e-04 | 1
  4, 30 |   2.1768144685947372e-04 |   2.1768144685947372e-04 | 1
  5,  1 |   3.3468808661929478e-04 |   3.3468808661929478e-04 | 1
  5,  2 |   6.6838360273592453e-05 |   6.6838360273592453e-05 | 1
  5,  3 |   3.5855724518567549e-04 |   3.5855724518567549e-04 | 1
  5,  4 |   1.2173255648529011e-04 |   1.2173255648529011e-04 | 1
  5,  5 |   2.2206318086358703e-03 |   2.2206318086358703e-03 | 1
  5,  6 |   2.4905930754407217e-04 |   2.4905930754407217e-04 | 1
  5,  7 |   2.3416825618058525e-04 |   2.3416825618058525e-04 | 1
  5,  8 |   3.8027090252361589e-04 |   3.8027090252361589e-04 | 1
  5,  9 |   3.1547758983456031e-04 |   3.1547758983456031e-04 | 1
  5, 10 |  -3.9938012186829916e-04 |  -3.9938012186829916e-04 | 1
  5, 11 |   5.4741371733651873e-05 |   5.4741371733651873e-05 | 1
  5, 12 |   8.1058283530091937e-04 |   8.1058283530091937e-04 | 1
  5, 13 |   6.3339976803306476e-04 |   6.3339976803306476e-04 | 1
  5, 14 |   3.9285802318532334e-04 |   3.9285802318532334e-04 | 1
  5, 15 |   1.8919365988235478e-04 |   1.8919365988235478e-04 | 1
  5, 16 |   3.0297043205546867e-04 |   3.0297043205546867e-04 | 1
  5, 17 |   1.3151134315242234e-04 |   1.3151134315242234e-04 | 1
  5, 18 |   4.6674028547871358e-04 |   4.6674028547871358e-04 | 1
  5, 19 |   1.7073041178252747e-04 |   1.7073041178252747e-04 | 1
  5, 20 |   3.6035635230315539e-04 |   3.6035635230315539e-04 | 1
  5, 21 |  -2.6048949564711117e-04 |  -2.6048949564711117e-04 | 1
  5, 22 |   2.5956331323721208e-04 |   2.5956331323721208e-04 | 1
  5, 23 |   4.2043499250267867e-05 |   4.2043499250267867e-05 | 1
  5, 24 |   1.2878182279887131e-04 |   1.2878182279887131e-04 | 1
  5, 25 |   1.9946617472124027e-04 |   1.9946617472124027e-04 | 1
  5, 26 |  -9.3364113488119717e-04 |  -9.3364113488119717e-04 | 1
  5, 27 |  -1.5358504967677032e-04 |  -1.5358504967677032e-04 | 1
  5, 28 |   2.8498118904782483e-04 |   2.8498118904782483e-04 | 1
  5, 29 |  -2.1895178843356691e-04 |  -2.1895178843356691e-04 | 1
  5, 30 |  -2.8863981473978886e-04 |  -2.8863981473978886e-04 | 1
  6,  1 |   2.5485837825974054e-04 |   2.5485837825974054e-04 | 1
  6,  2 |   1.7327581422625974e-04 |   1.7327581422625974e-04 | 1
  6,  3 |   2.6924771779580410e-04 |   2.6924771779580410e-04 | 1
  6,  4 |   1.5415838564556940e-04 |   1.5415838564556940e-04 | 1
  6,  5 |   2.4905930754407217e-04 |   2.4905930754407217e-04 | 1
  6,  6 |   2.3797952149993457e-03 |   2.3797952149993457e-03 | 1
  6,  7 |   2.3432261918590667e-04 |   2.3432261918590667e-04 | 1
  6,  8 |   2.6517504666114742e-04 |   2.6517504666114742e-04 | 1
  6,  9 |   3.0030619447160795e-04 |   3.0030619447160795e-04 | 1
  6, 10 |   1.0005604102278393e-04 |   1.0005604102278393e-04 | 1
  6, 11 |   1.8774498780482852e-04 |   1.8774498780482852e-04 | 1
  6, 12 |   4.1039007726310103e-04 |   4.1039007726310103e-04 | 1
  6, 13 |   3.5834504173663502e-04 |   3.5834504173663502e-04 | 1
  6, 14 |   5.4729515379155268e-04 |   5.4729515379155268e-04 | 1
  6, 15 |   2.3362716071591402e-04 |   2.3362716071591402e-04 | 1
  6, 16 |   2.4524040758451668e-04 |   2.4524040758451668e-04 | 1
  6, 17 |   1.8226521200871183e-04 |   1.8226521200871183e-04 | 1
  6, 18 |   3.2292662939074088e-04 |   3.2292662939074088e-04 | 1
  6, 19 |   2.1189049433731610e-04 |   2.1189049433731610e-04 | 1
  6, 20 |   2.3898902797330642e-04 |   2.3898902797330642e-04 | 1
  6, 21 |   9.5260829832265111e-05 |   9.5260829832265111e-05 | 1
  6, 22 |   2.1942546933725041e-04 |   2.1942546933725041e-04 | 1
  6, 23 |   1.8967958129885673e-04 |   1.8967958129885673e-04 | 1
  6, 24 |   2.0492330527724571e-04 |   2.0492330527724571e-04 | 1
  6, 25 |   2.0480890451298590e-04 |   2.0480890451298590e-04 | 1
  6, 26 |  -5.6630226424215835e-05 |  -5.6630226424215835e-05 | 1
  6, 27 |   1.3097962683172550e-04 |   1.3097962683172550e-04 | 1
  6, 28 |   2.5462454989472563e-04 |   2.5462454989472563e-04 | 1
  6, 29 |   1.0503713115001685e-04 |   1.0503713115001685e-04 | 1
  6, 30 |   9.3150390966073265e-05 |   9.3150390966073265e-05 | 1
  7,  1 |   2.4208724304171668e-04 |   2.4208724304171668e-04 | 1
  7,  2 |   1.8105133811108514e-04 |   1.8105133811108514e-04 | 1
  7,  3 |   2.5516565312115385e-04 |   2.5516565312115385e-04 | 1
  7,  4 |   1.5498942709064320e-04 |   1.5498942709064320e-04 | 1
  7,  5 |   2.3416825618058525e-04 |   2.3416825618058525e-04 | 1
  7,  6 |   2.3432261918590667e-04 |   2.3432261918590667e-04 | 1
  7,  7 |   4.4028710753663577e-04 |   4.4028710753663577e-04 | 1
  7,  8 |   2.4868835848170531e-04 |   2.4868835848170531e-04 | 1
  7,  9 |   2.9373811284625511e-04 |   2.9373811284625511e-04 | 1
  7, 10 |   1.4900784870410731e-04 |   1.4900784870410731e-04 | 1
  7, 11 |   1.9754346962809184e-04 |   1.9754346962809184e-04 | 1
  7, 12 |   3.6225046324853344e-04 |   3.6225046324853344e-04 | 1
  7, 13 |   3.2394280565018613e-04 |   3.2394280565018613e-04 | 1
  7, 14 |   5.5236524358775866e-04 |   5.5236524358775866e-04 | 1
  7, 15 |   2.3393400934253679e-04 |   2.3393400934253679e-04 | 1
  7, 16 |   2.3456531909719686e-04 |   2.3456531909719686e-04 | 1
  7, 17 |   1.8352796967028109e-04 |   1.8352796967028109e-04 | 1
  7, 18 |   3.0220756354810540e-04 |   3.0220756354810540e-04 | 1
  7, 19 |   2.1205423584800940e-04 |   2.1205423584800940e-04 | 1
  7, 20 |   2.2247556238202585e-04 |   2.2247556238202585e-04 | 1
  7, 21 |   1.2978110793973984e-04 |   1.2978110793973984e-04 | 1
  7, 22 |   2.1214112968419082e-04 |   2.1214112968419082e-04 | 1
  7, 23 |   2.0132261028025811e-04 |   2.0132261028025811e-04 | 1
  7, 24 |   2.0856539740165820e-04 |   2.0856539740165820e-04 | 1
  7, 25 |   2.0105473548527434e-04 |   2.0105473548527434e-04 | 1
  7, 26 |   3.3374510590870131e-05 |   3.3374510590870131e-05 | 1
  7, 27 |   1.5678452658834550e-04 |   1.5678452658834550e-04 | 1
  7, 28 |   2.4648611870531681e-04 |   2.4648611870531681e-04 | 1
  7, 29 |   1.3590790238536958e-04 |   1.3590790238536958e-04 | 1
  7, 30 |   1.2955779206912625e-04 |   1.2955779206912625e-04 | 1
  8,  1 |   3.5772836027497389e-04 |   3.5772836027497389e-04 | 1
  8,  2 |   6.8392064750258532e-05 |   6.8392064750258532e-05 | 1
  8,  3 |   3.8329531674816532e-04 |   3.8329531674816532e-04 | 1
  8,  4 |   1.2794131638063568e-04 |   1.2794131638063568e-04 | 1
  8,  5 |   3.8027090252361589e-04 |   3.8027090252361589e-04 | 1
  8,  6 |   2.6517504666114742e-04 |   2.6517504666114742e-04 | 1
  8,  7 |   2.4868835848170531e-04 |   2.4868835848170531e-04 | 1
  8,  8 |   1.2719963225356038e-03 |   1.2719963225356038e-03 | 1
  8,  9 |   3.3515059099797581e-04 |   3.3515059099797581e-04 | 1
  8, 10 |  -4.3585413876835071e-04 |  -4.3585413876835071e-04 | 1
  8, 11 |   5.5534776000262109e-05 |   5.5534776000262109e-05 | 1
  8, 12 |   8.7094668238159485e-04 |   8.7094668238159485e-04 | 1
  8, 13 |   6.7981353778380407e-04 |   6.7981353778380407e-04 | 1
  8, 14 |   4.1625524607018119e-04 |   4.1625524607018119e-04 | 1
  8, 15 |   1.9996262450315682e-04 |   1.9996262450315682e-04 | 1
  8, 16 |   3.2389921732668193e-04 |   3.2389921732668193e-04 | 1
  8, 17 |   1.3959569092175897e-04 |   1.3959569092175897e-04 | 1
  8, 18 |   4.9928393479044622e-04 |   4.9928393479044622e-04 | 1
  8, 19 |   1.8075722700582026e-04 |   1.8075722700582026e-04 | 1
  8, 20 |   3.8631032394766801e-04 |   3.8631032394766801e-04 | 1
  8, 21 |  -2.8546716124252993e-04 |  -2.8546716124252993e-04 | 1
  8, 22 |   2.7595252255960907e-04 |   2.7595252255960907e-04 | 1
  8, 23 |   4.1069917705893465e-05 |   4.1069917705893465e-05 | 1
  8, 24 |   1.3558297380142814e-04 |   1.3558297380142814e-04 | 1
  8, 25 |   2.1257928855786295e-04 |   2.1257928855786295e-04 | 1
  8, 26 |  -1.0122243439978390e-03 |  -1.0122243439978390e-03 | 1
  8, 27 |  -1.6891105725725579e-04 |  -1.6891105725725579e-04 | 1
  8, 28 |   3.0421029865343213e-04 |   3.0421029865343213e-04 | 1
  8, 29 |  -2.3995822783108467e-04 |  -2.3995822783108467e-04 | 1
  8, 30 |  -3.1488500996648162e-04 |  -3.1488500996648162e-04 | 1
  9,  1 |   3.2152332522787750e-04 |   3.2152332522787750e-04 | 1
  9,  2 |   2.1405968023111417e-04 |   2.1405968023111417e-04 | 1
  9,  3 |   3.3987141825392970e-04 |   3.3987141825392970e-04 | 1
  9,  4 |   1.9371307535163274e-04 |   1.9371307535163274e-04 | 1
  9,  5 |   3.1547758983456031e-04 |   3.1547758983456031e-04 | 1
  9,  6 |   3.0030619447160795e-04 |   3.0030619447160795e-04 | 1
  9,  7 |   2.9373811284625511e-04 |   2.9373811284625511e-04 | 1
  9,  8 |   3.3515059099797581e-04 |   3.3515059099797581e-04 | 1
  9,  9 |   2.5437709169154584e-03 |   2.5437709169154584e-03 | 1
  9, 10 |   1.1182272710634345e-04 |   1.1182272710634345e-04 | 1
  9, 11 |   2.3116908007776672e-04 |   2.3116908007776672e-04 | 1
  9, 12 |   5.2599062555084381e-04 |   5.2599062555084381e-04 | 1
  9, 13 |   4.5693421751020325e-04 |   4.5693421751020325e-04 | 1
  9, 14 |   6.8200790553542496e-04 |   6.8200790553542496e-04 | 1
  9, 15 |   2.9122280773782156e-04 |   2.9122280773782156e-04 | 1
  9, 16 |   3.0906564942726356e-04 |   3.0906564942726356e-04 | 1
  9, 17 |   2.2697897273663557e-04 |   2.2697897273663557e-04 | 1
  9, 18 |   4.0885615094685081e-04 |   4.0885615094685081e-04 | 1
  9, 19 |   2.6471143687843680e-04 |   2.6471143687843680e-04 | 1
  9, 20 |   3.0361002672374757e-04 |   3.0361002672374757e-04 | 1
  9, 21 |   1.0930723559067207e-04 |   1.0930723559067207e-04 | 1
  9, 22 |   2.7667585050312777e-04 |   2.7667585050312777e-04 | 1
  9, 23 |   2.3414563288997773e-04 |   2.3414563288997773e-04 | 1
  9, 24 |   2.5443259040638109e-04 |   2.5443259040638109e-04 | 1
  9, 25 |   2.5650165094311421e-04 |   2.5650165094311421e-04 | 1
  9, 26 |  -9.5512301628700250e-05 |  -9.5512301628700250e-05 | 1
  9, 27 |   1.5570033882953441e-04 |   1.5570033882953441e-04 | 1
  9, 28 |   3.2012815207842736e-04 |   3.2012815207842736e-04 | 1
  9, 29 |   1.2235350089013255e-04 |   1.2235350089013255e-04 | 1
  9, 30 |   1.0577818835086865e-04 |   1.0577818835086865e-04 | 1
 10,  1 |  -2.5738874925920481e-04 |  -2.5738874925920481e-04 | 1
 10,  2 |   6.6616244124448570e-04 |   6.6616244124448570e-04 | 1
 10,  3 |  -2.9879924116620738e-04 |  -2.9879924116620738e-04 | 1
 10,  4 |   2.7191851898290831e-04 |   2.7191851898290831e-04 | 1
 10,  5 |  -3.9938012186829916e-04 |  -3.9938012186829916e-04 | 1
 10,  6 |   1.0005604102278393e-04 |   1.0005604102278393e-04 | 1
 10,  7 |   1.4900784870410731e-04 |   1.4900784870410731e-04 | 1
 10,  8 |  -4.3585413876835071e-04 |  -4.3585413876835071e-04 | 1
 10,  9 |   1.1182272710634345e-04 |   1.1182272710634345e-04 | 1
 10, 10 |   2.6840564657247172e-03 |   2.6840564657247172e-03 | 1
 10, 11 |   8.1162921595249505e-04 |   8.1162921595249505e-04 | 1
 10, 12 |  -1.8379135214925532e-03 |  -1.8379135214925532e-03 | 1
 10, 13 |  -1.2145822589473597e-03 |  -1.2145822589473597e-03 | 1
 10, 14 |   1.1683776007637009e-03 |   1.1683776007637009e-03 | 1
 10, 15 |   3.7871362398727334e-04 |   3.7871362398727334e-04 | 1
 10, 16 |  -1.4849556867530198e-04 |  -1.4849556867530198e-04 | 1
 10, 17 |   3.8045199986513347e-04 |   3.8045199986513347e-04 | 1
 10, 18 |  -5.4757998585209947e-04 |  -5.4757998585209947e-04 | 1
 10, 19 |   3.4867224840523633e-04 |   3.4867224840523633e-04 | 1
 10, 20 |  -4.8322140938424519e-04 |  -4.8322140938424519e-04 | 1
 10, 21 |   1.9257867220091505e-03 |   1.9257867220091505e-03 | 1
 10, 22 |  -6.8873613299899787e-05 |  -6.8873613299899787e-05 | 1
 10, 23 |   8.9512334794733094e-04 |   8.9512334794733094e-04 | 1
 10, 24 |   5.2680768021702074e-04 |   5.2680768021702074e-04 | 1
 10, 25 |   1.5650552761228560e-04 |   1.5650552761228560e-04 | 1
 10, 26 |   4.5574350893297887e-03 |   4.5574350893297887e-03 | 1
 10, 27 |   1.5691308004891981e-03 |   1.5691308004891981e-03 | 1
 10, 28 |   4.7730766708517047e-07 |   4.7730766708517047e-07 | 1
 10, 29 |   1.7653375577165007e-03 |   1.7653375577165007e-03 | 1
 10, 30 |   2.0553311714960475e-03 |   2.0553311714960475e-03 | 1
 11,  1 |   9.8048472149488540e-05 |   9.8048472149488540e-05 | 1
 11,  2 |   3.0092425636334000e-04 |   3.0092425636334000e-04 | 1
 11,  3 |   9.6122000591734045e-05 |   9.6122000591734045e-05 | 1
 11,  4 |   1.7770201051602556e-04 |   1.7770201051602556e-04 | 1
 11,  5 |   5.4741371733651873e-05 |   5.4741371733651873e-05 | 1
 11,  6 |   1.8774498780482852e-04 |   1.8774498780482852e-04 | 1
 11,  7 |   1.9754346962809184e-04 |   1.9754346962809184e-04 | 1
 11,  8 |   5.5534776000262109e-05 |   5.5534776000262109e-05 | 1
 11,  9 |   2.3116908007776672e-04 |   2.3116908007776672e-04 | 1
 11, 10 |   8.1162921595249505e-04 |   8.1162921595249505e-04 | 1
 11, 11 |   1.7812354751427437e-03 |   1.7812354751427437e-03 | 1
 11, 12 |  -2.3757452993224080e-04 |  -2.3757452993224080e-04 | 1
 11, 13 |  -9.8944440377397559e-05 |  -9.8944440377397559e-05 | 1
 11, 14 |   6.8502801376557187e-04 |   6.8502801376557187e-04 | 1
 11, 15 |   2.6125705765992277e-04 |   2.6125705765992277e-04 | 1
 11, 16 |   1.2169027569979533e-04 |   1.2169027569979533e-04 | 1
 11, 17 |   2.2616252465806869e-04 |   2.2616252465806869e-04 | 1
 11, 18 |   6.2164628517880993e-05 |   6.2164628517880993e-05 | 1
 11, 19 |   2.3767171177411687e-04 |   2.3767171177411687e-04 | 1
 11, 20 |   2.4108126609582336e-05 |   2.4108126609582336e-05 | 1
 11, 21 |   5.9864677357463988e-04 |   5.9864677357463988e-04 | 1
 11, 22 |   1.2702102811491030e-04 |   1.2702102811491030e-04 | 1
 11, 23 |   3.7477743005411414e-04 |   3.7477743005411414e-04 | 1
 11, 24 |   2.8278058986805360e-04 |   2.8278058986805360e-04 | 1
 11, 25 |   1.7916917791188029e-04 |   1.7916917791188029e-04 | 1
 11, 26 |   1.2291251268731758e-03 |   1.2291251268731758e-03 | 1
 11, 27 |   5.2348105734347969e-04 |   5.2348105734347969e-04 | 1
 11, 28 |   1.6964059124352317e-04 |   1.6964059124352317e-04 | 1
 11, 29 |   5.6052835641480806e-04 |   5.6052835641480806e-04 | 1
 11, 30 |   6.3349031857980317e-04 |   6.3349031857980317e-04 | 1
 12,  1 |   7.1431734659388240e-04 |   7.1431734659388240e-04 | 1
 12,  2 |  -1.5541120524087729e-04 |  -1.5541120524087729e-04 | 1
 12,  3 |   7.7476406481095158e-04 |   7.7476406481095158e-04 | 1
 12,  4 |   1.0708932443143948e-04 |   1.0708932443143948e-04 | 1
 12,  5 |   8.1058283530091937e-04 |   8.1058283530091937e-04 | 1
 12,  6 |   4.1039007726310103e-04 |   4.1039007726310103e-04 | 1
 12,  7 |   3.6225046324853344e-04 |   3.6225046324853344e-04 | 1
 12,  8 |   8.7094668238159485e-04 |   8.7094668238159485e-04 | 1
 12,  9 |   5.2599062555084381e-04 |   5.2599062555084381e-04 | 1
 12, 10 |  -1.8379135214925532e-03 |  -1.8379135214925532e-03 | 1
 12, 11 |  -2.3757452993224080e-04 |  -2.3757452993224080e-04 | 1
 12, 12 |   3.8698368284383654e-03 |   3.8698368284383654e-03 | 1
 12, 13 |   1.6539068202341023e-03 |   1.6539068202341023e-03 | 1
 12, 14 |   2.3683410296658166e-04 |   2.3683410296658166e-04 | 1
 12, 15 |   1.8487423829443715e-04 |   1.8487423829443715e-04 | 1
 12, 16 |   6.1260260023964235e-04 |   6.1260260023964235e-04 | 1
 12, 17 |   8.2627444034102165e-05 |   8.2627444034102165e-05 | 1
 12, 18 |   1.0740172326731399e-03 |   1.0740172326731399e-03 | 1
 12, 19 |   1.6631812095370684e-04 |   1.6631812095370684e-04 | 1
 12, 20 |   8.5662107131682930e-04 |   8.5662107131682930e-04 | 1
 12, 21 |  -1.2725521314918163e-03 |  -1.2725521314918163e-03 | 1
 12, 22 |   4.9985519068653666e-04 |   4.9985519068653666e-04 | 1
 12, 23 |  -2.9493316444075327e-04 |  -2.9493316444075327e-04 | 1
 12, 24 |   1.5624649156715603e-05 |   1.5624649156715603e-05 | 1
 12, 25 |   2.9892965291986110e-04 |   2.9892965291986110e-04 | 1
 12, 26 |  -3.5860338888502744e-03 |  -3.5860338888502744e-03 | 1
 12, 27 |  -9.2866116889958616e-04 |  -9.2866116889958616e-04 | 1
 12, 28 |   5.1801366876695078e-04 |   5.1801366876695078e-04 | 1
 12, 29 |  -1.1297319647512296e-03 |  -1.1297319647512296e-03 | 1
 12, 30 |  -1.3762359130665967e-03 |  -1.3762359130665967e-03 | 1
 13,  1 |   5.7005710943737659e-04 |   5.7005710943737659e-04 | 1
 13,  2 |  -4.8081903113204842e-05 |  -4.8081903113204842e-05 | 1
 13,  3 |   6.1575559958125634e-04 |   6.1575559958125634e-04 | 1
 13,  4 |   1.2358047727704041e-04 |   1.2358047727704041e-04 | 1
 13,  5 |   6.3339976803306476e-04 |   6.3339976803306476e-04 | 1
 13,  6 |   3.5834504173663502e-04 |   3.5834504173663502e-04 | 1
 13,  7 |   3.2394280565018613e-04 |   3.2394280565018613e-04 | 1
 13,  8 |   6.7981353778380407e-04 |   6.7981353778380407e-04 | 1
 13,  9 |   4.5693421751020325e-04 |   4.5693421751020325e-04 | 1
 13, 10 |  -1.2145822589473597e-03 |  -1.2145822589473597e-03 | 1
 13, 11 |  -9.8944440377397559e-05 |  -9.8944440377397559e-05 | 1
 13, 12 |   1.6539068202341023e-03 |   1.6539068202341023e-03 | 1
 13, 13 |   2.7315051413067510e-03 |   2.7315051413067510e-03 | 1
 13, 14 |   3.4577983777473429e-04 |   3.4577983777473429e-04 | 1
 13, 15 |   2.0320033503042482e-04 |   2.0320033503042482e-04 | 1
 13, 16 |   4.9764028485042801e-04 |   4.9764028485042801e-04 | 1
 13, 17 |   1.1712242228472362e-04 |   1.1712242228472362e-04 | 1
 13, 18 |   8.3703778123381603e-04 |   8.3703778123381603e-04 | 1
 13, 19 |   1.8334277090475292e-04 |   1.8334277090475292e-04 | 1
 13, 20 |   6.6107530516402893e-04 |   6.6107530516402893e-04 | 1
 13, 21 |  -8.3238379504194202e-04 |  -8.3238379504194202e-04 | 1
 13, 22 |   4.1201009986527375e-04 |   4.1201009986527375e-04 | 1
 13, 23 |  -1.3729070499183179e-04 |  -1.3729070499183179e-04 | 1
 13, 24 |   7.8848778299212542e-05 |   7.8848778299212542e-05 | 1
 13, 25 |   2.7143288434167628e-04 |   2.7143288434167628e-04 | 1
 13, 26 |  -2.4545316887773757e-03 |  -2.4545316887773757e-03 | 1
 13, 27 |  -5.8711933913606785e-04 |  -5.8711933913606785e-04 | 1
 13, 28 |   4.3642726119609793e-04 |   4.3642726119609793e-04 | 1
 13, 29 |  -7.3192990982200081e-04 |  -7.3192990982200081e-04 | 1
 13, 30 |  -9.0394543665765379e-04 |  -9.0394543665765379e-04 | 1
 14,  1 |   4.5821100596003057e-04 |   4.5821100596003057e-04 | 1
 14,  2 |   6.0531378539773048e-04 |   6.0531378539773048e-04 | 1
 14,  3 |   4.7359279989575017e-04 |   4.7359279989575017e-04 | 1
 14,  4 |   4.2693642667720685e-04 |   4.2693642667720685e-04 | 1
 14,  5 |   3.9285802318532334e-04 |   3.9285802318532334e-04 | 1
 14,  6 |   5.4729515379155268e-04 |   5.4729515379155268e-04 | 1
 14,  7 |   5.5236524358775866e-04 |   5.5236524358775866e-04 | 1
 14,  8 |   4.1625524607018119e-04 |   4.1625524607018119e-04 | 1
 14,  9 |   6.8200790553542496e-04 |   6.8200790553542496e-04 | 1
 14, 10 |   1.1683776007637009e-03 |   1.1683776007637009e-03 | 1
 14, 11 |   6.8502801376557187e-04 |   6.8502801376557187e-04 | 1
 14, 12 |   2.3683410296658166e-04 |   2.3683410296658166e-04 | 1
 14, 13 |   3.4577983777473429e-04 |   3.4577983777473429e-04 | 1
 14, 14 |   6.5607392833310751e-03 |   6.5607392833310751e-03 | 1
 14, 15 |   6.3008709713361006e-04 |   6.3008709713361006e-04 | 1
 14, 16 |   4.7792804613453485e-04 |   4.7792804613453485e-04 | 1
 14, 17 |   5.3335279362726933e-04 |   5.3335279362726933e-04 | 1
 14, 18 |   5.0452249367147033e-04 |   5.0452249367147033e-04 | 1
 14, 19 |   5.8367357381273175e-04 |   5.8367357381273175e-04 | 1
 14, 20 |   3.4927049821146242e-04 |   3.4927049821146242e-04 | 1
 14, 21 |   8.8220375612988247e-04 |   8.8220375612988247e-04 | 1
 14, 22 |   4.4852363760226568e-04 |   4.4852363760226568e-04 | 1
 14, 23 |   7.2531473072988981e-04 |   7.2531473072988981e-04 | 1
 14, 24 |   6.2565605070387582e-04 |   6.2565605070387582e-04 | 1
 14, 25 |   5.0465287542556512e-04 |   5.0465287542556512e-04 | 1
 14, 26 |   1.4808394863115998e-03 |   1.4808394863115998e-03 | 1
 14, 27 |   8.3626837873604842e-04 |   8.3626837873604842e-04 | 1
 14, 28 |   5.4995265356398845e-04 |   5.4995265356398845e-04 | 1
 14, 29 |   8.5032898573673694e-04 |   8.5032898573673694e-04 | 1
 14, 30 |   9.2062316371884227e-04 |   9.2062316371884227e-04 | 1
 15,  1 |   2.0933829211322130e-04 |   2.0933829211322130e-04 | 1
 15,  2 |   2.3218183339462873e-04 |   2.3218183339462873e-04 | 1
 15,  3 |   2.1821913441535869e-04 |   2.1821913441535869e-04 | 1
 15,  4 |   1.7174301336657578e-04 |   1.7174301336657578e-04 | 1
 15,  5 |   1.8919365988235478e-04 |   1.8919365988235478e-04 | 1
 15,  6 |   2.3362716071591402e-04 |   2.3362716071591402e-04 | 1
 15,  7 |   2.3393400934253679e-04 |   2.3393400934253679e-04 | 1
 15,  8 |   1.9996262450315682e-04 |   1.9996262450315682e-04 | 1
 15,  9 |   2.9122280773782156e-04 |   2.9122280773782156e-04 | 1
 15, 10 |   3.7871362398727334e-04 |   3.7871362398727334e-04 | 1
 15, 11 |   2.6125705765992277e-04 |   2.6125705765992277e-04 | 1
 15, 12 |   1.8487423829443715e-04 |   1.8487423829443715e-04 | 1
 15, 13 |   2.0320033503042482e-04 |   2.0320033503042482e-04 | 1
 15, 14 |   6.3008709713361006e-04 |   6.3008709713361006e-04 | 1
 15, 15 |   5.4612429803046147e-04 |   5.4612429803046147e-04 | 1
 15, 16 |   2.1155565858004054e-04 |   2.1155565858004054e-04 | 1
 15, 17 |   2.0925392576626720e-04 |   2.0925392576626720e-04 | 1
 15, 18 |   2.4104321228567030e-04 |   2.4104321228567030e-04 | 1
 15, 19 |   2.3340800423133474e-04 |   2.3340800423133474e-04 | 1
 15, 20 |   1.7002885312366158e-04 |   1.7002885312366158e-04 | 1
 15, 21 |   2.9413451728103836e-04 |   2.9413451728103836e-04 | 1
 15, 22 |   1.9657998114049792e-04 |   1.9657998114049792e-04 | 1
 15, 23 |   2.7139062860813325e-04 |   2.7139062860813325e-04 | 1
 15, 24 |   2.4647435128857559e-04 |   2.4647435128857559e-04 | 1
 15, 25 |   2.0596094729915940e-04 |   2.0596094729915940e-04 | 1
 15, 26 |   4.3366401107081506e-04 |   4.3366401107081506e-04 | 1
 15, 27 |   2.8866764154431848e-04 |   2.8866764154431848e-04 | 1
 15, 28 |   2.3618021298502041e-04 |   2.3618021298502041e-04 | 1
 15, 29 |   2.8585980256263794e-04 |   2.8585980256263794e-04 | 1
 15, 30 |   3.0562980464791641e-04 |   3.0562980464791641e-04 | 1
 16,  1 |   2.9588565725960348e-04 |   2.9588565725960348e-04 | 1
 16,  2 |   1.2051924077574082e-04 |   1.2051924077574082e-04 | 1
 16,  3 |   3.1495548570705586e-04 |   3.1495548570705586e-04 | 1
 16,  4 |   1.3840430286351287e-04 |   1.3840430286351287e-04 | 1
 16,  5 |   3.0297043205546867e-04 |   3.0297043205546867e-04 | 1
 16,  6 |   2.4524040758451668e-04 |   2.4524040758451668e-04 | 1
 16,  7 |   2.3456531909719686e-04 |   2.3456531909719686e-04 | 1
 16,  8 |   3.2389921732668193e-04 |   3.2389921732668193e-04 | 1
 16,  9 |   3.0906564942726356e-04 |   3.0906564942726356e-04 | 1
 16, 10 |  -1.4849556867530198e-04 |  -1.4849556867530198e-04 | 1
 16, 11 |   1.2169027569979533e-04 |   1.2169027569979533e-04 | 1
 16, 12 |   6.1260260023964235e-04 |   6.1260260023964235e-04 | 1
 16, 13 |   4.9764028485042801e-04 |   4.9764028485042801e-04 | 1
 16, 14 |   4.7792804613453485e-04 |   4.7792804613453485e-04 | 1
 16, 15 |   2.1155565858004054e-04 |   2.1155565858004054e-04 | 1
 16, 16 |   6.5849728474655269e-04 |   6.5849728474655269e-04 | 1
 16, 17 |   1.5862004965887044e-04 |   1.5862004965887044e-04 | 1
 16, 18 |   3.9647341372162315e-04 |   3.9647341372162315e-04 | 1
 16, 19 |   1.9275601273609404e-04 |   1.9275601273609404e-04 | 1
 16, 20 |   3.0176715276765040e-04 |   3.0176715276765040e-04 | 1
 16, 21 |  -8.2647590439704815e-05 |  -8.2647590439704815e-05 | 1
 16, 22 |   2.4041501695521987e-04 |   2.4041501695521987e-04 | 1
 16, 23 |   1.1670720822766489e-04 |   1.1670720822766489e-04 | 1
 16, 24 |   1.6794260010008895e-04 |   1.6794260010008895e-04 | 1
 16, 25 |   2.0412570346800139e-04 |   2.0412570346800139e-04 | 1
 16, 26 |  -4.9589563541677160e-04 |  -4.9589563541677160e-04 | 1
 16, 27 |  -1.0330802184499617e-05 |  -1.0330802184499617e-05 | 1
 16, 28 |   2.7142150149219921e-04 |   2.7142150149219921e-04 | 1
 16, 29 |  -5.6271018808459493e-05 |  -5.6271018808459493e-05 | 1
 16, 30 |  -9.7197126162874254e-05 |  -9.7197126162874254e-05 | 1
 17,  1 |   1.5262375045204285e-04 |   1.5262375045204285e-04 | 1
 17,  2 |   1.9965718089318528e-04 |   1.9965718089318528e-04 | 1
 17,  3 |   1.5792916191516721e-04 |   1.5792916191516721e-04 | 1
 17,  4 |   1.4115278020831472e-04 |   1.4115278020831472e-04 | 1
 17,  5 |   1.3151134315242234e-04 |   1.3151134315242234e-04 | 1
 17,  6 |   1.8226521200871183e-04 |   1.8226521200871183e-04 | 1
 17,  7 |   1.8352796967028109e-04 |   1.8352796967028109e-04 | 1
 17,  8 |   1.3959569092175897e-04 |   1.3959569092175897e-04 | 1
 17,  9 |   2.2697897273663557e-04 |   2.2697897273663557e-04 | 1
 17, 10 |   3.8045199986513347e-04 |   3.8045199986513347e-04 | 1
 17, 11 |   2.2616252465806869e-04 |   2.2616252465806869e-04 | 1
 17, 12 |   8.2627444034102165e-05 |   8.2627444034102165e-05 | 1
 17, 13 |   1.1712242228472362e-04 |   1.1712242228472362e-04 | 1
 17, 14 |   5.3335279362726933e-04 |   5.3335279362726933e-04 | 1
 17, 15 |   2.0925392576626720e-04 |   2.0925392576626720e-04 | 1
 17, 16 |   1.5862004965887044e-04 |   1.5862004965887044e-04 | 1
 17, 17 |   1.8842329195596012e-03 |   1.8842329195596012e-03 | 1
 17, 18 |   1.6878377206712127e-04 |   1.6878377206712127e-04 | 1
 17, 19 |   1.9188761397417279e-04 |   1.9188761397417279e-04 | 1
 17, 20 |   1.1616536305944770e-04 |   1.1616536305944770e-04 | 1
 17, 21 |   2.8810442361340181e-04 |   2.8810442361340181e-04 | 1
 17, 22 |   1.4871361947783982e-04 |   1.4871361947783982e-04 | 1
 17, 23 |   2.3801365126735789e-04 |   2.3801365126735789e-04 | 1
 17, 24 |   2.0667372854507420e-04 |   2.0667372854507420e-04 | 1
 17, 25 |   1.6550746626099673e-04 |   1.6550746626099673e-04 | 1
 17, 26 |   4.8114482576864305e-04 |   4.8114482576864305e-04 | 1
 17, 27 |   2.7338490791241343e-04 |   2.7338490791241343e-04 | 1
 17, 28 |   1.8206466786102149e-04 |   1.8206466786102149e-04 | 1
 17, 29 |   2.7750881896521128e-04 |   2.7750881896521128e-04 | 1
 17, 30 |   3.0149792812058144e-04 |   3.0149792812058144e-04 | 1
 18,  1 |   4.3819694293202734e-04 |   4.3819694293202734e-04 | 1
 18,  2 |   7.9153232590227059e-05 |   7.9153232590227059e-05 | 1
 18,  3 |   4.6959013511999287e-04 |   4.6959013511999287e-04 | 1
 18,  4 |   1.5438926037196851e-04 |   1.5438926037196851e-04 | 1
 18,  5 |   4.6674028547871358e-04 |   4.6674028547871358e-04 | 1
 18,  6 |   3.2292662939074088e-04 |   3.2292662939074088e-04 | 1
 18,  7 |   3.0220756354810540e-04 |   3.0220756354810540e-04 | 1
 18,  8 |   4.9928393479044622e-04 |   4.9928393479044622e-04 | 1
 18,  9 |   4.0885615094685081e-04 |   4.0885615094685081e-04 | 1
 18, 10 |  -5.4757998585209947e-04 |  -5.4757998585209947e-04 | 1
 18, 11 |   6.2164628517880993e-05 |   6.2164628517880993e-05 | 1
 18, 12 |   1.0740172326731399e-03 |   1.0740172326731399e-03 | 1
 18, 13 |   8.3703778123381603e-04 |   8.3703778123381603e-04 | 1
 18, 14 |   5.0452249367147033e-04 |   5.0452249367147033e-04 | 1
 18, 15 |   2.4104321228567030e-04 |   2.4104321228567030e-04 | 1
 18, 16 |   3.9647341372162315e-04 |   3.9647341372162315e-04 | 1
 18, 17 |   1.6878377206712127e-04 |   1.6878377206712127e-04 | 1
 18, 18 |   2.5875704123767920e-03 |   2.5875704123767920e-03 | 1
 18, 19 |   2.1870562284135057e-04 |   2.1870562284135057e-04 | 1
 18, 20 |   4.7613392191217356e-04 |   4.7613392191217356e-04 | 1
 18, 21 |  -3.6035816275427080e-04 |  -3.6035816275427080e-04 | 1
 18, 22 |   3.3828989246771982e-04 |   3.3828989246771982e-04 | 1
 18, 23 |   4.4713361035252113e-05 |   4.4713361035252113e-05 | 1
 18, 24 |   1.6223703169821623e-04 |   1.6223703169821623e-04 | 1
 18, 25 |   2.5873119126823031e-04 |   2.5873119126823031e-04 | 1
 18, 26 |  -1.2636795573341588e-03 |  -1.2636795573341588e-03 | 1
 18, 27 |  -2.1617079308594112e-04 |  -2.1617079308594112e-04 | 1
 18, 28 |   3.7105771859068505e-04 |   3.7105771859068505e-04 | 1
 18, 29 |  -3.0391475171200830e-04 |  -3.0391475171200830e-04 | 1
 18, 30 |  -3.9720232708689054e-04 |  -3.9720232708689054e-04 | 1
 19,  1 |   1.8992408773486680e-04 |   1.8992408773486680e-04 | 1
 19,  2 |   2.1163634293504659e-04 |   2.1163634293504659e-04 | 1
 19,  3 |   1.9794344610741364e-04 |   1.9794344610741364e-04 | 1
 19,  4 |   1.5648150033781773e-04 |   1.5648150033781773e-04 | 1
 19,  5 |   1.7073041178252747e-04 |   1.7073041178252747e-04 | 1
 19,  6 |   2.1189049433731610e-04 |   2.1189049433731610e-04 | 1
 19,  7 |   2.1205423584800940e-04 |   2.1205423584800940e-04 | 1
 19,  8 |   1.8075722700582026e-04 |   1.8075722700582026e-04 | 1
 19,  9 |   2.6471143687843680e-04 |   2.6471143687843680e-04 | 1
 19, 10 |   3.4867224840523633e-04 |   3.4867224840523633e-04 | 1
 19, 11 |   2.3767171177411687e-04 |   2.3767171177411687e-04 | 1
 19, 12 |   1.6631812095370684e-04 |   1.6631812095370684e-04 | 1
 19, 13 |   1.8334277090475292e-04 |   1.8334277090475292e-04 | 1
 19, 14 |   5.8367357381273175e-04 |   5.8367357381273175e-04 | 1
 19, 15 |   2.3340800423133474e-04 |   2.3340800423133474e-04 | 1
 19, 16 |   1.9275601273609404e-04 |   1.9275601273609404e-04 | 1
 19, 17 |   1.9188761397417279e-04 |   1.9188761397417279e-04 | 1
 19, 18 |   2.1870562284135057e-04 |   2.1870562284135057e-04 | 1
 19, 19 |   1.1272648302163330e-03 |   1.1272648302163330e-03 | 1
 19, 20 |   1.5500498726095803e-04 |   1.5500498726095803e-04 | 1
 19, 21 |   2.6953258867374360e-04 |   2.6953258867374360e-04 | 1
 19, 22 |   1.7926639373335080e-04 |   1.7926639373335080e-04 | 1
 19, 23 |   2.4850914215113467e-04 |   2.4850914215113467e-04 | 1
 19, 24 |   2.2454729077156000e-04 |   2.2454729077156000e-04 | 1
 19, 25 |   1.8895702988595297e-04 |   1.8895702988595297e-04 | 1
 19, 26 |   3.9909606122685029e-04 |   3.9909606122685029e-04 | 1
 19, 27 |   2.6481911025084276e-04 |   2.6481911025084276e-04 | 1
 19, 28 |   2.1523294430071297e-04 |   2.1523294430071297e-04 | 1
 19, 29 |   2.6206083070197026e-04 |   2.6206083070197026e-04 | 1
 19, 30 |   2.7997093798946772e-04 |   2.7997093798946772e-04 | 1
 20,  1 |   3.3564758677066581e-04 |   3.3564758677066581e-04 | 1
 20,  2 |   4.1039414284375934e-05 |   4.1039414284375934e-05 | 1
 20,  3 |   3.6030794146019450e-04 |   3.6030794146019450e-04 | 1
 20,  4 |   1.1010573373361426e-04 |   1.1010573373361426e-04 | 1
 20,  5 |   3.6035635230315539e-04 |   3.6035635230315539e-04 | 1
 20,  6 |   2.3898902797330642e-04 |   2.3898902797330642e-04 | 1
 20,  7 |   2.2247556238202585e-04 |   2.2247556238202585e-04 | 1
 20,  8 |   3.8631032394766801e-04 |   3.8631032394766801e-04 | 1
 20,  9 |   3.0361002672374757e-04 |   3.0361002672374757e-04 | 1
 20, 10 |  -4.8322140938424519e-04 |  -4.8322140938424519e-04 | 1
 20, 11 |   2.4108126609582336e-05 |   2.4108126609582336e-05 | 1
 20, 12 |   8.5662107131682930e-04 |   8.5662107131682930e-04 | 1
 20, 13 |   6.6107530516402893e-04 |   6.6107530516402893e-04 | 1
 20, 14 |   3.4927049821146242e-04 |   3.4927049821146242e-04 | 1
 20, 15 |   1.7002885312366158e-04 |   1.7002885312366158e-04 | 1
 20, 16 |   3.0176715276765040e-04 |   3.0176715276765040e-04 | 1
 20, 17 |   1.1616536305944770e-04 |   1.1616536305944770e-04 | 1
 20, 18 |   4.7613392191217356e-04 |   4.7613392191217356e-04 | 1
 20, 19 |   1.5500498726095803e-04 |   1.5500498726095803e-04 | 1
 20, 20 |   4.9434758093991711e-03 |   4.9434758093991711e-03 | 1
 20, 21 |  -3.2273850504863880e-04 |  -3.2273850504863880e-04 | 1
 20, 22 |   2.5498950652011259e-04 |   2.5498950652011259e-04 | 1
 20, 23 |   9.7484469198461514e-06 |   9.7484469198461514e-06 | 1
 20, 24 |   1.0734171227639498e-04 |   1.0734171227639498e-04 | 1
 20, 25 |   1.9080399376622125e-04 |   1.9080399376622125e-04 | 1
 20, 26 |  -1.0732261952858318e-03 |  -1.0732261952858318e-03 | 1
 20, 27 |  -2.0507135766707280e-04 |  -2.0507135766707280e-04 | 1
 20, 28 |   2.7882468555934594e-04 |   2.7882468555934594e-04 | 1
 20, 29 |  -2.7569680273182575e-04 |  -2.7569680273182575e-04 | 1
 20, 30 |  -3.5407767292478973e-04 |  -3.5407767292478973e-04 | 1
 21,  1 |  -1.5908595854372307e-04 |  -1.5908595854372307e-04 | 1
 21,  2 |   4.9333043916189603e-04 |   4.9333043916189603e-04 | 1
 21,  3 |  -1.8718251153986037e-04 |  -1.8718251153986037e-04 | 1
 21,  4 |   2.0936738024863045e-04 |   2.0936738024863045e-04 | 1
 21,  5 |  -2.6048949564711117e-04 |  -2.6048949564711117e-04 | 1
 21,  6 |   9.5260829832265111e-05 |   9.5260829832265111e-05 | 1
 21,  7 |   1.2978110793973984e-04 |   1.2978110793973984e-04 | 1
 21,  8 |  -2.8546716124252993e-04 |  -2.8546716124252993e-04 | 1
 21,  9 |   1.0930723559067207e-04 |   1.0930723559067207e-04 | 1
 21, 10 |   1.9257867220091505e-03 |   1.9257867220091505e-03 | 1
 21, 11 |   5.9864677357463988e-04 |   5.9864677357463988e-04 | 1
 21, 12 |  -1.2725521314918163e-03 |  -1.2725521314918163e-03 | 1
 21, 13 |  -8.3238379504194202e-04 |  -8.3238379504194202e-04 | 1
 21, 14 |   8.8220375612988247e-04 |   8.8220375612988247e-04 | 1
 21, 15 |   2.9413451728103836e-04 |   2.9413451728103836e-04 | 1
 21, 16 |  -8.2647590439704815e-05 |  -8.2647590439704815e-05 | 1
 21, 17 |   2.8810442361340181e-04 |   2.8810442361340181e-04 | 1
 21, 18 |  -3.6035816275427080e-04 |  -3.6035816275427080e-04 | 1
 21, 19 |   2.6953258867374360e-04 |   2.6953258867374360e-04 | 1
 21, 20 |  -3.2273850504863880e-04 |  -3.2273850504863880e-04 | 1
 21, 21 |   6.4278231977833288e-03 |   6.4278231977833288e-03 | 1
 21, 22 |  -2.7722201717956225e-05 |  -2.7722201717956225e-05 | 1
 21, 23 |   6.5787643000700976e-04 |   6.5787643000700976e-04 | 1
 21, 24 |   3.9600551325434587e-04 |   3.9600551325434587e-04 | 1
 21, 25 |   1.3078821785963383e-04 |   1.3078821785963383e-04 | 1
 21, 26 |   3.2507596561359700e-03 |   3.2507596561359700e-03 | 1
 21, 27 |   1.1335902513420304e-03 |   1.1335902513420304e-03 | 1
 21, 28 |   2.4960927059384369e-05 |   2.4960927059384369e-05 | 1
 21, 29 |   1.2708432665486614e-03 |   1.2708432665486614e-03 | 1
 21, 30 |   1.4770748450213694e-03 |   1.4770748450213694e-03 | 1
 22,  1 |   2.5601029823388028e-04 |   2.5601029823388028e-04 | 1
 22,  2 |   1.2262251814189394e-04 |   1.2262251814189394e-04 | 1
 22,  3 |   2.7220403982631104e-04 |   2.7220403982631104e-04 | 1
 22,  4 |   1.3017733882979792e-04 |   1.3017733882979792e-04 | 1
 22,  5 |   2.5956331323721208e-04 |   2.5956331323721208e-04 | 1
 22,  6 |   2.1942546933725041e-04 |   2.1942546933725041e-04 | 1
 22,  7 |   2.1214112968419082e-04 |   2.1214112968419082e-04 | 1
 22,  8 |   2.7595252255960907e-04 |   2.7595252255960907e-04 | 1
 22,  9 |   2.7667585050312777e-04 |   2.7667585050312777e-04 | 1
 22, 10 |  -6.8873613299899787e-05 |  -6.8873613299899787e-05 | 1
 22, 11 |   1.2702102811491030e-04 |   1.2702102811491030e-04 | 1
 22, 12 |   4.9985519068653666e-04 |   4.9985519068653666e-04 | 1
 22, 13 |   4.1201009986527375e-04 |   4.1201009986527375e-04 | 1
 22, 14 |   4.4852363760226568e-04 |   4.4852363760226568e-04 | 1
 22, 15 |   1.9657998114049792e-04 |   1.9657998114049792e-04 | 1
 22, 16 |   2.4041501695521987e-04 |   2.4041501695521987e-04 | 1
 22, 17 |   1.4871361947783982e-04 |   1.4871361947783982e-04 | 1
 22, 18 |   3.3828989246771982e-04 |   3.3828989246771982e-04 | 1
 22, 19 |   1.7926639373335080e-04 |   1.7926639373335080e-04 | 1
 22, 20 |   2.5498950652011259e-04 |   2.5498950652011259e-04 | 1
 22, 21 |  -2.7722201717956225e-05 |  -2.7722201717956225e-05 | 1
 22, 22 |   2.6032183988397824e-03 |   2.6032183988397824e-03 | 1
 22, 23 |   1.2525962754085605e-04 |   1.2525962754085605e-04 | 1
 22, 24 |   1.6065476277898696e-04 |   1.6065476277898696e-04 | 1
 22, 25 |   1.8369196012600240e-04 |   1.8369196012600240e-04 | 1
 22, 26 |  -3.3183878700267656e-04 |  -3.3183878700267656e-04 | 1
 22, 27 |   2.7198531931131906e-05 |   2.7198531931131906e-05 | 1
 22, 28 |   2.4005778495138325e-04 |   2.4005778495138325e-04 | 1
 22, 29 |  -9.1206826246461272e-06 |  -9.1206826246461272e-06 | 1
 22, 30 |  -3.8429545323372810e-05 |  -3.8429545323372810e-05 | 1
 23,  1 |   8.9459932858061711e-05 |   8.9459932858061711e-05 | 1
 23,  2 |   3.2072602600149807e-04 |   3.2072602600149807e-04 | 1
 23,  3 |   8.6183079394679156e-05 |   8.6183079394679156e-05 | 1
 23,  4 |   1.8652063452007729e-04 |   1.8652063452007729e-04 | 1
 23,  5 |   4.2043499250267867e-05 |   4.2043499250267867e-05 | 1
 23,  6 |   1.8967958129885673e-04 |   1.8967958129885673e-04 | 1
 23,  7 |   2.0132261028025811e-04 |   2.0132261028025811e-04 | 1
 23,  8 |   4.1069917705893465e-05 |   4.1069917705893465e-05 | 1
 23,  9 |   2.3414563288997773e-04 |   2.3414563288997773e-04 | 1
 23, 10 |   8.9512334794733094e-04 |   8.9512334794733094e-04 | 1
 23, 11 |   3.7477743005411414e-04 |   3.7477743005411414e-04 | 1
 23, 12 |  -2.9493316444075327e-04 |  -2.9493316444075327e-04 | 1
 23, 13 |  -1.3729070499183179e-04 |  -1.3729070499183179e-04 | 1
 23, 14 |   7.2531473072988981e-04 |   7.2531473072988981e-04 | 1
 23, 15 |   2.7139062860813325e-04 |   2.7139062860813325e-04 | 1
 23, 16 |   1.1670720822766489e-04 |   1.1670720822766489e-04 | 1
 23, 17 |   2.3801365126735789e-04 |   2.3801365126735789e-04 | 1
 23, 18 |   4.4713361035252113e-05 |   4.4713361035252113e-05 | 1
 23, 19 |   2.4850914215113467e-04 |   2.4850914215113467e-04 | 1
 23, 20 |   9.7484469198461514e-06 |   9.7484469198461514e-06 | 1
 23, 21 |   6.5787643000700976e-04 |   6.5787643000700976e-04 | 1
 23, 22 |   1.2525962754085605e-04 |   1.2525962754085605e-04 | 1
 23, 23 |   7.5882342122843608e-04 |   7.5882342122843608e-04 | 1
 23, 24 |   2.9822781359680113e-04 |   2.9822781359680113e-04 | 1
 23, 25 |   1.8412928825073852e-04 |   1.8412928825073852e-04 | 1
 23, 26 |   1.3693869206845670e-03 |   1.3693869206845670e-03 | 1
 23, 27 |   5.7100873396026064e-04 |   5.7100873396026064e-04 | 1
 23, 28 |   1.6899890251797998e-04 |   1.6899890251797998e-04 | 1
 23, 29 |   6.1462551423920975e-04 |   6.1462551423920975e-04 | 1
 23, 30 |   6.9581822676310478e-04 |   6.9581822676310478e-04 | 1
 24,  1 |   1.5710597369151066e-04 |   1.5710597369151066e-04 | 1
 24,  2 |   2.4718074877922791e-04 |   2.4718074877922791e-04 | 1
 24,  3 |   1.6136379899142308e-04 |   1.6136379899142308e-04 | 1
 24,  4 |   1.6657122180825591e-04 |   1.6657122180825591e-04 | 1
 24,  5 |   1.2878182279887131e-04 |   1.2878182279887131e-04 | 1
 24,  6 |   2.0492330527724571e-04 |   2.0492330527724571e-04 | 1
 24,  7 |   2.0856539740165820e-04 |   2.0856539740165820e-04 | 1
 24,  8 |   1.3558297380142814e-04 |   1.3558297380142814e-04 | 1
 24,  9 |   2.5443259040638109e-04 |   2.5443259040638109e-04 | 1
 24, 10 |   5.2680768021702074e-04 |   5.2680768021702074e-04 | 1
 24, 11 |   2.8278058986805360e-04 |   2.8278058986805360e-04 | 1
 24, 12 |   1.5624649156715603e-05 |   1.5624649156715603e-05 | 1
 24, 13 |   7.8848778299212542e-05 |   7.8848778299212542e-05 | 1
 24, 14 |   6.2565605070387582e-04 |   6.2565605070387582e-04 | 1
 24, 15 |   2.4647435128857559e-04 |   2.4647435128857559e-04 | 1
 24, 16 |   1.6794260010008895e-04 |   1.6794260010008895e-04 | 1
 24, 17 |   2.0667372854507420e-04 |   2.0667372854507420e-04 | 1
 24, 18 |   1.6223703169821623e-04 |   1.6223703169821623e-04 | 1
 24, 19 |   2.2454729077156000e-04 |   2.2454729077156000e-04 | 1
 24, 20 |   1.0734171227639498e-04 |   1.0734171227639498e-04 | 1
 24, 21 |   3.9600551325434587e-04 |   3.9600551325434587e-04 | 1
 24, 22 |   1.6065476277898696e-04 |   1.6065476277898696e-04 | 1
 24, 23 |   2.9822781359680113e-04 |   2.9822781359680113e-04 | 1
 24, 24 |   1.4475784200638220e-03 |   1.4475784200638220e-03 | 1
 24, 25 |   1.8718179190923726e-04 |   1.8718179190923726e-04 | 1
 24, 26 |   7.1613603145265399e-04 |   7.1613603145265399e-04 | 1
 24, 27 |   3.6482903026109566e-04 |   3.6482903026109566e-04 | 1
 24, 28 |   2.0028803181703665e-04 |   2.0028803181703665e-04 | 1
 24, 29 |   3.7741666459347313e-04 |   3.7741666459347313e-04 | 1
 24, 30 |   4.1637818764114255e-04 |   4.1637818764114255e-04 | 1
 25,  1 |   2.0870239372536712e-04 |   2.0870239372536712e-04 | 1
 25,  2 |   1.6350439282626687e-04 |   1.6350439282626687e-04 | 1
 25,  3 |   2.1945370184732336e-04 |   2.1945370184732336e-04 | 1
 25,  4 |   1.3698526421867608e-04 |   1.3698526421867608e-04 | 1
 25,  5 |   1.9946617472124027e-04 |   1.9946617472124027e-04 | 1
 25,  6 |   2.0480890451298590e-04 |   2.0480890451298590e-04 | 1
 25,  7 |   2.0105473548527434e-04 |   2.0105473548527434e-04 | 1
 25,  8 |   2.1257928855786295e-04 |   2.1257928855786295e-04 | 1
 25,  9 |   2.5650165094311421e-04 |   2.5650165094311421e-04 | 1
 25, 10 |   1.5650552761228560e-04 |   1.5650552761228560e-04 | 1
 25, 11 |   1.7916917791188029e-04 |   1.7916917791188029e-04 | 1
 25, 12 |   2.9892965291986110e-04 |   2.9892965291986110e-04 | 1
 25, 13 |   2.7143288434167628e-04 |   2.7143288434167628e-04 | 1
 25, 14 |   5.0465287542556512e-04 |   5.0465287542556512e-04 | 1
 25, 15 |   2.0596094729915940e-04 |   2.0596094729915940e-04 | 1
 25, 16 |   2.0412570346800139e-04 |   2.0412570346800139e-04 | 1
 25, 17 |   1.6550746626099673e-04 |   1.6550746626099673e-04 | 1
 25, 18 |   2.5873119126823031e-04 |   2.5873119126823031e-04 | 1
 25, 19 |   1.8895702988595297e-04 |   1.8895702988595297e-04 | 1
 25, 20 |   1.9080399376622125e-04 |   1.9080399376622125e-04 | 1
 25, 21 |   1.3078821785963383e-04 |   1.3078821785963383e-04 | 1
 25, 22 |   1.8369196012600240e-04 |   1.8369196012600240e-04 | 1
 25, 23 |   1.8412928825073852e-04 |   1.8412928825073852e-04 | 1
 25, 24 |   1.8718179190923726e-04 |   1.8718179190923726e-04 | 1
 25, 25 |   3.3397309547877939e-03 |   3.3397309547877939e-03 | 1
 25, 26 |   7.1139173282487329e-05 |   7.1139173282487329e-05 | 1
 25, 27 |   1.5240636479304370e-04 |   1.5240636479304370e-04 | 1
 25, 28 |   2.1597191494249961e-04 |   2.1597191494249961e-04 | 1
 25, 29 |   1.3596151776046084e-04 |   1.3596151776046084e-04 | 1
 25, 30 |   1.3250616348681692e-04 |   1.3250616348681692e-04 | 1
 26,  1 |  -6.9307890358007726e-04 |  -6.9307890358007726e-04 | 1
 26,  2 |   9.8993222306309990e-04 |   9.8993222306309990e-04 | 1
 26,  3 |  -7.7859731367310335e-04 |  -7.7859731367310335e-04 | 1
 26,  4 |   3.2162664161130693e-04 |   3.2162664161130693e-04 | 1
 26,  5 |  -9.3364113488119717e-04 |  -9.3364113488119717e-04 | 1
 26,  6 |  -5.6630226424215835e-05 |  -5.6630226424215835e-05 | 1
 26,  7 |   3.3374510590870131e-05 |   3.3374510590870131e-05 | 1
 26,  8 |  -1.0122243439978390e-03 |  -1.0122243439978390e-03 | 1
 26,  9 |  -9.5512301628700250e-05 |  -9.5512301628700250e-05 | 1
 26, 10 |   4.5574350893297887e-03 |   4.5574350893297887e-03 | 1
 26, 11 |   1.2291251268731758e-03 |   1.2291251268731758e-03 | 1
 26, 12 |  -3.5860338888502744e-03 |  -3.5860338888502744e-03 | 1
 26, 13 |  -2.4545316887773757e-03 |  -2.4545316887773757e-03 | 1
 26, 14 |   1.4808394863115998e-03 |   1.4808394863115998e-03 | 1
 26, 15 |   4.3366401107081506e-04 |   4.3366401107081506e-04 | 1
 26, 16 |  -4.9589563541677160e-04 |  -4.9589563541677160e-04 | 1
 26, 17 |   4.8114482576864305e-04 |   4.8114482576864305e-04 | 1
 26, 18 |  -1.2636795573341588e-03 |  -1.2636795573341588e-03 | 1
 26, 19 |   3.9909606122685029e-04 |   3.9909606122685029e-04 | 1
 26, 20 |  -1.0732261952858318e-03 |  -1.0732261952858318e-03 | 1
 26, 21 |   3.2507596561359700e-03 |   3.2507596561359700e-03 | 1
 26, 22 |  -3.3183878700267656e-04 |  -3.3183878700267656e-04 | 1
 26, 23 |   1.3693869206845670e-03 |   1.3693869206845670e-03 | 1
 26, 24 |   7.1613603145265399e-04 |   7.1613603145265399e-04 | 1
 26, 25 |   7.1139173282487329e-05 |   7.1139173282487329e-05 | 1
 26, 26 |   8.3219193072066721e-03 |   8.3219193072066721e-03 | 1
 26, 27 |   2.5967546256979853e-03 |   2.5967546256979853e-03 | 1
 26, 28 |  -2.4567960506370872e-04 |  -2.4567960506370872e-04 | 1
 26, 29 |   2.9616981505320742e-03 |   2.9616981505320742e-03 | 1
 26, 30 |   3.4776129488494588e-03 |   3.4776129488494588e-03 | 1
 27,  1 |  -6.9858929675906985e-05 |  -6.9858929675906985e-05 | 1
 27,  2 |   4.3544739407776222e-04 |   4.3544739407776222e-04 | 1
 27,  3 |  -8.9251223216480730e-05 |  -8.9251223216480730e-05 | 1
 27,  4 |   2.0175206638944291e-04 |   2.0175206638944291e-04 | 1
 27,  5 |  -1.5358504967677032e-04 |  -1.5358504967677032e-04 | 1
 27,  6 |   1.3097962683172550e-04 |   1.3097962683172550e-04 | 1
 27,  7 |   1.5678452658834550e-04 |   1.5678452658834550e-04 | 1
 27,  8 |  -1.6891105725725579e-04 |  -1.6891105725725579e-04 | 1
 27,  9 |   1.5570033882953441e-04 |   1.5570033882953441e-04 | 1
 27, 10 |   1.5691308004891981e-03 |   1.5691308004891981e-03 | 1
 27, 11 |   5.2348105734347969e-04 |   5.2348105734347969e-04 | 1
 27, 12 |  -9.2866116889958616e-04 |  -9.2866116889958616e-04 | 1
 27, 13 |  -5.8711933913606785e-04 |  -5.8711933913606785e-04 | 1
 27, 14 |   8.3626837873604842e-04 |   8.3626837873604842e-04 | 1
 27, 15 |   2.8866764154431848e-04 |   2.8866764154431848e-04 | 1
 27, 16 |  -1.0330802184499617e-05 |  -1.0330802184499617e-05 | 1
 27, 17 |   2.7338490791241343e-04 |   2.7338490791241343e-04 | 1
 27, 18 |  -2.1617079308594112e-04 |  -2.1617079308594112e-04 | 1
 27, 19 |   2.6481911025084276e-04 |   2.6481911025084276e-04 | 1
 27, 20 |  -2.0507135766707280e-04 |  -2.0507135766707280e-04 | 1
 27, 21 |   1.1335902513420304e-03 |   1.1335902513420304e-03 | 1
 27, 22 |   2.7198531931131906e-05 |   2.7198531931131906e-05 | 1
 27, 23 |   5.7100873396026064e-04 |   5.7100873396026064e-04 | 1
 27, 24 |   3.6482903026109566e-04 |   3.6482903026109566e-04 | 1
 27, 25 |   1.5240636479304370e-04 |   1.5240636479304370e-04 | 1
 27, 26 |   2.5967546256979853e-03 |   2.5967546256979853e-03 | 1
 27, 27 |   1.6093577767855212e-03 |   1.6093577767855212e-03 | 1
 27, 28 |   7.8377723997015441e-05 |   7.8377723997015441e-05 | 1
 27, 29 |   1.0448472627296148e-03 |   1.0448472627296148e-03 | 1
 27, 30 |   1.2077865406721457e-03 |   1.2077865406721457e-03 | 1
 28,  1 |   2.8566330784978908e-04 |   2.8566330784978908e-04 | 1
 28,  2 |   1.6015473917396111e-04 |   1.6015473917396111e-04 | 1
 28,  3 |   3.0263578038809230e-04 |   3.0263578038809230e-04 | 1
 28,  4 |   1.5556833861880045e-04 |   1.5556833861880045e-04 | 1
 28,  5 |   2.8498118904782483e-04 |   2.8498118904782483e-04 | 1
 28,  6 |   2.5462454989472563e-04 |   2.5462454989472563e-04 | 1
 28,  7 |   2.4648611870531681e-04 |   2.4648611870531681e-04 | 1
 28,  8 |   3.0421029865343213e-04 |   3.0421029865343213e-04 | 1
 28,  9 |   3.2012815207842736e-04 |   3.2012815207842736e-04 | 1
 28, 10 |   4.7730766708517047e-07 |   4.7730766708517047e-07 | 1
 28, 11 |   1.6964059124352317e-04 |   1.6964059124352317e-04 | 1
 28, 12 |   5.1801366876695078e-04 |   5.1801366876695078e-04 | 1
 28, 13 |   4.3642726119609793e-04 |   4.3642726119609793e-04 | 1
 28, 14 |   5.4995265356398845e-04 |   5.4995265356398845e-04 | 1
 28, 15 |   2.3618021298502041e-04 |   2.3618021298502041e-04 | 1
 28, 16 |   2.7142150149219921e-04 |   2.7142150149219921e-04 | 1
 28, 17 |   1.8206466786102149e-04 |   1.8206466786102149e-04 | 1
 28, 18 |   3.7105771859068505e-04 |   3.7105771859068505e-04 | 1
 28, 19 |   2.1523294430071297e-04 |   2.1523294430071297e-04 | 1
 28, 20 |   2.7882468555934594e-04 |   2.7882468555934594e-04 | 1
 28, 21 |   2.4960927059384369e-05 |   2.4960927059384369e-05 | 1
 28, 22 |   2.4005778495138325e-04 |   2.4005778495138325e-04 | 1
 28, 23 |   1.6899890251797998e-04 |   1.6899890251797998e-04 | 1
 28, 24 |   2.0028803181703665e-04 |   2.0028803181703665e-04 | 1
 28, 25 |   2.1597191494249961e-04 |   2.1597191494249961e-04 | 1
 28, 26 |  -2.4567960506370872e-04 |  -2.4567960506370872e-04 | 1
 28, 27 |   7.8377723997015441e-05 |   7.8377723997015441e-05 | 1
 28, 28 |   1.3227730018297557e-03 |   1.3227730018297557e-03 | 1
 28, 29 |   4.2805474847354539e-05 |   4.2805474847354539e-05 | 1
 28, 30 |   1.7615979412971555e-05 |   1.7615979412971555e-05 | 1
 29,  1 |  -1.2565247002809411e-04 |  -1.2565247002809411e-04 | 1
 29,  2 |   4.6312073933603236e-04 |   4.6312073933603236e-04 | 1
 29,  3 |  -1.5039213596197460e-04 |  -1.5039213596197460e-04 | 1
 29,  4 |   2.0252286187603385e-04 |   2.0252286187603385e-04 | 1
 29,  5 |  -2.1895178843356691e-04 |  -2.1895178843356691e-04 | 1
 29,  6 |   1.0503713115001685e-04 |   1.0503713115001685e-04 | 1
 29,  7 |   1.3590790238536958e-04 |   1.3590790238536958e-04 | 1
 29,  8 |  -2.3995822783108467e-04 |  -2.3995822783108467e-04 | 1
 29,  9 |   1.2235350089013255e-04 |   1.2235350089013255e-04 | 1
 29, 10 |   1.7653375577165007e-03 |   1.7653375577165007e-03 | 1
 29, 11 |   5.6052835641480806e-04 |   5.6052835641480806e-04 | 1
 29, 12 |  -1.1297319647512296e-03 |  -1.1297319647512296e-03 | 1
 29, 13 |  -7.3192990982200081e-04 |  -7.3192990982200081e-04 | 1
 29, 14 |   8.5032898573673694e-04 |   8.5032898573673694e-04 | 1
 29, 15 |   2.8585980256263794e-04 |   2.8585980256263794e-04 | 1
 29, 16 |  -5.6271018808459493e-05 |  -5.6271018808459493e-05 | 1
 29, 17 |   2.7750881896521128e-04 |   2.7750881896521128e-04 | 1
 29, 18 |  -3.0391475171200830e-04 |  -3.0391475171200830e-04 | 1
 29, 19 |   2.6206083070197026e-04 |   2.6206083070197026e-04 | 1
 29, 20 |  -2.7569680273182575e-04 |  -2.7569680273182575e-04 | 1
 29, 21 |   1.2708432665486614e-03 |   1.2708432665486614e-03 | 1
 29, 22 |  -9.1206826246461272e-06 |  -9.1206826246461272e-06 | 1
 29, 23 |   6.1462551423920975e-04 |   6.1462551423920975e-04 | 1
 29, 24 |   3.7741666459347313e-04 |   3.7741666459347313e-04 | 1
 29, 25 |   1.3596151776046084e-04 |   1.3596151776046084e-04 | 1
 29, 26 |   2.9616981505320742e-03 |   2.9616981505320742e-03 | 1
 29, 27 |   1.0448472627296148e-03 |   1.0448472627296148e-03 | 1
 29, 28 |   4.2805474847354539e-05 |   4.2805474847354539e-05 | 1
 29, 29 |   2.0815718685626679e-03 |   2.0815718685626679e-03 | 1
 29, 30 |   1.3553059605161269e-03 |   1.3553059605161269e-03 | 1
 30,  1 |  -1.7979410161920409e-04 |  -1.7979410161920409e-04 | 1
 30,  2 |   5.2092540406605968e-04 |   5.2092540406605968e-04 | 1
 30,  3 |  -2.1038264557415648e-04 |  -2.1038264557415648e-04 | 1
 30,  4 |   2.1768144685947372e-04 |   2.1768144685947372e-04 | 1
 30,  5 |  -2.8863981473978886e-04 |  -2.8863981473978886e-04 | 1
 30,  6 |   9.3150390966073265e-05 |   9.3150390966073265e-05 | 1
 30,  7 |   1.2955779206912625e-04 |   1.2955779206912625e-04 | 1
 30,  8 |  -3.1488500996648162e-04 |  -3.1488500996648162e-04 | 1
 30,  9 |   1.0577818835086865e-04 |   1.0577818835086865e-04 | 1
 30, 10 |   2.0553311714960475e-03 |   2.0553311714960475e-03 | 1
 30, 11 |   6.3349031857980317e-04 |   6.3349031857980317e-04 | 1
 30, 12 |  -1.3762359130665967e-03 |  -1.3762359130665967e-03 | 1
 30, 13 |  -9.0394543665765379e-04 |  -9.0394543665765379e-04 | 1
 30, 14 |   9.2062316371884227e-04 |   9.2062316371884227e-04 | 1
 30, 15 |   3.0562980464791641e-04 |   3.0562980464791641e-04 | 1
 30, 16 |  -9.7197126162874254e-05 |  -9.7197126162874254e-05 | 1
 30, 17 |   3.0149792812058144e-04 |   3.0149792812058144e-04 | 1
 30, 18 |  -3.9720232708689054e-04 |  -3.9720232708689054e-04 | 1
 30, 19 |   2.7997093798946772e-04 |   2.7997093798946772e-04 | 1
 30, 20 |  -3.5407767292478973e-04 |  -3.5407767292478973e-04 | 1
 30, 21 |   1.4770748450213694e-03 |   1.4770748450213694e-03 | 1
 30, 22 |  -3.8429545323372810e-05 |  -3.8429545323372810e-05 | 1
 30, 23 |   6.9581822676310478e-04 |   6.9581822676310478e-04 | 1
 30, 24 |   4.1637818764114255e-04 |   4.1637818764114255e-04 | 1
 30, 25 |   1.3250616348681692e-04 |   1.3250616348681692e-04 | 1
 30, 26 |   3.4776129488494588e-03 |   3.4776129488494588e-03 | 1
 30, 27 |   1.2077865406721457e-03 |   1.2077865406721457e-03 | 1
 30, 28 |   1.7615979412971555e-05 |   1.7615979412971555e-05 | 1
 30, 29 |   1.3553059605161269e-03 |   1.3553059605161269e-03 | 1
 30, 30 |   3.5563433610274258e-03 |   3.5563433610274258e-03 | 1
