row,col | V_base                   | V_new                    | equal
  1,  1 |   9.3443799137581744e-05 |   9.3443799137581744e-05 | 1
  1,  2 |   4.1505696398205463e-05 |   4.1505696398205463e-05 | 1
  1,  3 |   5.2583258967269810e-05 |   5.2583258967269810e-05 | 1
  1,  4 |   2.5189372384862667e-05 |   2.5189372384862667e-05 | 1
  1,  5 |   7.8089760613106492e-05 |   7.8089760613106492e-05 | 1
  1,  6 |   3.9643891990923276e-05 |   3.9643891990923276e-05 | 1
  1,  7 |   4.9334606852365138e-05 |   4.9334606852365138e-05 | 1
  1,  8 |   6.0534404180652760e-06 |   6.0534404180652760e-06 | 1
  1,  9 |  -4.1667646462726618e-05 |  -4.1667646462726618e-05 | 1
  1, 10 |   1.0666570497936869e-04 |   1.0666570497936869e-04 | 1
  1, 11 |  -2.1186277205485220e-05 |  -2.1186277205485220e-05 | 1
  1, 12 |  -2.2889597832748160e-05 |  -2.2889597832748160e-05 | 1
  1, 13 |  -5.5687331601627312e-05 |  -5.5687331601627312e-05 | 1
  1, 14 |   4.8248344367461633e-05 |   4.8248344367461633e-05 | 1
  1, 15 |  -8.8183746762998693e-07 |  -8.8183746762998693e-07 | 1
  2,  1 |   4.1505696398205463e-05 |   4.1505696398205463e-05 | 1
  2,  2 |   7.0402154811792072e-04 |   7.0402154811792072e-04 | 1
  2,  3 |  -6.7896228508657302e-04 |  -6.7896228508657302e-04 | 1
  2,  4 |  -5.5435951583772373e-06 |  -5.5435951583772373e-06 | 1
  2,  5 |   1.5524851562652859e-04 |   1.5524851562652859e-04 | 1
  2,  6 |   1.4688255587243685e-05 |   1.4688255587243685e-05 | 1
  2,  7 |   4.3840714436802186e-05 |   4.3840714436802186e-05 | 1
  2,  8 |  -2.1921768020035428e-04 |  -2.1921768020035428e-04 | 1
  2,  9 |  -4.4554480852505396e-04 |  -4.4554480852505396e-04 | 1
  2, 10 |   5.6082910270196379e-04 |   5.6082910270196379e-04 | 1
  2, 11 |  -1.8565257871132209e-05 |  -1.8565257871132209e-05 | 1
  2, 12 |  -7.6622623823458482e-06 |  -7.6622623823458482e-06 | 1
  2, 13 |  -6.4194020359577687e-05 |  -6.4194020359577687e-05 | 1
  2, 14 |   4.5704653341584306e-05 |   4.5704653341584306e-05 | 1
  2, 15 |   2.2247481487792703e-04 |   2.2247481487792703e-04 | 1
  3,  1 |   5.2583258967269810e-05 |   5.2583258967269810e-05 | 1
  3,  2 |  -6.7896228508657302e-04 |  -6.7896228508657302e-04 | 1
  3,  3 |   2.0286153290824536e-02 |   2.0286153290824536e-02 | 1
  3,  4 |   6.4482106270739663e-04 |   6.4482106270739663e-04 | 1
  3,  5 |  -1.1565000288394020e-03 |  -1.1565000288394020e-03 | 1
  3,  6 |   1.4202252246076027e-03 |   1.4202252246076027e-03 | 1
  3,  7 |   1.7313065917362587e-05 |   1.7313065917362587e-05 | 1
  3,  8 |  -1.7940994033295774e-03 |  -1.7940994033295774e-03 | 1
  3,  9 |   1.2689721424930410e-02 |   1.2689721424930410e-02 | 1
  3, 10 |  -1.7843379517120426e-02 |  -1.7843379517120426e-02 | 1
  3, 11 |  -2.5752091941635457e-05 |  -2.5752091941635457e-05 | 1
  3, 12 |   1.2062473269572754e-04 |   1.2062473269572754e-04 | 1
  3, 13 |  -1.5374918610285034e-04 |  -1.5374918610285034e-04 | 1
  3, 14 |   4.7887133843482119e-05 |   4.7887133843482119e-05 | 1
  3, 15 |   1.7852511402816863e-03 |   1.7852511402816863e-03 | 1
  4,  1 |   2.5189372384862667e-05 |   2.5189372384862667e-05 | 1
  4,  2 |  -5.5435951583772373e-06 |  -5.5435951583772373e-06 | 1
  4,  3 |   6.4482106270739663e-04 |   6.4482106270739663e-04 | 1
  4,  4 |   3.2101622666788100e-02 |   3.2101622666788100e-02 | 1
  4,  5 |  -3.0439230033297740e-05 |  -3.0439230033297740e-05 | 1
  4,  6 |   5.0466131834252039e-05 |   5.0466131834252039e-05 | 1
  4,  7 |   1.0933096706107698e-05 |   1.0933096706107698e-05 | 1
  4,  8 |  -8.7549300133031328e-05 |  -8.7549300133031328e-05 | 1
  4,  9 |   2.7973197232188899e-04 |   2.7973197232188899e-04 | 1
  4, 10 |  -2.5305410513554237e-04 |  -2.5305410513554237e-04 | 1
  4, 11 |  -1.4441670579576162e-05 |  -1.4441670579576162e-05 | 1
  4, 12 |   4.5210781323261393e-07 |   4.5210781323261393e-07 | 1
  4, 13 |  -4.1016160583536860e-05 |  -4.1016160583536860e-05 | 1
  4, 14 |   2.7882077876714682e-05 |   2.7882077876714682e-05 | 1
  4, 15 |   9.1215990671349466e-05 |   9.1215990671349466e-05 | 1
  5,  1 |   7.8089760613106492e-05 |   7.8089760613106492e-05 | 1
  5,  2 |   1.5524851562652859e-04 |   1.5524851562652859e-04 | 1
  5,  3 |  -1.1565000288394020e-03 |  -1.1565000288394020e-03 | 1
  5,  4 |  -3.0439230033297740e-05 |  -3.0439230033297740e-05 | 1
  5,  5 |   1.3403476701965362e-02 |   1.3403476701965362e-02 | 1
  5,  6 |   4.4904384661917731e-05 |   4.4904384661917731e-05 | 1
  5,  7 |   1.1092589635084839e-04 |   1.1092589635084839e-04 | 1
  5,  8 |   1.9464241948088760e-04 |   1.9464241948088760e-04 | 1
  5,  9 |  -7.1576030794194318e-04 |  -7.1576030794194318e-04 | 1
  5, 10 |   8.6295582924069227e-04 |   8.6295582924069227e-04 | 1
  5, 11 |  -5.9671025060248342e-05 |  -5.9671025060248342e-05 | 1
  5, 12 |  -6.0470793595144266e-05 |  -6.0470793595144266e-05 | 1
  5, 13 |  -7.8348370163798108e-05 |  -7.8348370163798108e-05 | 1
  5, 14 |   9.4310038823616180e-05 |   9.4310038823616180e-05 | 1
  5, 15 |  -1.8664195088070258e-04 |  -1.8664195088070258e-04 | 1
  6,  1 |   3.9643891990923276e-05 |   3.9643891990923276e-05 | 1
  6,  2 |   1.4688255587243685e-05 |   1.4688255587243685e-05 | 1
  6,  3 |   1.4202252246076027e-03 |   1.4202252246076027e-03 | 1
  6,  4 |   5.0466131834252039e-05 |   5.0466131834252039e-05 | 1
  6,  5 |   4.4904384661917731e-05 |   4.4904384661917731e-05 | 1
  6,  6 |   9.0394600163447823e-03 |   9.0394600163447823e-03 | 1
  6,  7 |   4.3573950001109122e-05 |   4.3573950001109122e-05 | 1
  6,  8 |  -7.9430542923334671e-05 |  -7.9430542923334671e-05 | 1
  6,  9 |   9.0803788163431459e-04 |   9.0803788163431459e-04 | 1
  6, 10 |  -1.3699440734484029e-03 |  -1.3699440734484029e-03 | 1
  6, 11 |  -3.5489926635721725e-05 |  -3.5489926635721725e-05 | 1
  6, 12 |  -9.6465186456492978e-06 |  -9.6465186456492978e-06 | 1
  6, 13 |  -4.8150288792779097e-05 |  -4.8150288792779097e-05 | 1
  6, 14 |   4.7630304670521060e-05 |   4.7630304670521060e-05 | 1
  6, 15 |   7.9968207264453488e-05 |   7.9968207264453488e-05 | 1
  7,  1 |   4.9334606852365138e-05 |   4.9334606852365138e-05 | 1
  7,  2 |   4.3840714436802186e-05 |   4.3840714436802186e-05 | 1
  7,  3 |   1.7313065917362587e-05 |   1.7313065917362587e-05 | 1
  7,  4 |   1.0933096706107698e-05 |   1.0933096706107698e-05 | 1
  7,  5 |   1.1092589635084839e-04 |   1.1092589635084839e-04 | 1
  7,  6 |   4.3573950001109122e-05 |   4.3573950001109122e-05 | 1
  7,  7 |   7.1709792790181027e-04 |   7.1709792790181027e-04 | 1
  7,  8 |   3.3909142949111942e-05 |   3.3909142949111942e-05 | 1
  7,  9 |  -2.1463744535143157e-05 |  -2.1463744535143157e-05 | 1
  7, 10 |   3.0721525340611845e-05 |   3.0721525340611845e-05 | 1
  7, 11 |  -2.0482453235615727e-05 |  -2.0482453235615727e-05 | 1
  7, 12 |  -4.6195798223633805e-05 |  -4.6195798223633805e-05 | 1
  7, 13 |  -5.6845270192915556e-05 |  -5.6845270192915556e-05 | 1
  7, 14 |   5.7031191439017108e-05 |   5.7031191439017108e-05 | 1
  7, 15 |  -2.5251115218511509e-05 |  -2.5251115218511509e-05 | 1
  8,  1 |   6.0534404180652760e-06 |   6.0534404180652760e-06 | 1
  8,  2 |  -2.1921768020035428e-04 |  -2.1921768020035428e-04 | 1
  8,  3 |  -1.7940994033295774e-03 |  -1.7940994033295774e-03 | 1
  8,  4 |  -8.7549300133031328e-05 |  -8.7549300133031328e-05 | 1
  8,  5 |   1.9464241948088760e-04 |   1.9464241948088760e-04 | 1
  8,  6 |  -7.9430542923334671e-05 |  -7.9430542923334671e-05 | 1
  8,  7 |   3.3909142949111942e-05 |   3.3909142949111942e-05 | 1
  8,  8 |   3.9436361848690118e-04 |   3.9436361848690118e-04 | 1
  8,  9 |  -9.9715876456906707e-04 |  -9.9715876456906707e-04 | 1
  8, 10 |   1.1931570818864137e-03 |   1.1931570818864137e-03 | 1
  8, 11 |  -2.7076895220340205e-06 |  -2.7076895220340205e-06 | 1
  8, 12 |  -2.0767886037034276e-05 |  -2.0767886037034276e-05 | 1
  8, 13 |   1.6387635896861092e-06 |   1.6387635896861092e-06 | 1
  8, 14 |   8.2697476405050457e-06 |   8.2697476405050457e-06 | 1
  8, 15 |  -3.9172700601251668e-04 |  -3.9172700601251668e-04 | 1
  9,  1 |  -4.1667646462726618e-05 |  -4.1667646462726618e-05 | 1
  9,  2 |  -4.4554480852505396e-04 |  -4.4554480852505396e-04 | 1
  9,  3 |   1.2689721424930410e-02 |   1.2689721424930410e-02 | 1
  9,  4 |   2.7973197232188899e-04 |   2.7973197232188899e-04 | 1
  9,  5 |  -7.1576030794194318e-04 |  -7.1576030794194318e-04 | 1
  9,  6 |   9.0803788163431459e-04 |   9.0803788163431459e-04 | 1
  9,  7 |  -2.1463744535143157e-05 |  -2.1463744535143157e-05 | 1
  9,  8 |  -9.9715876456906707e-04 |  -9.9715876456906707e-04 | 1
  9,  9 |   8.3848910451323911e-03 |   8.3848910451323911e-03 | 1
  9, 10 |  -1.2347415069126816e-02 |  -1.2347415069126816e-02 | 1
  9, 11 |   2.2736061863293893e-05 |   2.2736061863293893e-05 | 1
  9, 12 |   1.0169422868449334e-04 |   1.0169422868449334e-04 | 1
  9, 13 |   8.5646223908637189e-06 |   8.5646223908637189e-06 | 1
  9, 14 |  -5.4361831698949372e-05 |  -5.4361831698949372e-05 | 1
  9, 15 |   9.8513696084112515e-04 |   9.8513696084112515e-04 | 1
 10,  1 |   1.0666570497936869e-04 |   1.0666570497936869e-04 | 1
 10,  2 |   5.6082910270196379e-04 |   5.6082910270196379e-04 | 1
 10,  3 |  -1.7843379517120426e-02 |  -1.7843379517120426e-02 | 1
 10,  4 |  -2.5305410513554237e-04 |  -2.5305410513554237e-04 | 1
 10,  5 |   8.6295582924069227e-04 |   8.6295582924069227e-04 | 1
 10,  6 |  -1.3699440734484029e-03 |  -1.3699440734484029e-03 | 1
 10,  7 |   3.0721525340611845e-05 |   3.0721525340611845e-05 | 1
 10,  8 |   1.1931570818864137e-03 |   1.1931570818864137e-03 | 1
 10,  9 |  -1.2347415069126816e-02 |  -1.2347415069126816e-02 | 1
 10, 10 |   1.9784665913819867e-02 |   1.9784665913819867e-02 | 1
 10, 11 |  -6.5044315829577886e-05 |  -6.5044315829577886e-05 | 1
 10, 12 |  -1.8690422464023789e-04 |  -1.8690422464023789e-04 | 1
 10, 13 |  -5.8603959167601492e-05 |  -5.8603959167601492e-05 | 1
 10, 14 |   1.3450536155608595e-04 |   1.3450536155608595e-04 | 1
 10, 15 |  -1.1709718290988630e-03 |  -1.1709718290988630e-03 | 1
 11,  1 |  -2.1186277205485220e-05 |  -2.1186277205485220e-05 | 1
 11,  2 |  -1.8565257871132209e-05 |  -1.8565257871132209e-05 | 1
 11,  3 |  -2.5752091941635457e-05 |  -2.5752091941635457e-05 | 1
 11,  4 |  -1.4441670579576162e-05 |  -1.4441670579576162e-05 | 1
 11,  5 |  -5.9671025060248342e-05 |  -5.9671025060248342e-05 | 1
 11,  6 |  -3.5489926635721725e-05 |  -3.5489926635721725e-05 | 1
 11,  7 |  -2.0482453235615727e-05 |  -2.0482453235615727e-05 | 1
 11,  8 |  -2.7076895220340205e-06 |  -2.7076895220340205e-06 | 1
 11,  9 |   2.2736061863293893e-05 |   2.2736061863293893e-05 | 1
 11, 10 |  -6.5044315829577886e-05 |  -6.5044315829577886e-05 | 1
 11, 11 |   3.7541797974303204e-05 |   3.7541797974303204e-05 | 1
 11, 12 |   2.6654969061585929e-05 |   2.6654969061585929e-05 | 1
 11, 13 |   2.5576955034218032e-07 |   2.5576955034218032e-07 | 1
 11, 14 |  -3.0893465386221277e-05 |  -3.0893465386221277e-05 | 1
 11, 15 |   4.6272555005169261e-06 |   4.6272555005169261e-06 | 1
 12,  1 |  -2.2889597832748160e-05 |  -2.2889597832748160e-05 | 1
 12,  2 |  -7.6622623823458482e-06 |  -7.6622623823458482e-06 | 1
 12,  3 |   1.2062473269572754e-04 |   1.2062473269572754e-04 | 1
 12,  4 |   4.5210781323261393e-07 |   4.5210781323261393e-07 | 1
 12,  5 |  -6.0470793595144266e-05 |  -6.0470793595144266e-05 | 1
 12,  6 |  -9.6465186456492978e-06 |  -9.6465186456492978e-06 | 1
 12,  7 |  -4.6195798223633805e-05 |  -4.6195798223633805e-05 | 1
 12,  8 |  -2.0767886037034276e-05 |  -2.0767886037034276e-05 | 1
 12,  9 |   1.0169422868449334e-04 |   1.0169422868449334e-04 | 1
 12, 10 |  -1.8690422464023789e-04 |  -1.8690422464023789e-04 | 1
 12, 11 |   2.6654969061585929e-05 |   2.6654969061585929e-05 | 1
 12, 12 |   4.8020644643718802e-05 |   4.8020644643718802e-05 | 1
 12, 13 |  -6.5924512889209297e-07 |  -6.5924512889209297e-07 | 1
 12, 14 |  -3.1937255875010663e-05 |  -3.1937255875010663e-05 | 1
 12, 15 |   1.7390772215252058e-05 |   1.7390772215252058e-05 | 1
 13,  1 |  -5.5687331601627312e-05 |  -5.5687331601627312e-05 | 1
 13,  2 |  -6.4194020359577687e-05 |  -6.4194020359577687e-05 | 1
 13,  3 |  -1.5374918610285034e-04 |  -1.5374918610285034e-04 | 1
 13,  4 |  -4.1016160583536860e-05 |  -4.1016160583536860e-05 | 1
 13,  5 |  -7.8348370163798108e-05 |  -7.8348370163798108e-05 | 1
 13,  6 |  -4.8150288792779097e-05 |  -4.8150288792779097e-05 | 1
 13,  7 |  -5.6845270192915556e-05 |  -5.6845270192915556e-05 | 1
 13,  8 |   1.6387635896861092e-06 |   1.6387635896861092e-06 | 1
 13,  9 |   8.5646223908637189e-06 |   8.5646223908637189e-06 | 1
 13, 10 |  -5.8603959167601492e-05 |  -5.8603959167601492e-05 | 1
 13, 11 |   2.5576955034218032e-07 |   2.5576955034218032e-07 | 1
 13, 12 |  -6.5924512889209297e-07 |  -6.5924512889209297e-07 | 1
 13, 13 |   1.0991686429717912e-04 |   1.0991686429717912e-04 | 1
 13, 14 |  -5.5481722619242404e-05 |  -5.5481722619242404e-05 | 1
 13, 15 |  -1.0642646224185543e-05 |  -1.0642646224185543e-05 | 1
 14,  1 |   4.8248344367461633e-05 |   4.8248344367461633e-05 | 1
 14,  2 |   4.5704653341584306e-05 |   4.5704653341584306e-05 | 1
 14,  3 |   4.7887133843482119e-05 |   4.7887133843482119e-05 | 1
 14,  4 |   2.7882077876714682e-05 |   2.7882077876714682e-05 | 1
 14,  5 |   9.4310038823616180e-05 |   9.4310038823616180e-05 | 1
 14,  6 |   4.7630304670521060e-05 |   4.7630304670521060e-05 | 1
 14,  7 |   5.7031191439017108e-05 |   5.7031191439017108e-05 | 1
 14,  8 |   8.2697476405050457e-06 |   8.2697476405050457e-06 | 1
 14,  9 |  -5.4361831698949372e-05 |  -5.4361831698949372e-05 | 1
 14, 10 |   1.3450536155608595e-04 |   1.3450536155608595e-04 | 1
 14, 11 |  -3.0893465386221277e-05 |  -3.0893465386221277e-05 | 1
 14, 12 |  -3.1937255875010663e-05 |  -3.1937255875010663e-05 | 1
 14, 13 |  -5.5481722619242404e-05 |  -5.5481722619242404e-05 | 1
 14, 14 |   2.0326697043236659e-04 |   2.0326697043236659e-04 | 1
 14, 15 |  -1.4762620129404441e-04 |  -1.4762620129404441e-04 | 1
 15,  1 |  -8.8183746762998693e-07 |  -8.8183746762998693e-07 | 1
 15,  2 |   2.2247481487792703e-04 |   2.2247481487792703e-04 | 1
 15,  3 |   1.7852511402816863e-03 |   1.7852511402816863e-03 | 1
 15,  4 |   9.1215990671349466e-05 |   9.1215990671349466e-05 | 1
 15,  5 |  -1.8664195088070258e-04 |  -1.8664195088070258e-04 | 1
 15,  6 |   7.9968207264453488e-05 |   7.9968207264453488e-05 | 1
 15,  7 |  -2.5251115218511509e-05 |  -2.5251115218511509e-05 | 1
 15,  8 |  -3.9172700601251668e-04 |  -3.9172700601251668e-04 | 1
 15,  9 |   9.8513696084112515e-04 |   9.8513696084112515e-04 | 1
 15, 10 |  -1.1709718290988630e-03 |  -1.1709718290988630e-03 | 1
 15, 11 |   4.6272555005169261e-06 |   4.6272555005169261e-06 | 1
 15, 12 |   1.7390772215252058e-05 |   1.7390772215252058e-05 | 1
 15, 13 |  -1.0642646224185543e-05 |  -1.0642646224185543e-05 | 1
 15, 14 |  -1.4762620129404441e-04 |  -1.4762620129404441e-04 | 1
 15, 15 |   8.7916217139901852e-04 |   8.7916217139901852e-04 | 1
