row,col | V_base                   | V_new                    | equal
  1,  1 |   1.3172424981063946e-04 |   1.3172424981063946e-04 | 1
  1,  2 |   7.0873025745451016e-05 |   7.0873025745451016e-05 | 1
  1,  3 |   1.1508283499119668e-04 |   1.1508283499119668e-04 | 1
  1,  4 |   5.9417598144699431e-05 |   5.9417598144699431e-05 | 1
  1,  5 |   9.9002227049728992e-05 |   9.9002227049728992e-05 | 1
  1,  6 |   5.9608200735685787e-05 |   5.9608200735685787e-05 | 1
  1,  7 |   7.7822107700753577e-05 |   7.7822107700753577e-05 | 1
  1,  8 |   7.8920588900370204e-06 |   7.8920588900370204e-06 | 1
  1,  9 |  -5.5299932796567967e-05 |  -5.5299932796567967e-05 | 1
  1, 10 |   1.5945622230753039e-04 |   1.5945622230753039e-04 | 1
  1, 11 |  -1.8669306205532955e-05 |  -1.8669306205532955e-05 | 1
  1, 12 |  -1.7533355833889321e-05 |  -1.7533355833889321e-05 | 1
  1, 13 |  -5.7048511209285515e-05 |  -5.7048511209285515e-05 | 1
  1, 14 |  -2.2859664838187147e-08 |  -2.2859664838187147e-08 | 1
  1, 15 |   7.3130782870909077e-05 |   7.3130782870909077e-05 | 1
  1, 16 |  -5.5901742798980530e-06 |  -5.5901742798980530e-06 | 1
  2,  1 |   7.0873025745451016e-05 |   7.0873025745451016e-05 | 1
  2,  2 |   7.1060713247224697e-04 |   7.1060713247224697e-04 | 1
  2,  3 |  -6.1466098135429140e-04 |  -6.1466098135429140e-04 | 1
  2,  4 |   2.4508615484359262e-05 |   2.4508615484359262e-05 | 1
  2,  5 |   1.6236747651075976e-04 |   1.6236747651075976e-04 | 1
  2,  6 |   3.1445617049499639e-05 |   3.1445617049499639e-05 | 1
  2,  7 |   6.5634448491346100e-05 |   6.5634448491346100e-05 | 1
  2,  8 |  -2.1599242560508137e-04 |  -2.1599242560508137e-04 | 1
  2,  9 |  -4.6462058712586253e-04 |  -4.6462058712586253e-04 | 1
  2, 10 |   6.4200469636542371e-04 |   6.4200469636542371e-04 | 1
  2, 11 |  -1.6759050338305505e-05 |  -1.6759050338305505e-05 | 1
  2, 12 |  -4.3642710505285584e-06 |  -4.3642710505285584e-06 | 1
  2, 13 |  -6.5856213651709403e-05 |  -6.5856213651709403e-05 | 1
  2, 14 |  -1.6893796215878318e-08 |  -1.6893796215878318e-08 | 1
  2, 15 |   6.4936071860228952e-05 |   6.4936071860228952e-05 | 1
  2, 16 |   2.1721623107806386e-04 |   2.1721623107806386e-04 | 1
  3,  1 |   1.1508283499119668e-04 |   1.1508283499119668e-04 | 1
  3,  2 |  -6.1466098135429140e-04 |  -6.1466098135429140e-04 | 1
  3,  3 |   1.9178405044493720e-02 |   1.9178405044493720e-02 | 1
  3,  4 |   6.5565463540184039e-04 |   6.5565463540184039e-04 | 1
  3,  5 |  -9.2387937408567526e-04 |  -9.2387937408567526e-04 | 1
  3,  6 |   1.3257051501201554e-03 |   1.3257051501201554e-03 | 1
  3,  7 |   7.2674018558020249e-05 |   7.2674018558020249e-05 | 1
  3,  8 |  -1.7912949237808837e-03 |  -1.7912949237808837e-03 | 1
  3,  9 |   1.2439518392321054e-02 |   1.2439518392321054e-02 | 1
  3, 10 |  -1.8240480723389033e-02 |  -1.8240480723389033e-02 | 1
  3, 11 |  -2.4223551633035795e-05 |  -2.4223551633035795e-05 | 1
  3, 12 |   1.3052079309228888e-04 |   1.3052079309228888e-04 | 1
  3, 13 |  -1.5639358207713194e-04 |  -1.5639358207713194e-04 | 1
  3, 14 |  -3.5876923489883539e-08 |  -3.5876923489883539e-08 | 1
  3, 15 |   9.1299528721352081e-05 |   9.1299528721352081e-05 | 1
  3, 16 |   1.7761001208118801e-03 |   1.7761001208118801e-03 | 1
  4,  1 |   5.9417598144699431e-05 |   5.9417598144699431e-05 | 1
  4,  2 |   2.4508615484359262e-05 |   2.4508615484359262e-05 | 1
  4,  3 |   6.5565463540184039e-04 |   6.5565463540184039e-04 | 1
  4,  4 |   3.1349305997404917e-02 |   3.1349305997404917e-02 | 1
  4,  5 |   2.6126174225853104e-06 |   2.6126174225853104e-06 | 1
  4,  6 |   6.7594231453692262e-05 |   6.7594231453692262e-05 | 1
  4,  7 |   3.7589301685666244e-05 |   3.7589301685666244e-05 | 1
  4,  8 |  -7.8529602761868677e-05 |  -7.8529602761868677e-05 | 1
  4,  9 |   2.6670758504752066e-04 |   2.6670758504752066e-04 | 1
  4, 10 |  -2.4478903064525237e-04 |  -2.4478903064525237e-04 | 1
  4, 11 |  -1.0529323033421207e-05 |  -1.0529323033421207e-05 | 1
  4, 12 |   6.4984437424074830e-06 |   6.4984437424074830e-06 | 1
  4, 13 |  -4.2022815926960773e-05 |  -4.2022815926960773e-05 | 1
  4, 14 |  -2.0507722747850678e-08 |  -2.0507722747850678e-08 | 1
  4, 15 |   4.9049058717648640e-05 |   4.9049058717648640e-05 | 1
  4, 16 |   7.9350543798888194e-05 |   7.9350543798888194e-05 | 1
  5,  1 |   9.9002227049728992e-05 |   9.9002227049728992e-05 | 1
  5,  2 |   1.6236747651075976e-04 |   1.6236747651075976e-04 | 1
  5,  3 |  -9.2387937408567526e-04 |  -9.2387937408567526e-04 | 1
  5,  4 |   2.6126174225853104e-06 |   2.6126174225853104e-06 | 1
  5,  5 |   1.2471686542907852e-02 |   1.2471686542907852e-02 | 1
  5,  6 |   6.7201481285824043e-05 |   6.7201481285824043e-05 | 1
  5,  7 |   1.2474967325722117e-04 |   1.2474967325722117e-04 | 1
  5,  8 |   1.8149336062165419e-04 |   1.8149336062165419e-04 | 1
  5,  9 |  -6.2366602433290390e-04 |  -6.2366602433290390e-04 | 1
  5, 10 |   7.8644331009468252e-04 |   7.8644331009468252e-04 | 1
  5, 11 |  -5.6389127599946321e-05 |  -5.6389127599946321e-05 | 1
  5, 12 |  -5.5746905270299076e-05 |  -5.5746905270299076e-05 | 1
  5, 13 |  -7.8053494991404005e-05 |  -7.8053494991404005e-05 | 1
  5, 14 |  -1.3573227307376519e-08 |  -1.3573227307376519e-08 | 1
  5, 15 |   1.0621511648706985e-04 |   1.0621511648706985e-04 | 1
  5, 16 |  -1.7477035125736085e-04 |  -1.7477035125736085e-04 | 1
  6,  1 |   5.9608200735685787e-05 |   5.9608200735685787e-05 | 1
  6,  2 |   3.1445617049499639e-05 |   3.1445617049499639e-05 | 1
  6,  3 |   1.3257051501201554e-03 |   1.3257051501201554e-03 | 1
  6,  4 |   6.7594231453692262e-05 |   6.7594231453692262e-05 | 1
  6,  5 |   6.7201481285824043e-05 |   6.7201481285824043e-05 | 1
  6,  6 |   8.8601430328733403e-03 |   8.8601430328733403e-03 | 1
  6,  7 |   5.9414517913043395e-05 |   5.9414517913043395e-05 | 1
  6,  8 |  -7.6094624446015885e-05 |  -7.6094624446015885e-05 | 1
  6,  9 |   8.5793859534547662e-04 |   8.5793859534547662e-04 | 1
  6, 10 |  -1.3383625855823507e-03 |  -1.3383625855823507e-03 | 1
  6, 11 |  -3.4174315256466238e-05 |  -3.4174315256466238e-05 | 1
  6, 12 |  -7.1048467738347428e-06 |  -7.1048467738347428e-06 | 1
  6, 13 |  -4.9361601514980136e-05 |  -4.9361601514980136e-05 | 1
  6, 14 |  -1.1525920458060915e-08 |  -1.1525920458060915e-08 | 1
  6, 15 |   6.0574272786651449e-05 |   6.0574272786651449e-05 | 1
  6, 16 |   7.5284380560016178e-05 |   7.5284380560016178e-05 | 1
  7,  1 |   7.7822107700753577e-05 |   7.7822107700753577e-05 | 1
  7,  2 |   6.5634448491346100e-05 |   6.5634448491346100e-05 | 1
  7,  3 |   7.2674018558020249e-05 |   7.2674018558020249e-05 | 1
  7,  4 |   3.7589301685666244e-05 |   3.7589301685666244e-05 | 1
  7,  5 |   1.2474967325722117e-04 |   1.2474967325722117e-04 | 1
  7,  6 |   5.9414517913043395e-05 |   5.9414517913043395e-05 | 1
  7,  7 |   7.2891482148714978e-04 |   7.2891482148714978e-04 | 1
  7,  8 |   3.5908429225565059e-05 |   3.5908429225565059e-05 | 1
  7,  9 |  -2.0546693084629191e-05 |  -2.0546693084629191e-05 | 1
  7, 10 |   4.5260247512107554e-05 |   4.5260247512107554e-05 | 1
  7, 11 |  -1.8395350827984389e-05 |  -1.8395350827984389e-05 | 1
  7, 12 |  -4.2070433711445375e-05 |  -4.2070433711445375e-05 | 1
  7, 13 |  -5.8794575238799539e-05 |  -5.8794575238799539e-05 | 1
  7, 14 |  -1.6602993579010250e-08 |  -1.6602993579010250e-08 | 1
  7, 15 |   7.4824775127075536e-05 |   7.4824775127075536e-05 | 1
  7, 16 |  -2.8980948556016696e-05 |  -2.8980948556016696e-05 | 1
  8,  1 |   7.8920588900370204e-06 |   7.8920588900370204e-06 | 1
  8,  2 |  -2.1599242560508137e-04 |  -2.1599242560508137e-04 | 1
  8,  3 |  -1.7912949237808837e-03 |  -1.7912949237808837e-03 | 1
  8,  4 |  -7.8529602761868677e-05 |  -7.8529602761868677e-05 | 1
  8,  5 |   1.8149336062165419e-04 |   1.8149336062165419e-04 | 1
  8,  6 |  -7.6094624446015885e-05 |  -7.6094624446015885e-05 | 1
  8,  7 |   3.5908429225565059e-05 |   3.5908429225565059e-05 | 1
  8,  8 |   4.0440182239830639e-04 |   4.0440182239830639e-04 | 1
  8,  9 |  -1.0420082334911445e-03 |  -1.0420082334911445e-03 | 1
  8, 10 |   1.3246340189436343e-03 |   1.3246340189436343e-03 | 1
  8, 11 |  -2.6249032524599258e-06 |  -2.6249032524599258e-06 | 1
  8, 12 |  -2.1632015829797450e-05 |  -2.1632015829797450e-05 | 1
  8, 13 |   1.7378433431282157e-06 |   1.7378433431282157e-06 | 1
  8, 14 |  -9.6582027349534519e-10 |  -9.6582027349534519e-10 | 1
  8, 15 |   9.2505124994515561e-06 |   9.2505124994515561e-06 | 1
  8, 16 |  -4.0156716675141565e-04 |  -4.0156716675141565e-04 | 1
  9,  1 |  -5.5299932796567967e-05 |  -5.5299932796567967e-05 | 1
  9,  2 |  -4.6462058712586253e-04 |  -4.6462058712586253e-04 | 1
  9,  3 |   1.2439518392321054e-02 |   1.2439518392321054e-02 | 1
  9,  4 |   2.6670758504752066e-04 |   2.6670758504752066e-04 | 1
  9,  5 |  -6.2366602433290390e-04 |  -6.2366602433290390e-04 | 1
  9,  6 |   8.5793859534547662e-04 |   8.5793859534547662e-04 | 1
  9,  7 |  -2.0546693084629191e-05 |  -2.0546693084629191e-05 | 1
  9,  8 |  -1.0420082334911445e-03 |  -1.0420082334911445e-03 | 1
  9,  9 |   8.6446299820341615e-03 |   8.6446299820341615e-03 | 1
  9, 10 |  -1.3328330201745783e-02 |  -1.3328330201745783e-02 | 1
  9, 11 |   2.2205638952262852e-05 |   2.2205638952262852e-05 | 1
  9, 12 |   1.0627826715151902e-04 |   1.0627826715151902e-04 | 1
  9, 13 |   8.9968706450417184e-06 |   8.9968706450417184e-06 | 1
  9, 14 |   6.9183294882591046e-09 |   6.9183294882591046e-09 | 1
  9, 15 |  -6.2407661414969127e-05 |  -6.2407661414969127e-05 | 1
  9, 16 |   1.0291978794776376e-03 |   1.0291978794776376e-03 | 1
 10,  1 |   1.5945622230753039e-04 |   1.5945622230753039e-04 | 1
 10,  2 |   6.4200469636542371e-04 |   6.4200469636542371e-04 | 1
 10,  3 |  -1.8240480723389033e-02 |  -1.8240480723389033e-02 | 1
 10,  4 |  -2.4478903064525237e-04 |  -2.4478903064525237e-04 | 1
 10,  5 |   7.8644331009468252e-04 |   7.8644331009468252e-04 | 1
 10,  6 |  -1.3383625855823507e-03 |  -1.3383625855823507e-03 | 1
 10,  7 |   4.5260247512107554e-05 |   4.5260247512107554e-05 | 1
 10,  8 |   1.3246340189436343e-03 |   1.3246340189436343e-03 | 1
 10,  9 |  -1.3328330201745783e-02 |  -1.3328330201745783e-02 | 1
 10, 10 |   2.2237689831578672e-02 |   2.2237689831578672e-02 | 1
 10, 11 |  -6.4340912100699463e-05 |  -6.4340912100699463e-05 | 1
 10, 12 |  -1.9684960536353195e-04 |  -1.9684960536353195e-04 | 1
 10, 13 |  -6.1325666887654650e-05 |  -6.1325666887654650e-05 | 1
 10, 14 |  -2.7425409539456640e-08 |  -2.7425409539456640e-08 | 1
 10, 15 |   1.6914941970271291e-04 |   1.6914941970271291e-04 | 1
 10, 16 |  -1.3024743789419675e-03 |  -1.3024743789419675e-03 | 1
 11,  1 |  -1.8669306205532955e-05 |  -1.8669306205532955e-05 | 1
 11,  2 |  -1.6759050338305505e-05 |  -1.6759050338305505e-05 | 1
 11,  3 |  -2.4223551633035795e-05 |  -2.4223551633035795e-05 | 1
 11,  4 |  -1.0529323033421207e-05 |  -1.0529323033421207e-05 | 1
 11,  5 |  -5.6389127599946321e-05 |  -5.6389127599946321e-05 | 1
 11,  6 |  -3.4174315256466238e-05 |  -3.4174315256466238e-05 | 1
 11,  7 |  -1.8395350827984389e-05 |  -1.8395350827984389e-05 | 1
 11,  8 |  -2.6249032524599258e-06 |  -2.6249032524599258e-06 | 1
 11,  9 |   2.2205638952262852e-05 |   2.2205638952262852e-05 | 1
 11, 10 |  -6.4340912100699463e-05 |  -6.4340912100699463e-05 | 1
 11, 11 |   3.7618319959784942e-05 |   3.7618319959784942e-05 | 1
 11, 12 |   2.6833499141002766e-05 |   2.6833499141002766e-05 | 1
 11, 13 |   1.2693929462398377e-07 |   1.2693929462398377e-07 | 1
 11, 14 |  -1.4086651423694780e-09 |  -1.4086651423694780e-09 | 1
 11, 15 |  -2.8859526081160740e-05 |  -2.8859526081160740e-05 | 1
 11, 16 |   4.1916440396637249e-06 |   4.1916440396637249e-06 | 1
 12,  1 |  -1.7533355833889321e-05 |  -1.7533355833889321e-05 | 1
 12,  2 |  -4.3642710505285584e-06 |  -4.3642710505285584e-06 | 1
 12,  3 |   1.3052079309228888e-04 |   1.3052079309228888e-04 | 1
 12,  4 |   6.4984437424074830e-06 |   6.4984437424074830e-06 | 1
 12,  5 |  -5.5746905270299076e-05 |  -5.5746905270299076e-05 | 1
 12,  6 |  -7.1048467738347428e-06 |  -7.1048467738347428e-06 | 1
 12,  7 |  -4.2070433711445375e-05 |  -4.2070433711445375e-05 | 1
 12,  8 |  -2.1632015829797450e-05 |  -2.1632015829797450e-05 | 1
 12,  9 |   1.0627826715151902e-04 |   1.0627826715151902e-04 | 1
 12, 10 |  -1.9684960536353195e-04 |  -1.9684960536353195e-04 | 1
 12, 11 |   2.6833499141002766e-05 |   2.6833499141002766e-05 | 1
 12, 12 |   4.8542759777609571e-05 |   4.8542759777609571e-05 | 1
 12, 13 |  -6.9577618801560922e-07 |  -6.9577618801560922e-07 | 1
 12, 14 |  -3.0882673244792217e-09 |  -3.0882673244792217e-09 | 1
 12, 15 |  -2.7659022639825233e-05 |  -2.7659022639825233e-05 | 1
 12, 16 |   1.7508154766275115e-05 |   1.7508154766275115e-05 | 1
 13,  1 |  -5.7048511209285515e-05 |  -5.7048511209285515e-05 | 1
 13,  2 |  -6.5856213651709403e-05 |  -6.5856213651709403e-05 | 1
 13,  3 |  -1.5639358207713194e-04 |  -1.5639358207713194e-04 | 1
 13,  4 |  -4.2022815926960773e-05 |  -4.2022815926960773e-05 | 1
 13,  5 |  -7.8053494991404005e-05 |  -7.8053494991404005e-05 | 1
 13,  6 |  -4.9361601514980136e-05 |  -4.9361601514980136e-05 | 1
 13,  7 |  -5.8794575238799539e-05 |  -5.8794575238799539e-05 | 1
 13,  8 |   1.7378433431282157e-06 |   1.7378433431282157e-06 | 1
 13,  9 |   8.9968706450417184e-06 |   8.9968706450417184e-06 | 1
 13, 10 |  -6.1325666887654650e-05 |  -6.1325666887654650e-05 | 1
 13, 11 |   1.2693929462398377e-07 |   1.2693929462398377e-07 | 1
 13, 12 |  -6.9577618801560922e-07 |  -6.9577618801560922e-07 | 1
 13, 13 |   1.0842497074877327e-04 |   1.0842497074877327e-04 | 1
 13, 14 |   1.0595248047002623e-09 |   1.0595248047002623e-09 | 1
 13, 15 |  -5.6246980653275459e-05 |  -5.6246980653275459e-05 | 1
 13, 16 |  -1.0568520509998900e-05 |  -1.0568520509998900e-05 | 1
 14,  1 |  -2.2859664838187147e-08 |  -2.2859664838187147e-08 | 1
 14,  2 |  -1.6893796215878318e-08 |  -1.6893796215878318e-08 | 1
 14,  3 |  -3.5876923489883539e-08 |  -3.5876923489883539e-08 | 1
 14,  4 |  -2.0507722747850678e-08 |  -2.0507722747850678e-08 | 1
 14,  5 |  -1.3573227307376519e-08 |  -1.3573227307376519e-08 | 1
 14,  6 |  -1.1525920458060915e-08 |  -1.1525920458060915e-08 | 1
 14,  7 |  -1.6602993579010250e-08 |  -1.6602993579010250e-08 | 1
 14,  8 |  -9.6582027349534519e-10 |  -9.6582027349534519e-10 | 1
 14,  9 |   6.9183294882591046e-09 |   6.9183294882591046e-09 | 1
 14, 10 |  -2.7425409539456640e-08 |  -2.7425409539456640e-08 | 1
 14, 11 |  -1.4086651423694780e-09 |  -1.4086651423694780e-09 | 1
 14, 12 |  -3.0882673244792217e-09 |  -3.0882673244792217e-09 | 1
 14, 13 |   1.0595248047002623e-09 |   1.0595248047002623e-09 | 1
 14, 14 |   1.3318012889721210e-11 |   1.3318012889721210e-11 | 1
 14, 15 |  -1.4809240361387430e-08 |  -1.4809240361387430e-08 | 1
 14, 16 |   2.7458154358681331e-09 |   2.7458154358681331e-09 | 1
 15,  1 |   7.3130782870909077e-05 |   7.3130782870909077e-05 | 1
 15,  2 |   6.4936071860228952e-05 |   6.4936071860228952e-05 | 1
 15,  3 |   9.1299528721352081e-05 |   9.1299528721352081e-05 | 1
 15,  4 |   4.9049058717648640e-05 |   4.9049058717648640e-05 | 1
 15,  5 |   1.0621511648706985e-04 |   1.0621511648706985e-04 | 1
 15,  6 |   6.0574272786651449e-05 |   6.0574272786651449e-05 | 1
 15,  7 |   7.4824775127075536e-05 |   7.4824775127075536e-05 | 1
 15,  8 |   9.2505124994515561e-06 |   9.2505124994515561e-06 | 1
 15,  9 |  -6.2407661414969127e-05 |  -6.2407661414969127e-05 | 1
 15, 10 |   1.6914941970271291e-04 |   1.6914941970271291e-04 | 1
 15, 11 |  -2.8859526081160740e-05 |  -2.8859526081160740e-05 | 1
 15, 12 |  -2.7659022639825233e-05 |  -2.7659022639825233e-05 | 1
 15, 13 |  -5.6246980653275459e-05 |  -5.6246980653275459e-05 | 1
 15, 14 |  -1.4809240361387430e-08 |  -1.4809240361387430e-08 | 1
 15, 15 |   2.1746542983071211e-04 |   2.1746542983071211e-04 | 1
 15, 16 |  -1.4904146286436829e-04 |  -1.4904146286436829e-04 | 1
 16,  1 |  -5.5901742798980530e-06 |  -5.5901742798980530e-06 | 1
 16,  2 |   2.1721623107806386e-04 |   2.1721623107806386e-04 | 1
 16,  3 |   1.7761001208118801e-03 |   1.7761001208118801e-03 | 1
 16,  4 |   7.9350543798888194e-05 |   7.9350543798888194e-05 | 1
 16,  5 |  -1.7477035125736085e-04 |  -1.7477035125736085e-04 | 1
 16,  6 |   7.5284380560016178e-05 |   7.5284380560016178e-05 | 1
 16,  7 |  -2.8980948556016696e-05 |  -2.8980948556016696e-05 | 1
 16,  8 |  -4.0156716675141565e-04 |  -4.0156716675141565e-04 | 1
 16,  9 |   1.0291978794776376e-03 |   1.0291978794776376e-03 | 1
 16, 10 |  -1.3024743789419675e-03 |  -1.3024743789419675e-03 | 1
 16, 11 |   4.1916440396637249e-06 |   4.1916440396637249e-06 | 1
 16, 12 |   1.7508154766275115e-05 |   1.7508154766275115e-05 | 1
 16, 13 |  -1.0568520509998900e-05 |  -1.0568520509998900e-05 | 1
 16, 14 |   2.7458154358681331e-09 |   2.7458154358681331e-09 | 1
 16, 15 |  -1.4904146286436829e-04 |  -1.4904146286436829e-04 | 1
 16, 16 |   8.8491542740290279e-04 |   8.8491542740290279e-04 | 1
