row,col | V_base                   | V_new                    | equal
  1,  1 |   1.9535934532634259e-03 |   1.9535934532634259e-03 | 1
  1,  2 |   4.4036165080417981e-04 |   4.4036165080417981e-04 | 1
  1,  3 |   2.8751259013453886e-04 |   2.8751259013453886e-04 | 1
  1,  4 |   3.8451275247992521e-04 |   3.8451275247992521e-04 | 1
  1,  5 |  -4.4487219496814890e-04 |  -4.4487219496814890e-04 | 1
  1,  6 |   4.4987880062118319e-04 |   4.4987880062118319e-04 | 1
  1,  7 |  -8.6157572737293798e-05 |  -8.6157572737293798e-05 | 1
  1,  8 |   6.3055946498228894e-04 |   6.3055946498228894e-04 | 1
  1,  9 |   4.9715013253461482e-04 |   4.9715013253461482e-04 | 1
  1, 10 |  -1.1683594625177865e-03 |  -1.1683594625177865e-03 | 1
  1, 11 |   5.5023516058833760e-04 |   5.5023516058833760e-04 | 1
  1, 12 |   2.3655915208262352e-04 |   2.3655915208262352e-04 | 1
  1, 13 |   7.5598137167744183e-04 |   7.5598137167744183e-04 | 1
  1, 14 |   5.0717001664695046e-04 |   5.0717001664695046e-04 | 1
  1, 15 |  -8.2046052998390826e-05 |  -8.2046052998390826e-05 | 1
  1, 16 |   5.5251950385587078e-04 |   5.5251950385587078e-04 | 1
  1, 17 |   3.2360010903408271e-04 |   3.2360010903408271e-04 | 1
  1, 18 |  -2.7214038776697501e-03 |  -2.7214038776697501e-03 | 1
  1, 19 |   9.3835562478058283e-05 |   9.3835562478058283e-05 | 1
  1, 20 |   9.3983247696828934e-04 |   9.3983247696828934e-04 | 1
  1, 21 |   8.0076719438330923e-04 |   8.0076719438330923e-04 | 1
  1, 22 |   9.7337303246790264e-04 |   9.7337303246790264e-04 | 1
  1, 23 |  -7.5112682766920267e-05 |  -7.5112682766920267e-05 | 1
  1, 24 |  -6.8112691503147889e-05 |  -6.8112691503147889e-05 | 1
  1, 25 |  -1.7656293374069827e-04 |  -1.7656293374069827e-04 | 1
  1, 26 |   9.8712917156356679e-05 |   9.8712917156356679e-05 | 1
  1, 27 |   1.5580329300159552e-04 |   1.5580329300159552e-04 | 1
  1, 28 |  -1.1541404154734754e-05 |  -1.1541404154734754e-05 | 1
  1, 29 |   1.4674062181801556e-04 |   1.4674062181801556e-04 | 1
  1, 30 |  -1.4292689946485083e-04 |  -1.4292689946485083e-04 | 1
  2,  1 |   4.4036165080417981e-04 |   4.4036165080417981e-04 | 1
  2,  2 |   7.9837791084845615e-03 |   7.9837791084845615e-03 | 1
  2,  3 |   2.3845800924457878e-04 |   2.3845800924457878e-04 | 1
  2,  4 |   2.5922715491765737e-04 |   2.5922715491765737e-04 | 1
  2,  5 |   2.1606646610239605e-05 |   2.1606646610239605e-05 | 1
  2,  6 |   1.9736492744369682e-04 |   1.9736492744369682e-04 | 1
  2,  7 |   1.3029063363973693e-04 |   1.3029063363973693e-04 | 1
  2,  8 |   3.3781732327685133e-04 |   3.3781732327685133e-04 | 1
  2,  9 |   2.4000755531959503e-04 |   2.4000755531959503e-04 | 1
  2, 10 |  -1.7959538265554826e-04 |  -1.7959538265554826e-04 | 1
  2, 11 |   2.9687650771348785e-04 |   2.9687650771348785e-04 | 1
  2, 12 |   2.0620693039899023e-04 |   2.0620693039899023e-04 | 1
  2, 13 |   3.1225501117223978e-04 |   3.1225501117223978e-04 | 1
  2, 14 |   2.4855982660359897e-04 |   2.4855982660359897e-04 | 1
  2, 15 |   1.0774720262105288e-04 |   1.0774720262105288e-04 | 1
  2, 16 |   3.2851395409377220e-04 |   3.2851395409377220e-04 | 1
  2, 17 |   2.4743643581777864e-04 |   2.4743643581777864e-04 | 1
  2, 18 |  -6.1636597002332697e-04 |  -6.1636597002332697e-04 | 1
  2, 19 |   1.5111056481956260e-04 |   1.5111056481956260e-04 | 1
  2, 20 |   3.8073699127997413e-04 |   3.8073699127997413e-04 | 1
  2, 21 |   4.0056790672620671e-04 |   4.0056790672620671e-04 | 1
  2, 22 |   4.2459051899476332e-04 |   4.2459051899476332e-04 | 1
  2, 23 |   1.2735869570205249e-04 |   1.2735869570205249e-04 | 1
  2, 24 |   1.3008124142818332e-04 |   1.3008124142818332e-04 | 1
  2, 25 |   1.1790627279427752e-04 |   1.1790627279427752e-04 | 1
  2, 26 |   1.6355725786370049e-04 |   1.6355725786370049e-04 | 1
  2, 27 |   1.5969253460508445e-04 |   1.5969253460508445e-04 | 1
  2, 28 |   1.4021423788132894e-04 |   1.4021423788132894e-04 | 1
  2, 29 |   1.9201903562460418e-04 |   1.9201903562460418e-04 | 1
  2, 30 |   1.0064359462527985e-04 |   1.0064359462527985e-04 | 1
  3,  1 |   2.8751259013453886e-04 |   2.8751259013453886e-04 | 1
  3,  2 |   2.3845800924457878e-04 |   2.3845800924457878e-04 | 1
  3,  3 |   1.1627292703773068e-03 |   1.1627292703773068e-03 | 1
  3,  4 |   2.3427993869585395e-04 |   2.3427993869585395e-04 | 1
  3,  5 |   2.6295767191588661e-04 |   2.6295767191588661e-04 | 1
  3,  6 |   9.9437372693478689e-05 |   9.9437372693478689e-05 | 1
  3,  7 |   2.6013374969590828e-04 |   2.6013374969590828e-04 | 1
  3,  8 |   2.3708871350838385e-04 |   2.3708871350838385e-04 | 1
  3,  9 |   1.4920805081630891e-04 |   1.4920805081630891e-04 | 1
  3, 10 |   2.9471478349540415e-04 |   2.9471478349540415e-04 | 1
  3, 11 |   2.0994184003089730e-04 |   2.0994184003089730e-04 | 1
  3, 12 |   2.2003417538014647e-04 |   2.2003417538014647e-04 | 1
  3, 13 |   1.3557703630309530e-04 |   1.3557703630309530e-04 | 1
  3, 14 |   1.4946995620803132e-04 |   1.4946995620803132e-04 | 1
  3, 15 |   2.2012841231544274e-04 |   2.2012841231544274e-04 | 1
  3, 16 |   2.5835408231027342e-04 |   2.5835408231027342e-04 | 1
  3, 17 |   2.4504121842159634e-04 |   2.4504121842159634e-04 | 1
  3, 18 |   3.6078951816629929e-04 |   3.6078951816629929e-04 | 1
  3, 19 |   1.9988700102577050e-04 |   1.9988700102577050e-04 | 1
  3, 20 |   1.4985779856506990e-04 |   1.4985779856506990e-04 | 1
  3, 21 |   2.5683246276211918e-04 |   2.5683246276211918e-04 | 1
  3, 22 |   2.0476718284106446e-04 |   2.0476718284106446e-04 | 1
  3, 23 |   2.4892148889171198e-04 |   2.4892148889171198e-04 | 1
  3, 24 |   2.4721832314773080e-04 |   2.4721832314773080e-04 | 1
  3, 25 |   2.8405822898315591e-04 |   2.8405822898315591e-04 | 1
  3, 26 |   2.1405240646746294e-04 |   2.1405240646746294e-04 | 1
  3, 27 |   1.8070880319002343e-04 |   1.8070880319002343e-04 | 1
  3, 28 |   2.3688179703144904e-04 |   2.3688179703144904e-04 | 1
  3, 29 |   2.4109392148919360e-04 |   2.4109392148919360e-04 | 1
  3, 30 |   2.3707362363787536e-04 |   2.3707362363787536e-04 | 1
  4,  1 |   3.8451275247992521e-04 |   3.8451275247992521e-04 | 1
  4,  2 |   2.5922715491765737e-04 |   2.5922715491765737e-04 | 1
  4,  3 |   2.3427993869585395e-04 |   2.3427993869585395e-04 | 1
  4,  4 |   2.9305575076803286e-03 |   2.9305575076803286e-03 | 1
  4,  5 |   9.9574639643590623e-05 |   9.9574639643590623e-05 | 1
  4,  6 |   1.6526808785036846e-04 |   1.6526808785036846e-04 | 1
  4,  7 |   1.6756591289182607e-04 |   1.6756591289182607e-04 | 1
  4,  8 |   3.0065774843856098e-04 |   3.0065774843856098e-04 | 1
  4,  9 |   2.0754964719796643e-04 |   2.0754964719796643e-04 | 1
  4, 10 |  -3.1254272143431904e-05 |  -3.1254272143431904e-05 | 1
  4, 11 |   2.6213317396670259e-04 |   2.6213317396670259e-04 | 1
  4, 12 |   2.1019216296321253e-04 |   2.1019216296321253e-04 | 1
  4, 13 |   2.5462267536065339e-04 |   2.5462267536065339e-04 | 1
  4, 14 |   2.1450881786130979e-04 |   2.1450881786130979e-04 | 1
  4, 15 |   1.4187712799565804e-04 |   1.4187712799565804e-04 | 1
  4, 16 |   2.9928212637309623e-04 |   2.9928212637309623e-04 | 1
  4, 17 |   2.4206053012183784e-04 |   2.4206053012183784e-04 | 1
  4, 18 |  -3.0281393950001997e-04 |  -3.0281393950001997e-04 | 1
  4, 19 |   1.6002370873770285e-04 |   1.6002370873770285e-04 | 1
  4, 20 |   3.0737313311259034e-04 |   3.0737313311259034e-04 | 1
  4, 21 |   3.4775421461795408e-04 |   3.4775421461795408e-04 | 1
  4, 22 |   3.5010795789053946e-04 |   3.5010795789053946e-04 | 1
  4, 23 |   1.6360034514157701e-04 |   1.6360034514157701e-04 | 1
  4, 24 |   1.6299377788199282e-04 |   1.6299377788199282e-04 | 1
  4, 25 |   1.6769865010338034e-04 |   1.6769865010338034e-04 | 1
  4, 26 |   1.7541537626529426e-04 |   1.7541537626529426e-04 | 1
  4, 27 |   1.5766908244298336e-04 |   1.5766908244298336e-04 | 1
  4, 28 |   1.7060863368887364e-04 |   1.7060863368887364e-04 | 1
  4, 29 |   2.0536237154190136e-04 |   2.0536237154190136e-04 | 1
  4, 30 |   1.4140816075837703e-04 |   1.4140816075837703e-04 | 1
  5,  1 |  -4.4487219496814890e-04 |  -4.4487219496814890e-04 | 1
  5,  2 |   2.1606646610239605e-05 |   2.1606646610239605e-05 | 1
  5,  3 |   2.6295767191588661e-04 |   2.6295767191588661e-04 | 1
  5,  4 |   9.9574639643590623e-05 |   9.9574639643590623e-05 | 1
  5,  5 |   1.3602047281047512e-03 |   1.3602047281047512e-03 | 1
  5,  6 |  -3.7537643438097999e-04 |  -3.7537643438097999e-04 | 1
  5,  7 |   8.3297055739270137e-04 |   8.3297055739270137e-04 | 1
  5,  8 |  -2.4275036398931348e-04 |  -2.4275036398931348e-04 | 1
  5,  9 |  -2.9814207281949072e-04 |  -2.9814207281949072e-04 | 1
  5, 10 |   2.4708837465345895e-03 |   2.4708837465345895e-03 | 1
  5, 11 |  -2.1220002711899960e-04 |  -2.1220002711899960e-04 | 1
  5, 12 |   2.6946658766771185e-04 |   2.6946658766771185e-04 | 1
  5, 13 |  -7.0391091059490273e-04 |  -7.0391091059490273e-04 | 1
  5, 14 |  -3.1342629269980147e-04 |  -3.1342629269980147e-04 | 1
  5, 15 |   7.1933129488338044e-04 |   7.1933129488338044e-04 | 1
  5, 16 |  -7.6936584919968794e-05 |  -7.6936584919968794e-05 | 1
  5, 17 |   2.1117065371432470e-04 |   2.1117065371432470e-04 | 1
  5, 18 |   4.8692079321946743e-03 |   4.8692079321946743e-03 | 1
  5, 19 |   4.1003297833577910e-04 |   4.1003297833577910e-04 | 1
  5, 20 |  -9.2234597371445616e-04 |  -9.2234597371445616e-04 | 1
  5, 21 |  -4.4440139685666984e-04 |  -4.4440139685666984e-04 | 1
  5, 22 |  -8.2440869890378868e-04 |  -8.2440869890378868e-04 | 1
  5, 23 |   7.8810940876067174e-04 |   7.8810940876067174e-04 | 1
  5, 24 |   7.7783916322605616e-04 |   7.7783916322605616e-04 | 1
  5, 25 |   1.0314490645665668e-03 |   1.0314490645665668e-03 | 1
  5, 26 |   4.5126551426019547e-04 |   4.5126551426019547e-04 | 1
  5, 27 |   2.6974869816926653e-04 |   2.6974869816926653e-04 | 1
  5, 28 |   6.6911536501982564e-04 |   6.6911536501982564e-04 | 1
  5, 29 |   4.5546704257192123e-04 |   4.5546704257192123e-04 | 1
  5, 30 |   8.5292204045873499e-04 |   8.5292204045873499e-04 | 1
  6,  1 |   4.4987880062118319e-04 |   4.4987880062118319e-04 | 1
  6,  2 |   1.9736492744369682e-04 |   1.9736492744369682e-04 | 1
  6,  3 |   9.9437372693478689e-05 |   9.9437372693478689e-05 | 1
  6,  4 |   1.6526808785036846e-04 |   1.6526808785036846e-04 | 1
  6,  5 |  -3.7537643438097999e-04 |  -3.7537643438097999e-04 | 1
  6,  6 |   5.0700646448688267e-03 |   5.0700646448688267e-03 | 1
  6,  7 |  -1.4353738151617971e-04 |  -1.4353738151617971e-04 | 1
  6,  8 |   3.1094508650602410e-04 |   3.1094508650602410e-04 | 1
  6,  9 |   2.5679357924354718e-04 |   2.5679357924354718e-04 | 1
  6, 10 |  -8.4630103571189995e-04 |  -8.4630103571189995e-04 | 1
  6, 11 |   2.7659111138235372e-04 |   2.7659111138235372e-04 | 1
  6, 12 |   7.2168672149132784e-05 |   7.2168672149132784e-05 | 1
  6, 13 |   4.2331299988152959e-04 |   4.2331299988152959e-04 | 1
  6, 14 |   2.7203966318138911e-04 |   2.7203966318138911e-04 | 1
  6, 15 |  -1.2646989278664129e-04 |  -1.2646989278664129e-04 | 1
  6, 16 |   2.5488888131556219e-04 |   2.5488888131556219e-04 | 1
  6, 17 |   1.1690288908036624e-04 |   1.1690288908036624e-04 | 1
  6, 18 |  -1.8573640352297339e-03 |  -1.8573640352297339e-03 | 1
  6, 19 |  -9.5177170470840596e-06 |  -9.5177170470840596e-06 | 1
  6, 20 |   5.3927886398998743e-04 |   5.3927886398998743e-04 | 1
  6, 21 |   4.2139158852767139e-04 |   4.2139158852767139e-04 | 1
  6, 22 |   5.3890737743669955e-04 |   5.3890737743669955e-04 | 1
  6, 23 |  -1.3421273715176921e-04 |  -1.3421273715176921e-04 | 1
  6, 24 |  -1.3587246718286763e-04 |  -1.3587246718286763e-04 | 1
  6, 25 |  -2.1347631184212150e-04 |  -2.1347631184212150e-04 | 1
  6, 26 |  -1.5042276881641308e-05 |  -1.5042276881641308e-05 | 1
  6, 27 |   3.4137565022428905e-05 |   3.4137565022428905e-05 | 1
  6, 28 |  -9.2276048378350773e-05 |  -9.2276048378350773e-05 | 1
  6, 29 |   7.4327084120190748e-06 |   7.4327084120190748e-06 | 1
  6, 30 |  -1.7413793835810188e-04 |  -1.7413793835810188e-04 | 1
  7,  1 |  -8.6157572737293798e-05 |  -8.6157572737293798e-05 | 1
  7,  2 |   1.3029063363973693e-04 |   1.3029063363973693e-04 | 1
  7,  3 |   2.6013374969590828e-04 |   2.6013374969590828e-04 | 1
  7,  4 |   1.6756591289182607e-04 |   1.6756591289182607e-04 | 1
  7,  5 |   8.3297055739270137e-04 |   8.3297055739270137e-04 | 1
  7,  6 |  -1.4353738151617971e-04 |  -1.4353738151617971e-04 | 1
  7,  7 |   2.3441070752600220e-03 |   2.3441070752600220e-03 | 1
  7,  8 |  -7.1686991237603179e-06 |  -7.1686991237603179e-06 | 1
  7,  9 |  -7.9454821693328412e-05 |  -7.9454821693328412e-05 | 1
  7, 10 |   1.4231386956051991e-03 |   1.4231386956051991e-03 | 1
  7, 11 |  -4.7124352405636876e-06 |  -4.7124352405636876e-06 | 1
  7, 12 |   2.4864720585670197e-04 |   2.4864720585670197e-04 | 1
  7, 13 |  -2.9558523264468353e-04 |  -2.9558523264468353e-04 | 1
  7, 14 |  -8.6781635417491079e-05 |  -8.6781635417491079e-05 | 1
  7, 15 |   4.8145068615116889e-04 |   4.8145068615116889e-04 | 1
  7, 16 |   8.9778137640180415e-05 |   8.9778137640180415e-05 | 1
  7, 17 |   2.3195924029796467e-04 |   2.3195924029796467e-04 | 1
  7, 18 |   2.6939733030003354e-03 |   2.6939733030003354e-03 | 1
  7, 19 |   3.1162377600029681e-04 |   3.1162377600029681e-04 | 1
  7, 20 |  -4.0116190732231074e-04 |  -4.0116190732231074e-04 | 1
  7, 21 |  -1.0010071099150861e-04 |  -1.0010071099150861e-04 | 1
  7, 22 |  -3.2319566729628022e-04 |  -3.2319566729628022e-04 | 1
  7, 23 |   5.3166718205168318e-04 |   5.3166718205168318e-04 | 1
  7, 24 |   5.2557550610862302e-04 |   5.2557550610862302e-04 | 1
  7, 25 |   6.7515513728485404e-04 |   6.7515513728485404e-04 | 1
  7, 26 |   3.3999890695550120e-04 |   3.3999890695550120e-04 | 1
  7, 27 |   2.2972788039754517e-04 |   2.2972788039754517e-04 | 1
  7, 28 |   4.6450238959623081e-04 |   4.6450238959623081e-04 | 1
  7, 29 |   3.5520316906443509e-04 |   3.5520316906443509e-04 | 1
  7, 30 |   5.5946501479655773e-04 |   5.5946501479655773e-04 | 1
  8,  1 |   6.3055946498228894e-04 |   6.3055946498228894e-04 | 1
  8,  2 |   3.3781732327685133e-04 |   3.3781732327685133e-04 | 1
  8,  3 |   2.3708871350838385e-04 |   2.3708871350838385e-04 | 1
  8,  4 |   3.0065774843856098e-04 |   3.0065774843856098e-04 | 1
  8,  5 |  -2.4275036398931348e-04 |  -2.4275036398931348e-04 | 1
  8,  6 |   3.1094508650602410e-04 |   3.1094508650602410e-04 | 1
  8,  7 |  -7.1686991237603179e-06 |  -7.1686991237603179e-06 | 1
  8,  8 |   1.7862669821107754e-03 |   1.7862669821107754e-03 | 1
  8,  9 |   3.6018447751993640e-04 |   3.6018447751993640e-04 | 1
  8, 10 |  -7.1464600595710275e-04 |  -7.1464600595710275e-04 | 1
  8, 11 |   4.0745011001226607e-04 |   4.0745011001226607e-04 | 1
  8, 12 |   2.0553782079072059e-04 |   2.0553782079072059e-04 | 1
  8, 13 |   5.2965857509534441e-04 |   5.2965857509534441e-04 | 1
  8, 14 |   3.7085964902792284e-04 |   3.7085964902792284e-04 | 1
  8, 15 |  -1.0411560584269481e-05 |  -1.0411560584269481e-05 | 1
  8, 16 |   4.1966208822814539e-04 |   4.1966208822814539e-04 | 1
  8, 17 |   2.6393675262074984e-04 |   2.6393675262074984e-04 | 1
  8, 18 |  -1.7332117179639955e-03 |  -1.7332117179639955e-03 | 1
  8, 19 |   1.0005407427109980e-04 |   1.0005407427109980e-04 | 1
  8, 20 |   6.5414158966535779e-04 |   6.5414158966535779e-04 | 1
  8, 21 |   5.7958925813875509e-04 |   5.7958925813875509e-04 | 1
  8, 22 |   6.8780852684458883e-04 |   6.8780852684458883e-04 | 1
  8, 23 |  -1.7842085994517737e-06 |  -1.7842085994517737e-06 | 1
  8, 24 |   7.5759112596644076e-06 |   7.5759112596644076e-06 | 1
  8, 25 |  -6.0288085917523302e-05 |  -6.0288085917523302e-05 | 1
  8, 26 |   1.1314544966718295e-04 |   1.1314544966718295e-04 | 1
  8, 27 |   1.4109723994705416e-04 |   1.4109723994705416e-04 | 1
  8, 28 |   4.0873744682746647e-05 |   4.0873744682746647e-05 | 1
  8, 29 |   1.4835689048817453e-04 |   1.4835689048817453e-04 | 1
  8, 30 |  -4.6601448295000422e-05 |  -4.6601448295000422e-05 | 1
  9,  1 |   4.9715013253461482e-04 |   4.9715013253461482e-04 | 1
  9,  2 |   2.4000755531959503e-04 |   2.4000755531959503e-04 | 1
  9,  3 |   1.4920805081630891e-04 |   1.4920805081630891e-04 | 1
  9,  4 |   2.0754964719796643e-04 |   2.0754964719796643e-04 | 1
  9,  5 |  -2.9814207281949072e-04 |  -2.9814207281949072e-04 | 1
  9,  6 |   2.5679357924354718e-04 |   2.5679357924354718e-04 | 1
  9,  7 |  -7.9454821693328412e-05 |  -7.9454821693328412e-05 | 1
  9,  8 |   3.6018447751993640e-04 |   3.6018447751993640e-04 | 1
  9,  9 |   8.5831320321717187e-03 |   8.5831320321717187e-03 | 1
  9, 10 |  -7.4370244167061626e-04 |  -7.4370244167061626e-04 | 1
  9, 11 |   3.1362472258784923e-04 |   3.1362472258784923e-04 | 1
  9, 12 |   1.2229088118223880e-04 |   1.2229088118223880e-04 | 1
  9, 13 |   4.4857604186129753e-04 |   4.4857604186129753e-04 | 1
  9, 14 |   2.9303515851201816e-04 |   2.9303515851201816e-04 | 1
  9, 15 |  -7.2632534678235692e-05 |  -7.2632534678235692e-05 | 1
  9, 16 |   3.0759381273875238e-04 |   3.0759381273875238e-04 | 1
  9, 17 |   1.7252637397281509e-04 |   1.7252637397281509e-04 | 1
  9, 18 |  -1.6995381249466522e-03 |  -1.6995381249466522e-03 | 1
  9, 19 |   3.4174308486553266e-05 |   3.4174308486553266e-05 | 1
  9, 20 |   5.5355975366146713e-04 |   5.5355975366146713e-04 | 1
  9, 21 |   4.6120397243849755e-04 |   4.6120397243849755e-04 | 1
  9, 22 |   5.6822443503766885e-04 |   5.6822443503766885e-04 | 1
  9, 23 |  -7.2936746526956200e-05 |  -7.2936746526956200e-05 | 1
  9, 24 |  -6.8037119091358559e-05 |  -6.8037119091358559e-05 | 1
  9, 25 |  -1.3759045294914725e-04 |  -1.3759045294914725e-04 | 1
  9, 26 |   3.5374686289854539e-05 |   3.5374686289854539e-05 | 1
  9, 27 |   7.6004552770492044e-05 |   7.6004552770492044e-05 | 1
  9, 28 |  -3.3521928027253338e-05 |  -3.3521928027253338e-05 | 1
  9, 29 |   6.4040279493878159e-05 |   6.4040279493878159e-05 | 1
  9, 30 |  -1.1338678461437064e-04 |  -1.1338678461437064e-04 | 1
 10,  1 |  -1.1683594625177865e-03 |  -1.1683594625177865e-03 | 1
 10,  2 |  -1.7959538265554826e-04 |  -1.7959538265554826e-04 | 1
 10,  3 |   2.9471478349540415e-04 |   2.9471478349540415e-04 | 1
 10,  4 |  -3.1254272143431904e-05 |  -3.1254272143431904e-05 | 1
 10,  5 |   2.4708837465345895e-03 |   2.4708837465345895e-03 | 1
 10,  6 |  -8.4630103571189995e-04 |  -8.4630103571189995e-04 | 1
 10,  7 |   1.4231386956051991e-03 |   1.4231386956051991e-03 | 1
 10,  8 |  -7.1464600595710275e-04 |  -7.1464600595710275e-04 | 1
 10,  9 |  -7.4370244167061626e-04 |  -7.4370244167061626e-04 | 1
 10, 10 |   4.6863123169701036e-03 |   4.6863123169701036e-03 | 1
 10, 11 |  -6.2426399726956468e-04 |  -6.2426399726956468e-04 | 1
 10, 12 |   3.2853643148520004e-04 |   3.2853643148520004e-04 | 1
 10, 13 |  -1.5447206475060679e-03 |  -1.5447206475060679e-03 | 1
 10, 14 |  -7.6849921288229856e-04 |  -7.6849921288229856e-04 | 1
 10, 15 |   1.2328336960140171e-03 |   1.2328336960140171e-03 | 1
 10, 16 |  -4.0084198666619946e-04 |  -4.0084198666619946e-04 | 1
 10, 17 |   1.9007585239294824e-04 |   1.9007585239294824e-04 | 1
 10, 18 |   9.4264292837474301e-03 |   9.4264292837474301e-03 | 1
 10, 19 |   6.3364677325725865e-04 |   6.3364677325725865e-04 | 1
 10, 20 |  -2.0000533144561455e-03 |  -2.0000533144561455e-03 | 1
 10, 21 |  -1.1313602075160953e-03 |  -1.1313602075160953e-03 | 1
 10, 22 |  -1.8530959234341195e-03 |  -1.8530959234341195e-03 | 1
 10, 23 |   1.3441415458366427e-03 |   1.3441415458366427e-03 | 1
 10, 24 |   1.3266569204321750e-03 |   1.3266569204321750e-03 | 1
 10, 25 |   1.7982406421667057e-03 |   1.7982406421667057e-03 | 1
 10, 26 |   6.9940350370963013e-04 |   6.9940350370963013e-04 | 1
 10, 27 |   3.7231382446899116e-04 |   3.7231382446899116e-04 | 1
 10, 28 |   1.1158542570185882e-03 |   1.1158542570185882e-03 | 1
 10, 29 |   6.8052324888712872e-04 |   6.8052324888712872e-04 | 1
 10, 30 |   1.4879738550725367e-03 |   1.4879738550725367e-03 | 1
 11,  1 |   5.5023516058833760e-04 |   5.5023516058833760e-04 | 1
 11,  2 |   2.9687650771348785e-04 |   2.9687650771348785e-04 | 1
 11,  3 |   2.0994184003089730e-04 |   2.0994184003089730e-04 | 1
 11,  4 |   2.6213317396670259e-04 |   2.6213317396670259e-04 | 1
 11,  5 |  -2.1220002711899960e-04 |  -2.1220002711899960e-04 | 1
 11,  6 |   2.7659111138235372e-04 |   2.7659111138235372e-04 | 1
 11,  7 |  -4.7124352405636876e-06 |  -4.7124352405636876e-06 | 1
 11,  8 |   4.0745011001226607e-04 |   4.0745011001226607e-04 | 1
 11,  9 |   3.1362472258784923e-04 |   3.1362472258784923e-04 | 1
 11, 10 |  -6.2426399726956468e-04 |  -6.2426399726956468e-04 | 1
 11, 11 |   2.3791991202104005e-03 |   2.3791991202104005e-03 | 1
 11, 12 |   1.7582572752179249e-04 |   1.7582572752179249e-04 | 1
 11, 13 |   4.6117829441477996e-04 |   4.6117829441477996e-04 | 1
 11, 14 |   3.2139642065663881e-04 |   3.2139642065663881e-04 | 1
 11, 15 |  -8.7726356024884643e-06 |  -8.7726356024884643e-06 | 1
 11, 16 |   3.6451222373170915e-04 |   3.6451222373170915e-04 | 1
 11, 17 |   2.2957231470850534e-04 |   2.2957231470850534e-04 | 1
 11, 18 |  -1.5139371668624339e-03 |  -1.5139371668624339e-03 | 1
 11, 19 |   8.8603708002154712e-05 |   8.8603708002154712e-05 | 1
 11, 20 |   5.6920197296269238e-04 |   5.6920197296269238e-04 | 1
 11, 21 |   5.0829712223660376e-04 |   5.0829712223660376e-04 | 1
 11, 22 |   5.9868376559344338e-04 |   5.9868376559344338e-04 | 1
 11, 23 |  -1.0497954714146123e-06 |  -1.0497954714146123e-06 | 1
 11, 24 |   3.6717313286361989e-06 |   3.6717313286361989e-06 | 1
 11, 25 |  -5.3012235023629722e-05 |  -5.3012235023629722e-05 | 1
 11, 26 |   9.5068609623708846e-05 |   9.5068609623708846e-05 | 1
 11, 27 |   1.2235238930657230e-04 |   1.2235238930657230e-04 | 1
 11, 28 |   3.3915281999612521e-05 |   3.3915281999612521e-05 | 1
 11, 29 |   1.2704936456173487e-04 |   1.2704936456173487e-04 | 1
 11, 30 |  -4.1244130488032841e-05 |  -4.1244130488032841e-05 | 1
 12,  1 |   2.3655915208262352e-04 |   2.3655915208262352e-04 | 1
 12,  2 |   2.0620693039899023e-04 |   2.0620693039899023e-04 | 1
 12,  3 |   2.2003417538014647e-04 |   2.2003417538014647e-04 | 1
 12,  4 |   2.1019216296321253e-04 |   2.1019216296321253e-04 | 1
 12,  5 |   2.6946658766771185e-04 |   2.6946658766771185e-04 | 1
 12,  6 |   7.2168672149132784e-05 |   7.2168672149132784e-05 | 1
 12,  7 |   2.4864720585670197e-04 |   2.4864720585670197e-04 | 1
 12,  8 |   2.0553782079072059e-04 |   2.0553782079072059e-04 | 1
 12,  9 |   1.2229088118223880e-04 |   1.2229088118223880e-04 | 1
 12, 10 |   3.2853643148520004e-04 |   3.2853643148520004e-04 | 1
 12, 11 |   1.7582572752179249e-04 |   1.7582572752179249e-04 | 1
 12, 12 |   2.0515451499269750e-03 |   2.0515451499269750e-03 | 1
 12, 13 |   9.9573020927397243e-05 |   9.9573020927397243e-05 | 1
 12, 14 |   1.2513297616540236e-04 |   1.2513297616540236e-04 | 1
 12, 15 |   2.1332154622381868e-04 |   2.1332154622381868e-04 | 1
 12, 16 |   2.2372702134027867e-04 |   2.2372702134027867e-04 | 1
 12, 17 |   2.1967773109725808e-04 |   2.1967773109725808e-04 | 1
 12, 18 |   4.5437919029461913e-04 |   4.5437919029461913e-04 | 1
 12, 19 |   1.8211664247647316e-04 |   1.8211664247647316e-04 | 1
 12, 20 |   1.0762818809869509e-04 |   1.0762818809869509e-04 | 1
 12, 21 |   2.0942489555133968e-04 |   2.0942489555133968e-04 | 1
 12, 22 |   1.5571444367213142e-04 |   1.5571444367213142e-04 | 1
 12, 23 |   2.3872815344264280e-04 |   2.3872815344264280e-04 | 1
 12, 24 |   2.4093558622306609e-04 |   2.4093558622306609e-04 | 1
 12, 25 |   2.7810427765794773e-04 |   2.7810427765794773e-04 | 1
 12, 26 |   2.0305930801702162e-04 |   2.0305930801702162e-04 | 1
 12, 27 |   1.6324618981340165e-04 |   1.6324618981340165e-04 | 1
 12, 28 |   2.2926057560280734e-04 |   2.2926057560280734e-04 | 1
 12, 29 |   2.2591522364187383e-04 |   2.2591522364187383e-04 | 1
 12, 30 |   2.3296008204307691e-04 |   2.3296008204307691e-04 | 1
 13,  1 |   7.5598137167744183e-04 |   7.5598137167744183e-04 | 1
 13,  2 |   3.1225501117223978e-04 |   3.1225501117223978e-04 | 1
 13,  3 |   1.3557703630309530e-04 |   1.3557703630309530e-04 | 1
 13,  4 |   2.5462267536065339e-04 |   2.5462267536065339e-04 | 1
 13,  5 |  -7.0391091059490273e-04 |  -7.0391091059490273e-04 | 1
 13,  6 |   4.2331299988152959e-04 |   4.2331299988152959e-04 | 1
 13,  7 |  -2.9558523264468353e-04 |  -2.9558523264468353e-04 | 1
 13,  8 |   5.2965857509534441e-04 |   5.2965857509534441e-04 | 1
 13,  9 |   4.4857604186129753e-04 |   4.4857604186129753e-04 | 1
 13, 10 |  -1.5447206475060679e-03 |  -1.5447206475060679e-03 | 1
 13, 11 |   4.6117829441477996e-04 |   4.6117829441477996e-04 | 1
 13, 12 |   9.9573020927397243e-05 |   9.9573020927397243e-05 | 1
 13, 13 |   1.8440249792534349e-03 |   1.8440249792534349e-03 | 1
 13, 14 |   4.5903202631003212e-04 |   4.5903202631003212e-04 | 1
 13, 15 |  -2.5892711614763984e-04 |  -2.5892711614763984e-04 | 1
 13, 16 |   4.1922817788826207e-04 |   4.1922817788826207e-04 | 1
 13, 17 |   1.7601006480881816e-04 |   1.7601006480881816e-04 | 1
 13, 18 |  -3.3530447983448472e-03 |  -3.3530447983448472e-03 | 1
 13, 19 |  -5.0267827803531043e-05 |  -5.0267827803531043e-05 | 1
 13, 20 |   9.3941686287606551e-04 |   9.3941686287606551e-04 | 1
 13, 21 |   7.0781029680560257e-04 |   7.0781029680560257e-04 | 1
 13, 22 |   9.3492951518410234e-04 |   9.3492951518410234e-04 | 1
 13, 23 |  -2.7685579430858137e-04 |  -2.7685579430858137e-04 | 1
 13, 24 |  -2.7002995754823816e-04 |  -2.7002995754823816e-04 | 1
 13, 25 |  -4.1864119431567735e-04 |  -4.1864119431567735e-04 | 1
 13, 26 |  -5.6073091400295240e-05 |  -5.6073091400295240e-05 | 1
 13, 27 |   3.5952168885225097e-05 |   3.5952168885225097e-05 | 1
 13, 28 |  -1.9699777360340112e-04 |  -1.9699777360340112e-04 | 1
 13, 29 |  -2.0113696879026424e-05 |  -2.0113696879026424e-05 | 1
 13, 30 |  -3.4491565808144183e-04 |  -3.4491565808144183e-04 | 1
 14,  1 |   5.0717001664695046e-04 |   5.0717001664695046e-04 | 1
 14,  2 |   2.4855982660359897e-04 |   2.4855982660359897e-04 | 1
 14,  3 |   1.4946995620803132e-04 |   1.4946995620803132e-04 | 1
 14,  4 |   2.1450881786130979e-04 |   2.1450881786130979e-04 | 1
 14,  5 |  -3.1342629269980147e-04 |  -3.1342629269980147e-04 | 1
 14,  6 |   2.7203966318138911e-04 |   2.7203966318138911e-04 | 1
 14,  7 |  -8.6781635417491079e-05 |  -8.6781635417491079e-05 | 1
 14,  8 |   3.7085964902792284e-04 |   3.7085964902792284e-04 | 1
 14,  9 |   2.9303515851201816e-04 |   2.9303515851201816e-04 | 1
 14, 10 |  -7.6849921288229856e-04 |  -7.6849921288229856e-04 | 1
 14, 11 |   3.2139642065663881e-04 |   3.2139642065663881e-04 | 1
 14, 12 |   1.2513297616540236e-04 |   1.2513297616540236e-04 | 1
 14, 13 |   4.5903202631003212e-04 |   4.5903202631003212e-04 | 1
 14, 14 |   3.2067438464256815e-03 |   3.2067438464256815e-03 | 1
 14, 15 |  -7.6914242233969431e-05 |  -7.6914242233969431e-05 | 1
 14, 16 |   3.1399226121908990e-04 |   3.1399226121908990e-04 | 1
 14, 17 |   1.7068139410001735e-04 |   1.7068139410001735e-04 | 1
 14, 18 |  -1.7565538617769021e-03 |  -1.7565538617769021e-03 | 1
 14, 19 |   3.1887933878013591e-05 |   3.1887933878013591e-05 | 1
 14, 20 |   5.7310006991978589e-04 |   5.7310006991978589e-04 | 1
 14, 21 |   4.7144584073188675e-04 |   4.7144584073188675e-04 | 1
 14, 22 |   5.8760118519308275e-04 |   5.8760118519308275e-04 | 1
 14, 23 |  -7.9755616539151246e-05 |  -7.9755616539151246e-05 | 1
 14, 24 |  -7.2897238302602156e-05 |  -7.2897238302602156e-05 | 1
 14, 25 |  -1.4711757044987207e-04 |  -1.4711757044987207e-04 | 1
 14, 26 |   3.8131797295535546e-05 |   3.8131797295535546e-05 | 1
 14, 27 |   7.5816574114564409e-05 |   7.5816574114564409e-05 | 1
 14, 28 |  -3.5829399771168377e-05 |  -3.5829399771168377e-05 | 1
 14, 29 |   6.3968490140097218e-05 |   6.3968490140097218e-05 | 1
 14, 30 |  -1.1745019478277897e-04 |  -1.1745019478277897e-04 | 1
 15,  1 |  -8.2046052998390826e-05 |  -8.2046052998390826e-05 | 1
 15,  2 |   1.0774720262105288e-04 |   1.0774720262105288e-04 | 1
 15,  3 |   2.2012841231544274e-04 |   2.2012841231544274e-04 | 1
 15,  4 |   1.4187712799565804e-04 |   1.4187712799565804e-04 | 1
 15,  5 |   7.1933129488338044e-04 |   7.1933129488338044e-04 | 1
 15,  6 |  -1.2646989278664129e-04 |  -1.2646989278664129e-04 | 1
 15,  7 |   4.8145068615116889e-04 |   4.8145068615116889e-04 | 1
 15,  8 |  -1.0411560584269481e-05 |  -1.0411560584269481e-05 | 1
 15,  9 |  -7.2632534678235692e-05 |  -7.2632534678235692e-05 | 1
 15, 10 |   1.2328336960140171e-03 |   1.2328336960140171e-03 | 1
 15, 11 |  -8.7726356024884643e-06 |  -8.7726356024884643e-06 | 1
 15, 12 |   2.1332154622381868e-04 |   2.1332154622381868e-04 | 1
 15, 13 |  -2.5892711614763984e-04 |  -2.5892711614763984e-04 | 1
 15, 14 |  -7.6914242233969431e-05 |  -7.6914242233969431e-05 | 1
 15, 15 |   1.2701211620290971e-03 |   1.2701211620290971e-03 | 1
 15, 16 |   6.9797388535617033e-05 |   6.9797388535617033e-05 | 1
 15, 17 |   1.9491078202153985e-04 |   1.9491078202153985e-04 | 1
 15, 18 |   2.3371077549304469e-03 |   2.3371077549304469e-03 | 1
 15, 19 |   2.6401688878355831e-04 |   2.6401688878355831e-04 | 1
 15, 20 |  -3.5419705457886909e-04 |  -3.5419705457886909e-04 | 1
 15, 21 |  -9.4152306048035333e-05 |  -9.4152306048035333e-05 | 1
 15, 22 |  -2.8733327017202361e-04 |  -2.8733327017202361e-04 | 1
 15, 23 |   4.5623465852026671e-04 |   4.5623465852026671e-04 | 1
 15, 24 |   4.5144045185368809e-04 |   4.5144045185368809e-04 | 1
 15, 25 |   5.8057063234671479e-04 |   5.8057063234671479e-04 | 1
 15, 26 |   2.9110497795273104e-04 |   2.9110497795273104e-04 | 1
 15, 27 |   1.9480909250627900e-04 |   1.9480909250627900e-04 | 1
 15, 28 |   3.9855990831604471e-04 |   3.9855990831604471e-04 | 1
 15, 29 |   3.0377699511125789e-04 |   3.0377699511125789e-04 | 1
 15, 30 |   4.8165357982086051e-04 |   4.8165357982086051e-04 | 1
 16,  1 |   5.5251950385587078e-04 |   5.5251950385587078e-04 | 1
 16,  2 |   3.2851395409377220e-04 |   3.2851395409377220e-04 | 1
 16,  3 |   2.5835408231027342e-04 |   2.5835408231027342e-04 | 1
 16,  4 |   2.9928212637309623e-04 |   2.9928212637309623e-04 | 1
 16,  5 |  -7.6936584919968794e-05 |  -7.6936584919968794e-05 | 1
 16,  6 |   2.5488888131556219e-04 |   2.5488888131556219e-04 | 1
 16,  7 |   8.9778137640180415e-05 |   8.9778137640180415e-05 | 1
 16,  8 |   4.1966208822814539e-04 |   4.1966208822814539e-04 | 1
 16,  9 |   3.0759381273875238e-04 |   3.0759381273875238e-04 | 1
 16, 10 |  -4.0084198666619946e-04 |  -4.0084198666619946e-04 | 1
 16, 11 |   3.6451222373170915e-04 |   3.6451222373170915e-04 | 1
 16, 12 |   2.2372702134027867e-04 |   2.2372702134027867e-04 | 1
 16, 13 |   4.1922817788826207e-04 |   4.1922817788826207e-04 | 1
 16, 14 |   3.1399226121908990e-04 |   3.1399226121908990e-04 | 1
 16, 15 |   6.9797388535617033e-05 |   6.9797388535617033e-05 | 1
 16, 16 |   1.3613808358630998e-03 |   1.3613808358630998e-03 | 1
 16, 17 |   2.7932262207664397e-04 |   2.7932262207664397e-04 | 1
 16, 18 |  -1.0950994504639775e-03 |  -1.0950994504639775e-03 | 1
 16, 19 |   1.4966644241142652e-04 |   1.4966644241142652e-04 | 1
 16, 20 |   5.2377950899462730e-04 |   5.2377950899462730e-04 | 1
 16, 21 |   5.0752900284568967e-04 |   5.0752900284568967e-04 | 1
 16, 22 |   5.6559626550184840e-04 |   5.6559626550184840e-04 | 1
 16, 23 |   9.2293112583380219e-05 |   9.2293112583380219e-05 | 1
 16, 24 |   9.8355335335436722e-05 |   9.8355335335436722e-05 | 1
 16, 25 |   6.2065009790074902e-05 |   6.2065009790074902e-05 | 1
 16, 26 |   1.5942353531226813e-04 |   1.5942353531226813e-04 | 1
 16, 27 |   1.6713574486539913e-04 |   1.6713574486539913e-04 | 1
 16, 28 |   1.1834892270135881e-04 |   1.1834892270135881e-04 | 1
 16, 29 |   1.9417004870334530e-04 |   1.9417004870334530e-04 | 1
 16, 30 |   5.4979076857530502e-05 |   5.4979076857530502e-05 | 1
 17,  1 |   3.2360010903408271e-04 |   3.2360010903408271e-04 | 1
 17,  2 |   2.4743643581777864e-04 |   2.4743643581777864e-04 | 1
 17,  3 |   2.4504121842159634e-04 |   2.4504121842159634e-04 | 1
 17,  4 |   2.4206053012183784e-04 |   2.4206053012183784e-04 | 1
 17,  5 |   2.1117065371432470e-04 |   2.1117065371432470e-04 | 1
 17,  6 |   1.1690288908036624e-04 |   1.1690288908036624e-04 | 1
 17,  7 |   2.3195924029796467e-04 |   2.3195924029796467e-04 | 1
 17,  8 |   2.6393675262074984e-04 |   2.6393675262074984e-04 | 1
 17,  9 |   1.7252637397281509e-04 |   1.7252637397281509e-04 | 1
 17, 10 |   1.9007585239294824e-04 |   1.9007585239294824e-04 | 1
 17, 11 |   2.2957231470850534e-04 |   2.2957231470850534e-04 | 1
 17, 12 |   2.1967773109725808e-04 |   2.1967773109725808e-04 | 1
 17, 13 |   1.7601006480881816e-04 |   1.7601006480881816e-04 | 1
 17, 14 |   1.7068139410001735e-04 |   1.7068139410001735e-04 | 1
 17, 15 |   1.9491078202153985e-04 |   1.9491078202153985e-04 | 1
 17, 16 |   2.7932262207664397e-04 |   2.7932262207664397e-04 | 1
 17, 17 |   6.8469569903128417e-03 |   6.8469569903128417e-03 | 1
 17, 18 |   1.4648527224087773e-04 |   1.4648527224087773e-04 | 1
 17, 19 |   1.9068532694111305e-04 |   1.9068532694111305e-04 | 1
 17, 20 |   2.0515069577938170e-04 |   2.0515069577938170e-04 | 1
 17, 21 |   2.9119510970583096e-04 |   2.9119510970583096e-04 | 1
 17, 22 |   2.5602996940320334e-04 |   2.5602996940320334e-04 | 1
 17, 23 |   2.2460359515733645e-04 |   2.2460359515733645e-04 | 1
 17, 24 |   2.2647147840626993e-04 |   2.2647147840626993e-04 | 1
 17, 25 |   2.5040296944088758e-04 |   2.5040296944088758e-04 | 1
 17, 26 |   2.0543930792085762e-04 |   2.0543930792085762e-04 | 1
 17, 27 |   1.7713517931358978e-04 |   1.7713517931358978e-04 | 1
 17, 28 |   2.2003707756270688e-04 |   2.2003707756270688e-04 | 1
 17, 29 |   2.3317300218048364e-04 |   2.3317300218048364e-04 | 1
 17, 30 |   2.0904577950040966e-04 |   2.0904577950040966e-04 | 1
 18,  1 |  -2.7214038776697501e-03 |  -2.7214038776697501e-03 | 1
 18,  2 |  -6.1636597002332697e-04 |  -6.1636597002332697e-04 | 1
 18,  3 |   3.6078951816629929e-04 |   3.6078951816629929e-04 | 1
 18,  4 |  -3.0281393950001997e-04 |  -3.0281393950001997e-04 | 1
 18,  5 |   4.8692079321946743e-03 |   4.8692079321946743e-03 | 1
 18,  6 |  -1.8573640352297339e-03 |  -1.8573640352297339e-03 | 1
 18,  7 |   2.6939733030003354e-03 |   2.6939733030003354e-03 | 1
 18,  8 |  -1.7332117179639955e-03 |  -1.7332117179639955e-03 | 1
 18,  9 |  -1.6995381249466522e-03 |  -1.6995381249466522e-03 | 1
 18, 10 |   9.4264292837474301e-03 |   9.4264292837474301e-03 | 1
 18, 11 |  -1.5139371668624339e-03 |  -1.5139371668624339e-03 | 1
 18, 12 |   4.5437919029461913e-04 |   4.5437919029461913e-04 | 1
 18, 13 |  -3.3530447983448472e-03 |  -3.3530447983448472e-03 | 1
 18, 14 |  -1.7565538617769021e-03 |  -1.7565538617769021e-03 | 1
 18, 15 |   2.3371077549304469e-03 |   2.3371077549304469e-03 | 1
 18, 16 |  -1.0950994504639775e-03 |  -1.0950994504639775e-03 | 1
 18, 17 |   1.4648527224087773e-04 |   1.4648527224087773e-04 | 1
 18, 18 |   1.9235369283030056e-02 |   1.9235369283030056e-02 | 1
 18, 19 |   1.1164835938081413e-03 |   1.1164835938081413e-03 | 1
 18, 20 |  -4.3099011856751268e-03 |  -4.3099011856751268e-03 | 1
 18, 21 |  -2.6130449074919775e-03 |  -2.6130449074919775e-03 | 1
 18, 22 |  -4.0601455673931388e-03 |  -4.0601455673931388e-03 | 1
 18, 23 |   2.5438177707886546e-03 |   2.5438177707886546e-03 | 1
 18, 24 |   2.5054263495294157e-03 |   2.5054263495294157e-03 | 1
 18, 25 |   3.4498862675310681e-03 |   3.4498862675310681e-03 | 1
 18, 26 |   1.2351335492987773e-03 |   1.2351335492987773e-03 | 1
 18, 27 |   5.8898701667274632e-04 |   5.8898701667274632e-04 | 1
 18, 28 |   2.0791191516364937e-03 |   2.0791191516364937e-03 | 1
 18, 29 |   1.1668587575054228e-03 |   1.1668587575054228e-03 | 1
 18, 30 |   2.8508905165924490e-03 |   2.8508905165924490e-03 | 1
 19,  1 |   9.3835562478058283e-05 |   9.3835562478058283e-05 | 1
 19,  2 |   1.5111056481956260e-04 |   1.5111056481956260e-04 | 1
 19,  3 |   1.9988700102577050e-04 |   1.9988700102577050e-04 | 1
 19,  4 |   1.6002370873770285e-04 |   1.6002370873770285e-04 | 1
 19,  5 |   4.1003297833577910e-04 |   4.1003297833577910e-04 | 1
 19,  6 |  -9.5177170470840596e-06 |  -9.5177170470840596e-06 | 1
 19,  7 |   3.1162377600029681e-04 |   3.1162377600029681e-04 | 1
 19,  8 |   1.0005407427109980e-04 |   1.0005407427109980e-04 | 1
 19,  9 |   3.4174308486553266e-05 |   3.4174308486553266e-05 | 1
 19, 10 |   6.3364677325725865e-04 |   6.3364677325725865e-04 | 1
 19, 11 |   8.8603708002154712e-05 |   8.8603708002154712e-05 | 1
 19, 12 |   1.8211664247647316e-04 |   1.8211664247647316e-04 | 1
 19, 13 |  -5.0267827803531043e-05 |  -5.0267827803531043e-05 | 1
 19, 14 |   3.1887933878013591e-05 |   3.1887933878013591e-05 | 1
 19, 15 |   2.6401688878355831e-04 |   2.6401688878355831e-04 | 1
 19, 16 |   1.4966644241142652e-04 |   1.4966644241142652e-04 | 1
 19, 17 |   1.9068532694111305e-04 |   1.9068532694111305e-04 | 1
 19, 18 |   1.1164835938081413e-03 |   1.1164835938081413e-03 | 1
 19, 19 |   1.5518092340694874e-03 |   1.5518092340694874e-03 | 1
 19, 20 |  -7.4022347878713172e-05 |  -7.4022347878713172e-05 | 1
 19, 21 |   7.6749483092755503e-05 |   7.6749483092755503e-05 | 1
 19, 22 |  -2.3786290596977463e-05 |  -2.3786290596977463e-05 | 1
 19, 23 |   2.9804956592875865e-04 |   2.9804956592875865e-04 | 1
 19, 24 |   2.9671059962907366e-04 |   2.9671059962907366e-04 | 1
 19, 25 |   3.6435236630240830e-04 |   3.6435236630240830e-04 | 1
 19, 26 |   2.1608212951620211e-04 |   2.1608212951620211e-04 | 1
 19, 27 |   1.6179455759746306e-04 |   1.6179455759746306e-04 | 1
 19, 28 |   2.6921710651049669e-04 |   2.6921710651049669e-04 | 1
 19, 29 |   2.3161069023562960e-04 |   2.3161069023562960e-04 | 1
 19, 30 |   3.0293699897779877e-04 |   3.0293699897779877e-04 | 1
 20,  1 |   9.3983247696828934e-04 |   9.3983247696828934e-04 | 1
 20,  2 |   3.8073699127997413e-04 |   3.8073699127997413e-04 | 1
 20,  3 |   1.4985779856506990e-04 |   1.4985779856506990e-04 | 1
 20,  4 |   3.0737313311259034e-04 |   3.0737313311259034e-04 | 1
 20,  5 |  -9.2234597371445616e-04 |  -9.2234597371445616e-04 | 1
 20,  6 |   5.3927886398998743e-04 |   5.3927886398998743e-04 | 1
 20,  7 |  -4.0116190732231074e-04 |  -4.0116190732231074e-04 | 1
 20,  8 |   6.5414158966535779e-04 |   6.5414158966535779e-04 | 1
 20,  9 |   5.5355975366146713e-04 |   5.5355975366146713e-04 | 1
 20, 10 |  -2.0000533144561455e-03 |  -2.0000533144561455e-03 | 1
 20, 11 |   5.6920197296269238e-04 |   5.6920197296269238e-04 | 1
 20, 12 |   1.0762818809869509e-04 |   1.0762818809869509e-04 | 1
 20, 13 |   9.3941686287606551e-04 |   9.3941686287606551e-04 | 1
 20, 14 |   5.7310006991978589e-04 |   5.7310006991978589e-04 | 1
 20, 15 |  -3.5419705457886909e-04 |  -3.5419705457886909e-04 | 1
 20, 16 |   5.2377950899462730e-04 |   5.2377950899462730e-04 | 1
 20, 17 |   2.0515069577938170e-04 |   2.0515069577938170e-04 | 1
 20, 18 |  -4.3099011856751268e-03 |  -4.3099011856751268e-03 | 1
 20, 19 |  -7.4022347878713172e-05 |  -7.4022347878713172e-05 | 1
 20, 20 |   4.3060019959139592e-03 |   4.3060019959139592e-03 | 1
 20, 21 |   8.8337505973783137e-04 |   8.8337505973783137e-04 | 1
 20, 22 |   1.1872298312227284e-03 |   1.1872298312227284e-03 | 1
 20, 23 |  -3.7232947744373306e-04 |  -3.7232947744373306e-04 | 1
 20, 24 |  -3.6245368115281795e-04 |  -3.6245368115281795e-04 | 1
 20, 25 |  -5.5831418210598868e-04 |  -5.5831418210598868e-04 | 1
 20, 26 |  -8.5610768693871700e-05 |  -8.5610768693871700e-05 | 1
 20, 27 |   3.1484523429974330e-05 |   3.1484523429974330e-05 | 1
 20, 28 |  -2.6760782487704048e-04 |  -2.6760782487704048e-04 | 1
 20, 29 |  -4.3825027377431290e-05 |  -4.3825027377431290e-05 | 1
 20, 30 |  -4.5768334028508528e-04 |  -4.5768334028508528e-04 | 1
 21,  1 |   8.0076719438330923e-04 |   8.0076719438330923e-04 | 1
 21,  2 |   4.0056790672620671e-04 |   4.0056790672620671e-04 | 1
 21,  3 |   2.5683246276211918e-04 |   2.5683246276211918e-04 | 1
 21,  4 |   3.4775421461795408e-04 |   3.4775421461795408e-04 | 1
 21,  5 |  -4.4440139685666984e-04 |  -4.4440139685666984e-04 | 1
 21,  6 |   4.2139158852767139e-04 |   4.2139158852767139e-04 | 1
 21,  7 |  -1.0010071099150861e-04 |  -1.0010071099150861e-04 | 1
 21,  8 |   5.7958925813875509e-04 |   5.7958925813875509e-04 | 1
 21,  9 |   4.6120397243849755e-04 |   4.6120397243849755e-04 | 1
 21, 10 |  -1.1313602075160953e-03 |  -1.1313602075160953e-03 | 1
 21, 11 |   5.0829712223660376e-04 |   5.0829712223660376e-04 | 1
 21, 12 |   2.0942489555133968e-04 |   2.0942489555133968e-04 | 1
 21, 13 |   7.0781029680560257e-04 |   7.0781029680560257e-04 | 1
 21, 14 |   4.7144584073188675e-04 |   4.7144584073188675e-04 | 1
 21, 15 |  -9.4152306048035333e-05 |  -9.4152306048035333e-05 | 1
 21, 16 |   5.0752900284568967e-04 |   5.0752900284568967e-04 | 1
 21, 17 |   2.9119510970583096e-04 |   2.9119510970583096e-04 | 1
 21, 18 |  -2.6130449074919775e-03 |  -2.6130449074919775e-03 | 1
 21, 19 |   7.6749483092755503e-05 |   7.6749483092755503e-05 | 1
 21, 20 |   8.8337505973783137e-04 |   8.8337505973783137e-04 | 1
 21, 21 |   7.4805279099143536e-04 |   7.4805279099143536e-04 | 1
 21, 22 |   9.1109386399770809e-04 |   9.1109386399770809e-04 | 1
 21, 23 |  -8.7453723789204465e-05 |  -8.7453723789204465e-05 | 1
 21, 24 |  -8.2388561872908062e-05 |  -8.2388561872908062e-05 | 1
 21, 25 |  -1.8779412375150646e-04 |  -1.8779412375150646e-04 | 1
 21, 26 |   7.6176143424410231e-05 |   7.6176143424410231e-05 | 1
 21, 27 |   1.3549311935366019e-04 |   1.3549311935366019e-04 | 1
 21, 28 |  -2.6581636680143457e-05 |  -2.6581636680143457e-05 | 1
 21, 29 |   1.2158234361747092e-04 |   1.2158234361747092e-04 | 1
 21, 30 |  -1.5116935846741806e-04 |  -1.5116935846741806e-04 | 1
 22,  1 |   9.7337303246790264e-04 |   9.7337303246790264e-04 | 1
 22,  2 |   4.2459051899476332e-04 |   4.2459051899476332e-04 | 1
 22,  3 |   2.0476718284106446e-04 |   2.0476718284106446e-04 | 1
 22,  4 |   3.5010795789053946e-04 |   3.5010795789053946e-04 | 1
 22,  5 |  -8.2440869890378868e-04 |  -8.2440869890378868e-04 | 1
 22,  6 |   5.3890737743669955e-04 |   5.3890737743669955e-04 | 1
 22,  7 |  -3.2319566729628022e-04 |  -3.2319566729628022e-04 | 1
 22,  8 |   6.8780852684458883e-04 |   6.8780852684458883e-04 | 1
 22,  9 |   5.6822443503766885e-04 |   5.6822443503766885e-04 | 1
 22, 10 |  -1.8530959234341195e-03 |  -1.8530959234341195e-03 | 1
 22, 11 |   5.9868376559344338e-04 |   5.9868376559344338e-04 | 1
 22, 12 |   1.5571444367213142e-04 |   1.5571444367213142e-04 | 1
 22, 13 |   9.3492951518410234e-04 |   9.3492951518410234e-04 | 1
 22, 14 |   5.8760118519308275e-04 |   5.8760118519308275e-04 | 1
 22, 15 |  -2.8733327017202361e-04 |  -2.8733327017202361e-04 | 1
 22, 16 |   5.6559626550184840e-04 |   5.6559626550184840e-04 | 1
 22, 17 |   2.5602996940320334e-04 |   2.5602996940320334e-04 | 1
 22, 18 |  -4.0601455673931388e-03 |  -4.0601455673931388e-03 | 1
 22, 19 |  -2.3786290596977463e-05 |  -2.3786290596977463e-05 | 1
 22, 20 |   1.1872298312227284e-03 |   1.1872298312227284e-03 | 1
 22, 21 |   9.1109386399770809e-04 |   9.1109386399770809e-04 | 1
 22, 22 |   4.6337314737776060e-03 |   4.6337314737776060e-03 | 1
 22, 23 |  -2.9943517225480240e-04 |  -2.9943517225480240e-04 | 1
 22, 24 |  -2.8865760928077449e-04 |  -2.8865760928077449e-04 | 1
 22, 25 |  -4.6860423400861870e-04 |  -4.6860423400861870e-04 | 1
 22, 26 |  -2.9983867064304470e-05 |  -2.9983867064304470e-05 | 1
 22, 27 |   7.5105259728404725e-05 |   7.5105259728404725e-05 | 1
 22, 28 |  -2.0143944241272503e-04 |  -2.0143944241272503e-04 | 1
 22, 29 |   1.5575668665219412e-05 |   1.5575668665219412e-05 | 1
 22, 30 |  -3.8324425440486711e-04 |  -3.8324425440486711e-04 | 1
 23,  1 |  -7.5112682766920267e-05 |  -7.5112682766920267e-05 | 1
 23,  2 |   1.2735869570205249e-04 |   1.2735869570205249e-04 | 1
 23,  3 |   2.4892148889171198e-04 |   2.4892148889171198e-04 | 1
 23,  4 |   1.6360034514157701e-04 |   1.6360034514157701e-04 | 1
 23,  5 |   7.8810940876067174e-04 |   7.8810940876067174e-04 | 1
 23,  6 |  -1.3421273715176921e-04 |  -1.3421273715176921e-04 | 1
 23,  7 |   5.3166718205168318e-04 |   5.3166718205168318e-04 | 1
 23,  8 |  -1.7842085994517737e-06 |  -1.7842085994517737e-06 | 1
 23,  9 |  -7.2936746526956200e-05 |  -7.2936746526956200e-05 | 1
 23, 10 |   1.3441415458366427e-03 |   1.3441415458366427e-03 | 1
 23, 11 |  -1.0497954714146123e-06 |  -1.0497954714146123e-06 | 1
 23, 12 |   2.3872815344264280e-04 |   2.3872815344264280e-04 | 1
 23, 13 |  -2.7685579430858137e-04 |  -2.7685579430858137e-04 | 1
 23, 14 |  -7.9755616539151246e-05 |  -7.9755616539151246e-05 | 1
 23, 15 |   4.5623465852026671e-04 |   4.5623465852026671e-04 | 1
 23, 16 |   9.2293112583380219e-05 |   9.2293112583380219e-05 | 1
 23, 17 |   2.2460359515733645e-04 |   2.2460359515733645e-04 | 1
 23, 18 |   2.5438177707886546e-03 |   2.5438177707886546e-03 | 1
 23, 19 |   2.9804956592875865e-04 |   2.9804956592875865e-04 | 1
 23, 20 |  -3.7232947744373306e-04 |  -3.7232947744373306e-04 | 1
 23, 21 |  -8.7453723789204465e-05 |  -8.7453723789204465e-05 | 1
 23, 22 |  -2.9943517225480240e-04 |  -2.9943517225480240e-04 | 1
 23, 23 |   1.7318530861871627e-03 |   1.7318530861871627e-03 | 1
 23, 24 |   5.0167598147934900e-04 |   5.0167598147934900e-04 | 1
 23, 25 |   6.4147537837664997e-04 |   6.4147537837664997e-04 | 1
 23, 26 |   3.2467800739594910e-04 |   3.2467800739594910e-04 | 1
 23, 27 |   2.1966859899655213e-04 |   2.1966859899655213e-04 | 1
 23, 28 |   4.4387052630790662e-04 |   4.4387052630790662e-04 | 1
 23, 29 |   3.3954976091978960e-04 |   3.3954976091978960e-04 | 1
 23, 30 |   5.3236737373960692e-04 |   5.3236737373960692e-04 | 1
 24,  1 |  -6.8112691503147889e-05 |  -6.8112691503147889e-05 | 1
 24,  2 |   1.3008124142818332e-04 |   1.3008124142818332e-04 | 1
 24,  3 |   2.4721832314773080e-04 |   2.4721832314773080e-04 | 1
 24,  4 |   1.6299377788199282e-04 |   1.6299377788199282e-04 | 1
 24,  5 |   7.7783916322605616e-04 |   7.7783916322605616e-04 | 1
 24,  6 |  -1.3587246718286763e-04 |  -1.3587246718286763e-04 | 1
 24,  7 |   5.2557550610862302e-04 |   5.2557550610862302e-04 | 1
 24,  8 |   7.5759112596644076e-06 |   7.5759112596644076e-06 | 1
 24,  9 |  -6.8037119091358559e-05 |  -6.8037119091358559e-05 | 1
 24, 10 |   1.3266569204321750e-03 |   1.3266569204321750e-03 | 1
 24, 11 |   3.6717313286361989e-06 |   3.6717313286361989e-06 | 1
 24, 12 |   2.4093558622306609e-04 |   2.4093558622306609e-04 | 1
 24, 13 |  -2.7002995754823816e-04 |  -2.7002995754823816e-04 | 1
 24, 14 |  -7.2897238302602156e-05 |  -7.2897238302602156e-05 | 1
 24, 15 |   4.5144045185368809e-04 |   4.5144045185368809e-04 | 1
 24, 16 |   9.8355335335436722e-05 |   9.8355335335436722e-05 | 1
 24, 17 |   2.2647147840626993e-04 |   2.2647147840626993e-04 | 1
 24, 18 |   2.5054263495294157e-03 |   2.5054263495294157e-03 | 1
 24, 19 |   2.9671059962907366e-04 |   2.9671059962907366e-04 | 1
 24, 20 |  -3.6245368115281795e-04 |  -3.6245368115281795e-04 | 1
 24, 21 |  -8.2388561872908062e-05 |  -8.2388561872908062e-05 | 1
 24, 22 |  -2.8865760928077449e-04 |  -2.8865760928077449e-04 | 1
 24, 23 |   5.0167598147934900e-04 |   5.0167598147934900e-04 | 1
 24, 24 |   1.7204742885785199e-03 |   1.7204742885785199e-03 | 1
 24, 25 |   6.3576853340282569e-04 |   6.3576853340282569e-04 | 1
 24, 26 |   3.2700149836808773e-04 |   3.2700149836808773e-04 | 1
 24, 27 |   2.2150304805848854e-04 |   2.2150304805848854e-04 | 1
 24, 28 |   4.4164463233780336e-04 |   4.4164463233780336e-04 | 1
 24, 29 |   3.3988781391179309e-04 |   3.3988781391179309e-04 | 1
 24, 30 |   5.2817475009284630e-04 |   5.2817475009284630e-04 | 1
 25,  1 |  -1.7656293374069827e-04 |  -1.7656293374069827e-04 | 1
 25,  2 |   1.1790627279427752e-04 |   1.1790627279427752e-04 | 1
 25,  3 |   2.8405822898315591e-04 |   2.8405822898315591e-04 | 1
 25,  4 |   1.6769865010338034e-04 |   1.6769865010338034e-04 | 1
 25,  5 |   1.0314490645665668e-03 |   1.0314490645665668e-03 | 1
 25,  6 |  -2.1347631184212150e-04 |  -2.1347631184212150e-04 | 1
 25,  7 |   6.7515513728485404e-04 |   6.7515513728485404e-04 | 1
 25,  8 |  -6.0288085917523302e-05 |  -6.0288085917523302e-05 | 1
 25,  9 |  -1.3759045294914725e-04 |  -1.3759045294914725e-04 | 1
 25, 10 |   1.7982406421667057e-03 |   1.7982406421667057e-03 | 1
 25, 11 |  -5.3012235023629722e-05 |  -5.3012235023629722e-05 | 1
 25, 12 |   2.7810427765794773e-04 |   2.7810427765794773e-04 | 1
 25, 13 |  -4.1864119431567735e-04 |  -4.1864119431567735e-04 | 1
 25, 14 |  -1.4711757044987207e-04 |  -1.4711757044987207e-04 | 1
 25, 15 |   5.8057063234671479e-04 |   5.8057063234671479e-04 | 1
 25, 16 |   6.2065009790074902e-05 |   6.2065009790074902e-05 | 1
 25, 17 |   2.5040296944088758e-04 |   2.5040296944088758e-04 | 1
 25, 18 |   3.4498862675310681e-03 |   3.4498862675310681e-03 | 1
 25, 19 |   3.6435236630240830e-04 |   3.6435236630240830e-04 | 1
 25, 20 |  -5.5831418210598868e-04 |  -5.5831418210598868e-04 | 1
 25, 21 |  -1.8779412375150646e-04 |  -1.8779412375150646e-04 | 1
 25, 22 |  -4.6860423400861870e-04 |  -4.6860423400861870e-04 | 1
 25, 23 |   6.4147537837664997e-04 |   6.4147537837664997e-04 | 1
 25, 24 |   6.3576853340282569e-04 |   6.3576853340282569e-04 | 1
 25, 25 |   2.8180531597127561e-03 |   2.8180531597127561e-03 | 1
 25, 26 |   3.9838560758726464e-04 |   3.9838560758726464e-04 | 1
 25, 27 |   2.6129416908954978e-04 |   2.6129416908954978e-04 | 1
 25, 28 |   5.5680663190873884e-04 |   5.5680663190873884e-04 | 1
 25, 29 |   4.1263614962098473e-04 |   4.1263614962098473e-04 | 1
 25, 30 |   6.8067121603293426e-04 |   6.8067121603293426e-04 | 1
 26,  1 |   9.8712917156356679e-05 |   9.8712917156356679e-05 | 1
 26,  2 |   1.6355725786370049e-04 |   1.6355725786370049e-04 | 1
 26,  3 |   2.1405240646746294e-04 |   2.1405240646746294e-04 | 1
 26,  4 |   1.7541537626529426e-04 |   1.7541537626529426e-04 | 1
 26,  5 |   4.5126551426019547e-04 |   4.5126551426019547e-04 | 1
 26,  6 |  -1.5042276881641308e-05 |  -1.5042276881641308e-05 | 1
 26,  7 |   3.3999890695550120e-04 |   3.3999890695550120e-04 | 1
 26,  8 |   1.1314544966718295e-04 |   1.1314544966718295e-04 | 1
 26,  9 |   3.5374686289854539e-05 |   3.5374686289854539e-05 | 1
 26, 10 |   6.9940350370963013e-04 |   6.9940350370963013e-04 | 1
 26, 11 |   9.5068609623708846e-05 |   9.5068609623708846e-05 | 1
 26, 12 |   2.0305930801702162e-04 |   2.0305930801702162e-04 | 1
 26, 13 |  -5.6073091400295240e-05 |  -5.6073091400295240e-05 | 1
 26, 14 |   3.8131797295535546e-05 |   3.8131797295535546e-05 | 1
 26, 15 |   2.9110497795273104e-04 |   2.9110497795273104e-04 | 1
 26, 16 |   1.5942353531226813e-04 |   1.5942353531226813e-04 | 1
 26, 17 |   2.0543930792085762e-04 |   2.0543930792085762e-04 | 1
 26, 18 |   1.2351335492987773e-03 |   1.2351335492987773e-03 | 1
 26, 19 |   2.1608212951620211e-04 |   2.1608212951620211e-04 | 1
 26, 20 |  -8.5610768693871700e-05 |  -8.5610768693871700e-05 | 1
 26, 21 |   7.6176143424410231e-05 |   7.6176143424410231e-05 | 1
 26, 22 |  -2.9983867064304470e-05 |  -2.9983867064304470e-05 | 1
 26, 23 |   3.2467800739594910e-04 |   3.2467800739594910e-04 | 1
 26, 24 |   3.2700149836808773e-04 |   3.2700149836808773e-04 | 1
 26, 25 |   3.9838560758726464e-04 |   3.9838560758726464e-04 | 1
 26, 26 |   2.5251635464226966e-03 |   2.5251635464226966e-03 | 1
 26, 27 |   1.7580862822101255e-04 |   1.7580862822101255e-04 | 1
 26, 28 |   2.9567902208421090e-04 |   2.9567902208421090e-04 | 1
 26, 29 |   2.5534517833747074e-04 |   2.5534517833747074e-04 | 1
 26, 30 |   3.3271286274771890e-04 |   3.3271286274771890e-04 | 1
 27,  1 |   1.5580329300159552e-04 |   1.5580329300159552e-04 | 1
 27,  2 |   1.5969253460508445e-04 |   1.5969253460508445e-04 | 1
 27,  3 |   1.8070880319002343e-04 |   1.8070880319002343e-04 | 1
 27,  4 |   1.5766908244298336e-04 |   1.5766908244298336e-04 | 1
 27,  5 |   2.6974869816926653e-04 |   2.6974869816926653e-04 | 1
 27,  6 |   3.4137565022428905e-05 |   3.4137565022428905e-05 | 1
 27,  7 |   2.2972788039754517e-04 |   2.2972788039754517e-04 | 1
 27,  8 |   1.4109723994705416e-04 |   1.4109723994705416e-04 | 1
 27,  9 |   7.6004552770492044e-05 |   7.6004552770492044e-05 | 1
 27, 10 |   3.7231382446899116e-04 |   3.7231382446899116e-04 | 1
 27, 11 |   1.2235238930657230e-04 |   1.2235238930657230e-04 | 1
 27, 12 |   1.6324618981340165e-04 |   1.6324618981340165e-04 | 1
 27, 13 |   3.5952168885225097e-05 |   3.5952168885225097e-05 | 1
 27, 14 |   7.5816574114564409e-05 |   7.5816574114564409e-05 | 1
 27, 15 |   1.9480909250627900e-04 |   1.9480909250627900e-04 | 1
 27, 16 |   1.6713574486539913e-04 |   1.6713574486539913e-04 | 1
 27, 17 |   1.7713517931358978e-04 |   1.7713517931358978e-04 | 1
 27, 18 |   5.8898701667274632e-04 |   5.8898701667274632e-04 | 1
 27, 19 |   1.6179455759746306e-04 |   1.6179455759746306e-04 | 1
 27, 20 |   3.1484523429974330e-05 |   3.1484523429974330e-05 | 1
 27, 21 |   1.3549311935366019e-04 |   1.3549311935366019e-04 | 1
 27, 22 |   7.5105259728404725e-05 |   7.5105259728404725e-05 | 1
 27, 23 |   2.1966859899655213e-04 |   2.1966859899655213e-04 | 1
 27, 24 |   2.2150304805848854e-04 |   2.2150304805848854e-04 | 1
 27, 25 |   2.6129416908954978e-04 |   2.6129416908954978e-04 | 1
 27, 26 |   1.7580862822101255e-04 |   1.7580862822101255e-04 | 1
 27, 27 |   1.6164503668632904e-03 |   1.6164503668632904e-03 | 1
 27, 28 |   2.0413641856083052e-04 |   2.0413641856083052e-04 | 1
 27, 29 |   1.9152528086717897e-04 |   1.9152528086717897e-04 | 1
 27, 30 |   2.1780687452487414e-04 |   2.1780687452487414e-04 | 1
 28,  1 |  -1.1541404154734754e-05 |  -1.1541404154734754e-05 | 1
 28,  2 |   1.4021423788132894e-04 |   1.4021423788132894e-04 | 1
 28,  3 |   2.3688179703144904e-04 |   2.3688179703144904e-04 | 1
 28,  4 |   1.7060863368887364e-04 |   1.7060863368887364e-04 | 1
 28,  5 |   6.6911536501982564e-04 |   6.6911536501982564e-04 | 1
 28,  6 |  -9.2276048378350773e-05 |  -9.2276048378350773e-05 | 1
 28,  7 |   4.6450238959623081e-04 |   4.6450238959623081e-04 | 1
 28,  8 |   4.0873744682746647e-05 |   4.0873744682746647e-05 | 1
 28,  9 |  -3.3521928027253338e-05 |  -3.3521928027253338e-05 | 1
 28, 10 |   1.1158542570185882e-03 |   1.1158542570185882e-03 | 1
 28, 11 |   3.3915281999612521e-05 |   3.3915281999612521e-05 | 1
 28, 12 |   2.2926057560280734e-04 |   2.2926057560280734e-04 | 1
 28, 13 |  -1.9699777360340112e-04 |  -1.9699777360340112e-04 | 1
 28, 14 |  -3.5829399771168377e-05 |  -3.5829399771168377e-05 | 1
 28, 15 |   3.9855990831604471e-04 |   3.9855990831604471e-04 | 1
 28, 16 |   1.1834892270135881e-04 |   1.1834892270135881e-04 | 1
 28, 17 |   2.2003707756270688e-04 |   2.2003707756270688e-04 | 1
 28, 18 |   2.0791191516364937e-03 |   2.0791191516364937e-03 | 1
 28, 19 |   2.6921710651049669e-04 |   2.6921710651049669e-04 | 1
 28, 20 |  -2.6760782487704048e-04 |  -2.6760782487704048e-04 | 1
 28, 21 |  -2.6581636680143457e-05 |  -2.6581636680143457e-05 | 1
 28, 22 |  -2.0143944241272503e-04 |  -2.0143944241272503e-04 | 1
 28, 23 |   4.4387052630790662e-04 |   4.4387052630790662e-04 | 1
 28, 24 |   4.4164463233780336e-04 |   4.4164463233780336e-04 | 1
 28, 25 |   5.5680663190873884e-04 |   5.5680663190873884e-04 | 1
 28, 26 |   2.9567902208421090e-04 |   2.9567902208421090e-04 | 1
 28, 27 |   2.0413641856083052e-04 |   2.0413641856083052e-04 | 1
 28, 28 |   1.1675242628814053e-03 |   1.1675242628814053e-03 | 1
 28, 29 |   3.1155604492000776e-04 |   3.1155604492000776e-04 | 1
 28, 30 |   4.6335356441919639e-04 |   4.6335356441919639e-04 | 1
 29,  1 |   1.4674062181801556e-04 |   1.4674062181801556e-04 | 1
 29,  2 |   1.9201903562460418e-04 |   1.9201903562460418e-04 | 1
 29,  3 |   2.4109392148919360e-04 |   2.4109392148919360e-04 | 1
 29,  4 |   2.0536237154190136e-04 |   2.0536237154190136e-04 | 1
 29,  5 |   4.5546704257192123e-04 |   4.5546704257192123e-04 | 1
 29,  6 |   7.4327084120190748e-06 |   7.4327084120190748e-06 | 1
 29,  7 |   3.5520316906443509e-04 |   3.5520316906443509e-04 | 1
 29,  8 |   1.4835689048817453e-04 |   1.4835689048817453e-04 | 1
 29,  9 |   6.4040279493878159e-05 |   6.4040279493878159e-05 | 1
 29, 10 |   6.8052324888712872e-04 |   6.8052324888712872e-04 | 1
 29, 11 |   1.2704936456173487e-04 |   1.2704936456173487e-04 | 1
 29, 12 |   2.2591522364187383e-04 |   2.2591522364187383e-04 | 1
 29, 13 |  -2.0113696879026424e-05 |  -2.0113696879026424e-05 | 1
 29, 14 |   6.3968490140097218e-05 |   6.3968490140097218e-05 | 1
 29, 15 |   3.0377699511125789e-04 |   3.0377699511125789e-04 | 1
 29, 16 |   1.9417004870334530e-04 |   1.9417004870334530e-04 | 1
 29, 17 |   2.3317300218048364e-04 |   2.3317300218048364e-04 | 1
 29, 18 |   1.1668587575054228e-03 |   1.1668587575054228e-03 | 1
 29, 19 |   2.3161069023562960e-04 |   2.3161069023562960e-04 | 1
 29, 20 |  -4.3825027377431290e-05 |  -4.3825027377431290e-05 | 1
 29, 21 |   1.2158234361747092e-04 |   1.2158234361747092e-04 | 1
 29, 22 |   1.5575668665219412e-05 |   1.5575668665219412e-05 | 1
 29, 23 |   3.3954976091978960e-04 |   3.3954976091978960e-04 | 1
 29, 24 |   3.3988781391179309e-04 |   3.3988781391179309e-04 | 1
 29, 25 |   4.1263614962098473e-04 |   4.1263614962098473e-04 | 1
 29, 26 |   2.5534517833747074e-04 |   2.5534517833747074e-04 | 1
 29, 27 |   1.9152528086717897e-04 |   1.9152528086717897e-04 | 1
 29, 28 |   3.1155604492000776e-04 |   3.1155604492000776e-04 | 1
 29, 29 |   2.4652909732676516e-03 |   2.4652909732676516e-03 | 1
 29, 30 |   3.4352118820216068e-04 |   3.4352118820216068e-04 | 1
 30,  1 |  -1.4292689946485083e-04 |  -1.4292689946485083e-04 | 1
 30,  2 |   1.0064359462527985e-04 |   1.0064359462527985e-04 | 1
 30,  3 |   2.3707362363787536e-04 |   2.3707362363787536e-04 | 1
 30,  4 |   1.4140816075837703e-04 |   1.4140816075837703e-04 | 1
 30,  5 |   8.5292204045873499e-04 |   8.5292204045873499e-04 | 1
 30,  6 |  -1.7413793835810188e-04 |  -1.7413793835810188e-04 | 1
 30,  7 |   5.5946501479655773e-04 |   5.5946501479655773e-04 | 1
 30,  8 |  -4.6601448295000422e-05 |  -4.6601448295000422e-05 | 1
 30,  9 |  -1.1338678461437064e-04 |  -1.1338678461437064e-04 | 1
 30, 10 |   1.4879738550725367e-03 |   1.4879738550725367e-03 | 1
 30, 11 |  -4.1244130488032841e-05 |  -4.1244130488032841e-05 | 1
 30, 12 |   2.3296008204307691e-04 |   2.3296008204307691e-04 | 1
 30, 13 |  -3.4491565808144183e-04 |  -3.4491565808144183e-04 | 1
 30, 14 |  -1.1745019478277897e-04 |  -1.1745019478277897e-04 | 1
 30, 15 |   4.8165357982086051e-04 |   4.8165357982086051e-04 | 1
 30, 16 |   5.4979076857530502e-05 |   5.4979076857530502e-05 | 1
 30, 17 |   2.0904577950040966e-04 |   2.0904577950040966e-04 | 1
 30, 18 |   2.8508905165924490e-03 |   2.8508905165924490e-03 | 1
 30, 19 |   3.0293699897779877e-04 |   3.0293699897779877e-04 | 1
 30, 20 |  -4.5768334028508528e-04 |  -4.5768334028508528e-04 | 1
 30, 21 |  -1.5116935846741806e-04 |  -1.5116935846741806e-04 | 1
 30, 22 |  -3.8324425440486711e-04 |  -3.8324425440486711e-04 | 1
 30, 23 |   5.3236737373960692e-04 |   5.3236737373960692e-04 | 1
 30, 24 |   5.2817475009284630e-04 |   5.2817475009284630e-04 | 1
 30, 25 |   6.8067121603293426e-04 |   6.8067121603293426e-04 | 1
 30, 26 |   3.3271286274771890e-04 |   3.3271286274771890e-04 | 1
 30, 27 |   2.1780687452487414e-04 |   2.1780687452487414e-04 | 1
 30, 28 |   4.6335356441919639e-04 |   4.6335356441919639e-04 | 1
 30, 29 |   3.4352118820216068e-04 |   3.4352118820216068e-04 | 1
 30, 30 |   1.5173689714177156e-03 |   1.5173689714177156e-03 | 1
