row,col | V_base                   | V_new                    | equal
  1,  1 |   4.4430889068695656e-04 |   4.4430889068695656e-04 | 1
  1,  2 |   3.1935676218557011e-04 |   3.1935676218557011e-04 | 1
  1,  3 |   3.4051756457144887e-04 |   3.4051756457144887e-04 | 1
  1,  4 |   5.8601993022681801e-04 |   5.8601993022681801e-04 | 1
  1,  5 |   8.4173350572776424e-04 |   8.4173350572776424e-04 | 1
  1,  6 |   4.5908880167689879e-05 |   4.5908880167689879e-05 | 1
  1,  7 |   5.6051895725257547e-04 |   5.6051895725257547e-04 | 1
  1,  8 |   4.1497276986817246e-04 |   4.1497276986817246e-04 | 1
  1,  9 |   2.4511341251179554e-04 |   2.4511341251179554e-04 | 1
  1, 10 |  -1.8643182831908870e-04 |  -1.8643182831908870e-04 | 1
  1, 11 |   1.4489263986396553e-04 |   1.4489263986396553e-04 | 1
  1, 12 |   4.1100095274937095e-04 |   4.1100095274937095e-04 | 1
  2,  1 |   3.1935676218557011e-04 |   3.1935676218557011e-04 | 1
  2,  2 |   6.7728017957458062e-04 |   6.7728017957458062e-04 | 1
  2,  3 |   5.1912417095981254e-04 |   5.1912417095981254e-04 | 1
  2,  4 |   4.6005627471843152e-05 |   4.6005627471843152e-05 | 1
  2,  5 |  -2.6091659399139560e-04 |  -2.6091659399139560e-04 | 1
  2,  6 |   1.3178309678527924e-03 |   1.3178309678527924e-03 | 1
  2,  7 |   1.4834853308739706e-04 |   1.4834853308739706e-04 | 1
  2,  8 |   3.5305315251056948e-04 |   3.5305315251056948e-04 | 1
  2,  9 |   7.0634683038897726e-04 |   7.0634683038897726e-04 | 1
  2, 10 |   1.4747532249216530e-03 |   1.4747532249216530e-03 | 1
  2, 11 |   9.9607945445902074e-04 |   9.9607945445902074e-04 | 1
  2, 12 |   4.7573172990682223e-04 |   4.7573172990682223e-04 | 1
  3,  1 |   3.4051756457144887e-04 |   3.4051756457144887e-04 | 1
  3,  2 |   5.1912417095981254e-04 |   5.1912417095981254e-04 | 1
  3,  3 |   5.5237562876869154e-04 |   5.5237562876869154e-04 | 1
  3,  4 |   1.2511611749761549e-04 |   1.2511611749761549e-04 | 1
  3,  5 |  -1.0777740130818998e-04 |  -1.0777740130818998e-04 | 1
  3,  6 |   1.1643356318274500e-03 |   1.1643356318274500e-03 | 1
  3,  7 |   2.1142631718005494e-04 |   2.1142631718005494e-04 | 1
  3,  8 |   3.7019423302200063e-04 |   3.7019423302200063e-04 | 1
  3,  9 |   6.5603234340096378e-04 |   6.5603234340096378e-04 | 1
  3, 10 |   1.2689081389875905e-03 |   1.2689081389875905e-03 | 1
  3, 11 |   8.9628056561944793e-04 |   8.9628056561944793e-04 | 1
  3, 12 |   4.7752237240013653e-04 |   4.7752237240013653e-04 | 1
  4,  1 |   5.8601993022681801e-04 |   5.8601993022681801e-04 | 1
  4,  2 |   4.6005627471843152e-05 |   4.6005627471843152e-05 | 1
  4,  3 |   1.2511611749761549e-04 |   1.2511611749761549e-04 | 1
  4,  4 |   1.9068060259677874e-03 |   1.9068060259677874e-03 | 1
  4,  5 |   2.4583773516212793e-03 |   2.4583773516212793e-03 | 1
  4,  6 |  -1.7180397975176201e-03 |  -1.7180397975176201e-03 | 1
  4,  7 |   1.1883847113906753e-03 |   1.1883847113906753e-03 | 1
  4,  8 |   5.4192434588407209e-04 |   5.4192434588407209e-04 | 1
  4,  9 |  -3.7234649133714519e-04 |  -3.7234649133714519e-04 | 1
  4, 10 |  -2.5155760894054083e-03 |  -2.5155760894054083e-03 | 1
  4, 11 |  -1.0252430318080040e-03 |  -1.0252430318080040e-03 | 1
  4, 12 |   3.6066075227568202e-04 |   3.6066075227568202e-04 | 1
  5,  1 |   8.4173350572776424e-04 |   8.4173350572776424e-04 | 1
  5,  2 |  -2.6091659399139560e-04 |  -2.6091659399139560e-04 | 1
  5,  3 |  -1.0777740130818998e-04 |  -1.0777740130818998e-04 | 1
  5,  4 |   2.4583773516212793e-03 |   2.4583773516212793e-03 | 1
  5,  5 |   4.5534838795125709e-03 |   4.5534838795125709e-03 | 1
  5,  6 |  -3.9049807406941637e-03 |  -3.9049807406941637e-03 | 1
  5,  7 |   2.0255794789663748e-03 |   2.0255794789663748e-03 | 1
  5,  8 |   7.4220192573069333e-04 |   7.4220192573069333e-04 | 1
  5,  9 |  -1.1143248983661363e-03 |  -1.1143248983661363e-03 | 1
  5, 10 |  -5.4292062442645068e-03 |  -5.4292062442645068e-03 | 1
  5, 11 |  -2.4641680777296839e-03 |  -2.4641680777296839e-03 | 1
  5, 12 |   3.4078734510610857e-04 |   3.4078734510610857e-04 | 1
  6,  1 |   4.5908880167689879e-05 |   4.5908880167689879e-05 | 1
  6,  2 |   1.3178309678527924e-03 |   1.3178309678527924e-03 | 1
  6,  3 |   1.1643356318274500e-03 |   1.1643356318274500e-03 | 1
  6,  4 |  -1.7180397975176201e-03 |  -1.7180397975176201e-03 | 1
  6,  5 |  -3.9049807406941637e-03 |  -3.9049807406941637e-03 | 1
  6,  6 |   5.6386745981034572e-03 |   5.6386745981034572e-03 | 1
  6,  7 |  -1.1852380417305482e-03 |  -1.1852380417305482e-03 | 1
  6,  8 |   1.9060333149488085e-04 |   1.9060333149488085e-04 | 1
  6,  9 |   2.2994049422517850e-03 |   2.2994049422517850e-03 | 1
  6, 10 |   7.0884950754658317e-03 |   7.0884950754658317e-03 | 1
  6, 11 |   3.9004519686314451e-03 |   3.9004519686314451e-03 | 1
  6, 12 |   7.4276548008244282e-04 |   7.4276548008244282e-04 | 1
  7,  1 |   5.6051895725257547e-04 |   5.6051895725257547e-04 | 1
  7,  2 |   1.4834853308739706e-04 |   1.4834853308739706e-04 | 1
  7,  3 |   2.1142631718005494e-04 |   2.1142631718005494e-04 | 1
  7,  4 |   1.1883847113906753e-03 |   1.1883847113906753e-03 | 1
  7,  5 |   2.0255794789663748e-03 |   2.0255794789663748e-03 | 1
  7,  6 |  -1.1852380417305482e-03 |  -1.1852380417305482e-03 | 1
  7,  7 |   1.0915719635774628e-03 |   1.0915719635774628e-03 | 1
  7,  8 |   5.2997421737263845e-04 |   5.2997421737263845e-04 | 1
  7,  9 |  -1.7148509350708188e-04 |  -1.7148509350708188e-04 | 1
  7, 10 |  -1.8277004468597868e-03 |  -1.8277004468597868e-03 | 1
  7, 11 |  -6.6439432412387098e-04 |  -6.6439432412387098e-04 | 1
  7, 12 |   4.0204064722411197e-04 |   4.0204064722411197e-04 | 1
  8,  1 |   4.1497276986817246e-04 |   4.1497276986817246e-04 | 1
  8,  2 |   3.5305315251056948e-04 |   3.5305315251056948e-04 | 1
  8,  3 |   3.7019423302200063e-04 |   3.7019423302200063e-04 | 1
  8,  4 |   5.4192434588407209e-04 |   5.4192434588407209e-04 | 1
  8,  5 |   7.4220192573069333e-04 |   7.4220192573069333e-04 | 1
  8,  6 |   1.9060333149488085e-04 |   1.9060333149488085e-04 | 1
  8,  7 |   5.2997421737263845e-04 |   5.2997421737263845e-04 | 1
  8,  8 |   9.3649800047633112e-04 |   9.3649800047633112e-04 | 1
  8,  9 |   3.0405996242752946e-04 |   3.0405996242752946e-04 | 1
  8, 10 |  -5.4025550206931555e-06 |  -5.4025550206931555e-06 | 1
  8, 11 |   2.4465850580446111e-04 |   2.4465850580446111e-04 | 1
  8, 12 |   4.2995777941463029e-04 |   4.2995777941463029e-04 | 1
  9,  1 |   2.4511341251179554e-04 |   2.4511341251179554e-04 | 1
  9,  2 |   7.0634683038897726e-04 |   7.0634683038897726e-04 | 1
  9,  3 |   6.5603234340096378e-04 |   6.5603234340096378e-04 | 1
  9,  4 |  -3.7234649133714519e-04 |  -3.7234649133714519e-04 | 1
  9,  5 |  -1.1143248983661363e-03 |  -1.1143248983661363e-03 | 1
  9,  6 |   2.2994049422517850e-03 |   2.2994049422517850e-03 | 1
  9,  7 |  -1.7148509350708188e-04 |  -1.7148509350708188e-04 | 1
  9,  8 |   3.0405996242752946e-04 |   3.0405996242752946e-04 | 1
  9,  9 |   4.8110686822437259e-03 |   4.8110686822437259e-03 | 1
  9, 10 |   2.7576442378704595e-03 |   2.7576442378704595e-03 | 1
  9, 11 |   1.6526919109341228e-03 |   1.6526919109341228e-03 | 1
  9, 12 |   5.2451647788637505e-04 |   5.2451647788637505e-04 | 1
 10,  1 |  -1.8643182831908870e-04 |  -1.8643182831908870e-04 | 1
 10,  2 |   1.4747532249216530e-03 |   1.4747532249216530e-03 | 1
 10,  3 |   1.2689081389875905e-03 |   1.2689081389875905e-03 | 1
 10,  4 |  -2.5155760894054083e-03 |  -2.5155760894054083e-03 | 1
 10,  5 |  -5.4292062442645068e-03 |  -5.4292062442645068e-03 | 1
 10,  6 |   7.0884950754658317e-03 |   7.0884950754658317e-03 | 1
 10,  7 |  -1.8277004468597868e-03 |  -1.8277004468597868e-03 | 1
 10,  8 |  -5.4025550206931555e-06 |  -5.4025550206931555e-06 | 1
 10,  9 |   2.7576442378704595e-03 |   2.7576442378704595e-03 | 1
 10, 10 |   1.0641823112620503e-02 |   1.0641823112620503e-02 | 1
 10, 11 |   4.8393203595031315e-03 |   4.8393203595031315e-03 | 1
 10, 12 |   6.9518511702163291e-04 |   6.9518511702163291e-04 | 1
 11,  1 |   1.4489263986396553e-04 |   1.4489263986396553e-04 | 1
 11,  2 |   9.9607945445902074e-04 |   9.9607945445902074e-04 | 1
 11,  3 |   8.9628056561944793e-04 |   8.9628056561944793e-04 | 1
 11,  4 |  -1.0252430318080040e-03 |  -1.0252430318080040e-03 | 1
 11,  5 |  -2.4641680777296839e-03 |  -2.4641680777296839e-03 | 1
 11,  6 |   3.9004519686314451e-03 |   3.9004519686314451e-03 | 1
 11,  7 |  -6.6439432412387098e-04 |  -6.6439432412387098e-04 | 1
 11,  8 |   2.4465850580446111e-04 |   2.4465850580446111e-04 | 1
 11,  9 |   1.6526919109341228e-03 |   1.6526919109341228e-03 | 1
 11, 10 |   4.8393203595031315e-03 |   4.8393203595031315e-03 | 1
 11, 11 |   3.0234872975773218e-03 |   3.0234872975773218e-03 | 1
 11, 12 |   6.2480206540183785e-04 |   6.2480206540183785e-04 | 1
 12,  1 |   4.1100095274937095e-04 |   4.1100095274937095e-04 | 1
 12,  2 |   4.7573172990682223e-04 |   4.7573172990682223e-04 | 1
 12,  3 |   4.7752237240013653e-04 |   4.7752237240013653e-04 | 1
 12,  4 |   3.6066075227568202e-04 |   3.6066075227568202e-04 | 1
 12,  5 |   3.4078734510610857e-04 |   3.4078734510610857e-04 | 1
 12,  6 |   7.4276548008244282e-04 |   7.4276548008244282e-04 | 1
 12,  7 |   4.0204064722411197e-04 |   4.0204064722411197e-04 | 1
 12,  8 |   4.2995777941463029e-04 |   4.2995777941463029e-04 | 1
 12,  9 |   5.2451647788637505e-04 |   5.2451647788637505e-04 | 1
 12, 10 |   6.9518511702163291e-04 |   6.9518511702163291e-04 | 1
 12, 11 |   6.2480206540183785e-04 |   6.2480206540183785e-04 | 1
 12, 12 |   8.1827477312794070e-04 |   8.1827477312794070e-04 | 1
