row,col | V_base                   | V_new                    | equal
  1,  1 |   3.8248099219613193e-04 |   3.8248099219613193e-04 | 1
  1,  2 |   6.8968425640685073e-05 |   6.8968425640685073e-05 | 1
  1,  3 |   3.3271934434726369e-04 |   3.3271934434726369e-04 | 1
  1,  4 |   1.2946157695717554e-04 |   1.2946157695717554e-04 | 1
  1,  5 |   3.6111307795914319e-04 |   3.6111307795914319e-04 | 1
  1,  6 |   4.8582613909260497e-04 |   4.8582613909260497e-04 | 1
  1,  7 |   2.7240527174099741e-04 |   2.7240527174099741e-04 | 1
  1,  8 |   4.2985927066874533e-04 |   4.2985927066874533e-04 | 1
  1,  9 |   3.4992647091506261e-04 |   3.4992647091506261e-04 | 1
  1, 10 |  -4.5175702300114082e-04 |  -4.5175702300114082e-04 | 1
  1, 11 |   1.0198273374194364e-04 |   1.0198273374194364e-04 | 1
  1, 12 |   5.7499691256652965e-04 |   5.7499691256652965e-04 | 1
  1, 13 |   6.3404220526941044e-04 |   6.3404220526941044e-04 | 1
  1, 14 |   4.1002699641937482e-04 |   4.1002699641937482e-04 | 1
  1, 15 |   2.3220148873386265e-04 |   2.3220148873386265e-04 | 1
  1, 16 |   2.6314122860000296e-04 |   2.6314122860000296e-04 | 1
  1, 17 |   1.7421653994512950e-04 |   1.7421653994512950e-04 | 1
  1, 18 |   3.1255967793598948e-04 |   3.1255967793598948e-04 | 1
  1, 19 |   2.4735834992630303e-04 |   2.4735834992630303e-04 | 1
  1, 20 |   2.7746565156881893e-04 |   2.7746565156881893e-04 | 1
  1, 21 |  -7.5974581141873693e-05 |  -7.5974581141873693e-05 | 1
  1, 22 |   2.5320152088671624e-04 |   2.5320152088671624e-04 | 1
  1, 23 |   1.7282084135772851e-04 |   1.7282084135772851e-04 | 1
  1, 24 |   1.2281934628104895e-04 |   1.2281934628104895e-04 | 1
  1, 25 |   2.2418334259018431e-04 |   2.2418334259018431e-04 | 1
  1, 26 |  -2.7331367874514371e-04 |  -2.7331367874514371e-04 | 1
  1, 27 |   2.9343779220506780e-05 |   2.9343779220506780e-05 | 1
  1, 28 |   2.8984992656615871e-04 |   2.8984992656615871e-04 | 1
  1, 29 |   4.7584692162751089e-05 |   4.7584692162751089e-05 | 1
  1, 30 |  -3.1565082553727167e-05 |  -3.1565082553727167e-05 | 1
  2,  1 |   6.8968425640685073e-05 |   6.8968425640685073e-05 | 1
  2,  2 |   1.6858346182178120e-03 |   1.6858346182178120e-03 | 1
  2,  3 |   2.4356256448678799e-05 |   2.4356256448678799e-05 | 1
  2,  4 |   2.6882363644172550e-04 |   2.6882363644172550e-04 | 1
  2,  5 |  -9.6439418951861080e-05 |  -9.6439418951861080e-05 | 1
  2,  6 |  -3.4779217025304526e-04 |  -3.4779217025304526e-04 | 1
  2,  7 |   1.6587702162292761e-04 |   1.6587702162292761e-04 | 1
  2,  8 |  -2.1655124357846376e-04 |  -2.1655124357846376e-04 | 1
  2,  9 |   9.8990062812894696e-05 |   9.8990062812894696e-05 | 1
  2, 10 |   1.9967632837302541e-03 |   1.9967632837302541e-03 | 1
  2, 11 |   5.1670225561383605e-04 |   5.1670225561383605e-04 | 1
  2, 12 |  -5.4791131498615542e-04 |  -5.4791131498615542e-04 | 1
  2, 13 |  -6.3792337690605388e-04 |  -6.3792337690605388e-04 | 1
  2, 14 |   4.2989730376728977e-05 |   4.2989730376728977e-05 | 1
  2, 15 |   3.2938870500813532e-04 |   3.2938870500813532e-04 | 1
  2, 16 |   1.4278400764089198e-04 |   1.4278400764089198e-04 | 1
  2, 17 |   2.9857615149922679e-04 |   2.9857615149922679e-04 | 1
  2, 18 |   1.9376772664862519e-04 |   1.9376772664862519e-04 | 1
  2, 19 |   2.3299231870727049e-04 |   2.3299231870727049e-04 | 1
  2, 20 |   6.8743238810559790e-05 |   6.8743238810559790e-05 | 1
  2, 21 |   1.1250320677252709e-03 |   1.1250320677252709e-03 | 1
  2, 22 |   1.5142559643721814e-04 |   1.5142559643721814e-04 | 1
  2, 23 |   4.4127062034198178e-04 |   4.4127062034198178e-04 | 1
  2, 24 |   4.7373783838134819e-04 |   4.7373783838134819e-04 | 1
  2, 25 |   1.9372514859244700e-04 |   1.9372514859244700e-04 | 1
  2, 26 |   1.5812776590979020e-03 |   1.5812776590979020e-03 | 1
  2, 27 |   7.6267958162662213e-04 |   7.6267958162662213e-04 | 1
  2, 28 |   7.2819417046031371e-05 |   7.2819417046031371e-05 | 1
  2, 29 |   6.9133189525769274e-04 |   6.9133189525769274e-04 | 1
  2, 30 |   8.4956915593748872e-04 |   8.4956915593748872e-04 | 1
  3,  1 |   3.3271934434726369e-04 |   3.3271934434726369e-04 | 1
  3,  2 |   2.4356256448678799e-05 |   2.4356256448678799e-05 | 1
  3,  3 |   5.0810939995406246e-04 |   5.0810939995406246e-04 | 1
  3,  4 |   1.2493076680643829e-04 |   1.2493076680643829e-04 | 1
  3,  5 |   4.2681938657358157e-04 |   4.2681938657358157e-04 | 1
  3,  6 |   5.9714121838891831e-04 |   5.9714121838891831e-04 | 1
  3,  7 |   2.9978588184527107e-04 |   2.9978588184527107e-04 | 1
  3,  8 |   5.1926827608940571e-04 |   5.1926827608940571e-04 | 1
  3,  9 |   3.9658867910671007e-04 |   3.9658867910671007e-04 | 1
  3, 10 |  -7.1461792606355491e-04 |  -7.1461792606355491e-04 | 1
  3, 11 |   6.7619733744247264e-05 |   6.7619733744247264e-05 | 1
  3, 12 |   7.1964874519953883e-04 |   7.1964874519953883e-04 | 1
  3, 13 |   7.9536025978473078e-04 |   7.9536025978473078e-04 | 1
  3, 14 |   4.7109480767637503e-04 |   4.7109480767637503e-04 | 1
  3, 15 |   2.3758446669966356e-04 |   2.3758446669966356e-04 | 1
  3, 16 |   2.9201375911895588e-04 |   2.9201375911895588e-04 | 1
  3, 17 |   1.7129430619180336e-04 |   1.7129430619180336e-04 | 1
  3, 18 |   3.4192628283320487e-04 |   3.4192628283320487e-04 | 1
  3, 19 |   2.6428405348983078e-04 |   2.6428405348983078e-04 | 1
  3, 20 |   3.1518918228942407e-04 |   3.1518918228942407e-04 | 1
  3, 21 |  -1.9291426744140713e-04 |  -1.9291426744140713e-04 | 1
  3, 22 |   2.7870657220322435e-04 |   2.7870657220322435e-04 | 1
  3, 23 |   1.5809271502691537e-04 |   1.5809271502691537e-04 | 1
  3, 24 |   9.7727199031983855e-05 |   9.7727199031983855e-05 | 1
  3, 25 |   2.4085301762168671e-04 |   2.4085301762168671e-04 | 1
  3, 26 |  -4.7048623709806210e-04 |  -4.7048623709806210e-04 | 1
  3, 27 |  -3.9074051820651305e-05 |  -3.9074051820651305e-05 | 1
  3, 28 |   3.2903100870269875e-04 |   3.2903100870269875e-04 | 1
  3, 29 |  -1.2607007475051285e-05 |  -1.2607007475051285e-05 | 1
  3, 30 |  -1.1864705211662317e-04 |  -1.1864705211662317e-04 | 1
  4,  1 |   1.2946157695717554e-04 |   1.2946157695717554e-04 | 1
  4,  2 |   2.6882363644172550e-04 |   2.6882363644172550e-04 | 1
  4,  3 |   1.2493076680643829e-04 |   1.2493076680643829e-04 | 1
  4,  4 |   1.3861232010194786e-03 |   1.3861232010194786e-03 | 1
  4,  5 |   8.0667024347352346e-05 |   8.0667024347352346e-05 | 1
  4,  6 |   2.0233770589827057e-05 |   2.0233770589827057e-05 | 1
  4,  7 |   1.6685904339876375e-04 |   1.6685904339876375e-04 | 1
  4,  8 |   5.5792211300575917e-05 |   5.5792211300575917e-05 | 1
  4,  9 |   1.6386538185359775e-04 |   1.6386538185359775e-04 | 1
  4, 10 |   7.0830395651988020e-04 |   7.0830395651988020e-04 | 1
  4, 11 |   2.5358008913393558e-04 |   2.5358008913393558e-04 | 1
  4, 12 |  -3.3983814570702058e-05 |  -3.3983814570702058e-05 | 1
  4, 13 |  -5.5814632528948128e-05 |  -5.5814632528948128e-05 | 1
  4, 14 |   1.6389786163405976e-04 |   1.6389786163405976e-04 | 1
  4, 15 |   2.2108019283956660e-04 |   2.2108019283956660e-04 | 1
  4, 16 |   1.5232122283878087e-04 |   1.5232122283878087e-04 | 1
  4, 17 |   1.8847977224799553e-04 |   1.8847977224799553e-04 | 1
  4, 18 |   1.9370425861585982e-04 |   1.9370425861585982e-04 | 1
  4, 19 |   1.8451938348722040e-04 |   1.8451938348722040e-04 | 1
  4, 20 |   1.2503259403711102e-04 |   1.2503259403711102e-04 | 1
  4, 21 |   4.5711880298028460e-04 |   4.5711880298028460e-04 | 1
  4, 22 |   1.6000311460116014e-04 |   1.6000311460116014e-04 | 1
  4, 23 |   2.5345652347635059e-04 |   2.5345652347635059e-04 | 1
  4, 24 |   2.4595984986084556e-04 |   2.4595984986084556e-04 | 1
  4, 25 |   1.5633059404473397e-04 |   1.5633059404473397e-04 | 1
  4, 26 |   5.8202310243670200e-04 |   5.8202310243670200e-04 | 1
  4, 27 |   3.3437172104465993e-04 |   3.3437172104465993e-04 | 1
  4, 28 |   1.2968544494070612e-04 |   1.2968544494070612e-04 | 1
  4, 29 |   3.1417058467106288e-04 |   3.1417058467106288e-04 | 1
  4, 30 |   3.5305830945899386e-04 |   3.5305830945899386e-04 | 1
  5,  1 |   3.6111307795914319e-04 |   3.6111307795914319e-04 | 1
  5,  2 |  -9.6439418951861080e-05 |  -9.6439418951861080e-05 | 1
  5,  3 |   4.2681938657358157e-04 |   4.2681938657358157e-04 | 1
  5,  4 |   8.0667024347352346e-05 |   8.0667024347352346e-05 | 1
  5,  5 |   2.0836051517432700e-03 |   2.0836051517432700e-03 | 1
  5,  6 |   7.5526417853248758e-04 |   7.5526417853248758e-04 | 1
  5,  7 |   3.0254014515167878e-04 |   3.0254014515167878e-04 | 1
  5,  8 |   6.3705593327140057e-04 |   6.3705593327140057e-04 | 1
  5,  9 |   4.3035909042232225e-04 |   4.3035909042232225e-04 | 1
  5, 10 |  -1.2579700272339379e-03 |  -1.2579700272339379e-03 | 1
  5, 11 |  -3.6341671057663359e-05 |  -3.6341671057663359e-05 | 1
  5, 12 |   9.3562444259552612e-04 |   9.3562444259552612e-04 | 1
  5, 13 |   1.0438964585695858e-03 |   1.0438964585695858e-03 | 1
  5, 14 |   5.1703658059220074e-04 |   5.1703658059220074e-04 | 1
  5, 15 |   1.9365462429399066e-04 |   1.9365462429399066e-04 | 1
  5, 16 |   2.9742540883053998e-04 |   2.9742540883053998e-04 | 1
  5, 17 |   1.2845229025515551e-04 |   1.2845229025515551e-04 | 1
  5, 18 |   3.4355724277058790e-04 |   3.4355724277058790e-04 | 1
  5, 19 |   2.4779496210405416e-04 |   2.4779496210405416e-04 | 1
  5, 20 |   3.4483925662008651e-04 |   3.4483925662008651e-04 | 1
  5, 21 |  -4.7342644925485661e-04 |  -4.7342644925485661e-04 | 1
  5, 22 |   2.8266002709993548e-04 |   2.8266002709993548e-04 | 1
  5, 23 |   8.0122660117194796e-05 |   8.0122660117194796e-05 | 1
  5, 24 |   5.3146198528401816e-06 |   5.3146198528401816e-06 | 1
  5, 25 |   2.3102599607018349e-04 |   2.3102599607018349e-04 | 1
  5, 26 |  -8.7914494018899838e-04 |  -8.7914494018899838e-04 | 1
  5, 27 |  -2.1640046426910033e-04 |  -2.1640046426910033e-04 | 1
  5, 28 |   3.5853553891183139e-04 |   3.5853553891183139e-04 | 1
  5, 29 |  -1.6876886910497947e-04 |  -1.6876886910497947e-04 | 1
  5, 30 |  -3.2168672514986849e-04 |  -3.2168672514986849e-04 | 1
  6,  1 |   4.8582613909260497e-04 |   4.8582613909260497e-04 | 1
  6,  2 |  -3.4779217025304526e-04 |  -3.4779217025304526e-04 | 1
  6,  3 |   5.9714121838891831e-04 |   5.9714121838891831e-04 | 1
  6,  4 |   2.0233770589827057e-05 |   2.0233770589827057e-05 | 1
  6,  5 |   7.5526417853248758e-04 |   7.5526417853248758e-04 | 1
  6,  6 |   2.6586453606403772e-03 |   2.6586453606403772e-03 | 1
  6,  7 |   3.6757044077049785e-04 |   3.6757044077049785e-04 | 1
  6,  8 |   9.8065070395454115e-04 |   9.8065070395454115e-04 | 1
  6,  9 |   5.7635639383044111e-04 |   5.7635639383044111e-04 | 1
  6, 10 |  -2.5022521456868055e-03 |  -2.5022521456868055e-03 | 1
  6, 11 |  -2.3799146624998914e-04 |  -2.3799146624998914e-04 | 1
  6, 12 |   1.5245440819652079e-03 |   1.5245440819652079e-03 | 1
  6, 13 |   1.7106043227663767e-03 |   1.7106043227663767e-03 | 1
  6, 14 |   7.1816919389219153e-04 |   7.1816919389219153e-04 | 1
  6, 15 |   1.5726514063773482e-04 |   1.5726514063773482e-04 | 1
  6, 16 |   3.7260084737056993e-04 |   3.7260084737056993e-04 | 1
  6, 17 |   6.5639559152410191e-05 |   6.5639559152410191e-05 | 1
  6, 18 |   4.0925361826287486e-04 |   4.0925361826287486e-04 | 1
  6, 19 |   2.6519918945004271e-04 |   2.6519918945004271e-04 | 1
  6, 20 |   4.6424730815169344e-04 |   4.6424730815169344e-04 | 1
  6, 21 |  -1.0620728939495019e-03 |  -1.0620728939495019e-03 | 1
  6, 22 |   3.4019227833623650e-04 |   3.4019227833623650e-04 | 1
  6, 23 |  -4.8297463790854736e-05 |  -4.8297463790854736e-05 | 1
  6, 24 |  -1.5872009721443108e-04 |  -1.5872009721443108e-04 | 1
  6, 25 |   2.6253101718817898e-04 |   2.6253101718817898e-04 | 1
  6, 26 |  -1.8176443520597709e-03 |  -1.8176443520597709e-03 | 1
  6, 27 |  -5.7687139668829383e-04 |  -5.7687139668829383e-04 | 1
  6, 28 |   4.8611671047282541e-04 |   4.8611671047282541e-04 | 1
  6, 29 |  -4.8993219540309106e-04 |  -4.8993219540309106e-04 | 1
  6, 30 |  -7.6149858036524425e-04 |  -7.6149858036524425e-04 | 1
  7,  1 |   2.7240527174099741e-04 |   2.7240527174099741e-04 | 1
  7,  2 |   1.6587702162292761e-04 |   1.6587702162292761e-04 | 1
  7,  3 |   2.9978588184527107e-04 |   2.9978588184527107e-04 | 1
  7,  4 |   1.6685904339876375e-04 |   1.6685904339876375e-04 | 1
  7,  5 |   3.0254014515167878e-04 |   3.0254014515167878e-04 | 1
  7,  6 |   3.6757044077049785e-04 |   3.6757044077049785e-04 | 1
  7,  7 |   4.2291164641882791e-04 |   4.2291164641882791e-04 | 1
  7,  8 |   3.4054852437158964e-04 |   3.4054852437158964e-04 | 1
  7,  9 |   3.3041322657607040e-04 |   3.3041322657607040e-04 | 1
  7, 10 |  -3.1177555871978564e-05 |  -3.1177555871978564e-05 | 1
  7, 11 |   1.8648635696054782e-04 |   1.8648635696054782e-04 | 1
  7, 12 |   4.0683916163100560e-04 |   4.0683916163100560e-04 | 1
  7, 13 |   4.4321846473705027e-04 |   4.4321846473705027e-04 | 1
  7, 14 |   3.7291636358999843e-04 |   3.7291636358999843e-04 | 1
  7, 15 |   2.6854047363342518e-04 |   2.6854047363342518e-04 | 1
  7, 16 |   2.5920197063529114e-04 |   2.5920197063529114e-04 | 1
  7, 17 |   2.0644105094127724e-04 |   2.0644105094127724e-04 | 1
  7, 18 |   3.1184060678122224e-04 |   3.1184060678122224e-04 | 1
  7, 19 |   2.6350702467470570e-04 |   2.6350702467470570e-04 | 1
  7, 20 |   2.5812604219853889e-04 |   2.5812604219853889e-04 | 1
  7, 21 |   1.4528450951854555e-04 |   1.4528450951854555e-04 | 1
  7, 22 |   2.5373052575160699e-04 |   2.5373052575160699e-04 | 1
  7, 23 |   2.3618227495014556e-04 |   2.3618227495014556e-04 | 1
  7, 24 |   1.9723057951270497e-04 |   1.9723057951270497e-04 | 1
  7, 25 |   2.3398006701814451e-04 |   2.3398006701814451e-04 | 1
  7, 26 |   5.4402663593361845e-05 |   5.4402663593361845e-05 | 1
  7, 27 |   1.6752071975671619e-04 |   1.6752071975671619e-04 | 1
  7, 28 |   2.7007903093719671e-04 |   2.7007903093719671e-04 | 1
  7, 29 |   1.7078054500357210e-04 |   1.7078054500357210e-04 | 1
  7, 30 |   1.3023868997300743e-04 |   1.3023868997300743e-04 | 1
  8,  1 |   4.2985927066874533e-04 |   4.2985927066874533e-04 | 1
  8,  2 |  -2.1655124357846376e-04 |  -2.1655124357846376e-04 | 1
  8,  3 |   5.1926827608940571e-04 |   5.1926827608940571e-04 | 1
  8,  4 |   5.5792211300575917e-05 |   5.5792211300575917e-05 | 1
  8,  5 |   6.3705593327140057e-04 |   6.3705593327140057e-04 | 1
  8,  6 |   9.8065070395454115e-04 |   9.8065070395454115e-04 | 1
  8,  7 |   3.4054852437158964e-04 |   3.4054852437158964e-04 | 1
  8,  8 |   1.5109489402397520e-03 |   1.5109489402397520e-03 | 1
  8,  9 |   5.0790480597018100e-04 |   5.0790480597018100e-04 | 1
  8, 10 |  -1.8676120641475612e-03 |  -1.8676120641475612e-03 | 1
  8, 11 |  -1.3406048574251636e-04 |  -1.3406048574251636e-04 | 1
  8, 12 |   1.2384141982026624e-03 |   1.2384141982026624e-03 | 1
  8, 13 |   1.3837418018853870e-03 |   1.3837418018853870e-03 | 1
  8, 14 |   6.2544086609306793e-04 |   6.2544086609306793e-04 | 1
  8, 15 |   1.8240833703001816e-04 |   1.8240833703001816e-04 | 1
  8, 16 |   3.4226041402837581e-04 |   3.4226041402837581e-04 | 1
  8, 17 |   1.0441080886059543e-04 |   1.0441080886059543e-04 | 1
  8, 18 |   3.8589076214249989e-04 |   3.8589076214249989e-04 | 1
  8, 19 |   2.6220423502474634e-04 |   2.6220423502474634e-04 | 1
  8, 20 |   4.0954509692364021e-04 |   4.0954509692364021e-04 | 1
  8, 21 |  -7.6393887300071558e-04 |  -7.6393887300071558e-04 | 1
  8, 22 |   3.1667707466681821e-04 |   3.1667707466681821e-04 | 1
  8, 23 |   2.2648211913609508e-05 |   2.2648211913609508e-05 | 1
  8, 24 |  -7.1788383175600012e-05 |  -7.1788383175600012e-05 | 1
  8, 25 |   2.5197182686277457e-04 |   2.5197182686277457e-04 | 1
  8, 26 |  -1.3466783686649328e-03 |  -1.3466783686649328e-03 | 1
  8, 27 |  -3.9019299181517907e-04 |  -3.9019299181517907e-04 | 1
  8, 28 |   4.2794027028862538e-04 |   4.2794027028862538e-04 | 1
  8, 29 |  -3.2310022280986387e-04 |  -3.2310022280986387e-04 | 1
  8, 30 |  -5.3668478294847564e-04 |  -5.3668478294847564e-04 | 1
  9,  1 |   3.4992647091506261e-04 |   3.4992647091506261e-04 | 1
  9,  2 |   9.8990062812894696e-05 |   9.8990062812894696e-05 | 1
  9,  3 |   3.9658867910671007e-04 |   3.9658867910671007e-04 | 1
  9,  4 |   1.6386538185359775e-04 |   1.6386538185359775e-04 | 1
  9,  5 |   4.3035909042232225e-04 |   4.3035909042232225e-04 | 1
  9,  6 |   5.7635639383044111e-04 |   5.7635639383044111e-04 | 1
  9,  7 |   3.3041322657607040e-04 |   3.3041322657607040e-04 | 1
  9,  8 |   5.0790480597018100e-04 |   5.0790480597018100e-04 | 1
  9,  9 |   2.4405762739014370e-03 |   2.4405762739014370e-03 | 1
  9, 10 |  -4.7543868618483726e-04 |  -4.7543868618483726e-04 | 1
  9, 11 |   1.3780037628611201e-04 |   1.3780037628611201e-04 | 1
  9, 12 |   6.6835879074028420e-04 |   6.6835879074028420e-04 | 1
  9, 13 |   7.3543231325875883e-04 |   7.3543231325875883e-04 | 1
  9, 14 |   4.8934740572078314e-04 |   4.8934740572078314e-04 | 1
  9, 15 |   2.8700315429566818e-04 |   2.8700315429566818e-04 | 1
  9, 16 |   3.1843175997411645e-04 |   3.1843175997411645e-04 | 1
  9, 17 |   2.1436502850794530e-04 |   2.1436502850794530e-04 | 1
  9, 18 |   3.7381581876088000e-04 |   3.7381581876088000e-04 | 1
  9, 19 |   3.0395059475975749e-04 |   3.0395059475975749e-04 | 1
  9, 20 |   3.3569308842984675e-04 |   3.3569308842984675e-04 | 1
  9, 21 |  -4.7800953517096799e-05 |  -4.7800953517096799e-05 | 1
  9, 22 |   3.0666149313034088e-04 |   3.0666149313034088e-04 | 1
  9, 23 |   2.2207379981814635e-04 |   2.2207379981814635e-04 | 1
  9, 24 |   1.6481445495540966e-04 |   1.6481445495540966e-04 | 1
  9, 25 |   2.7324512941720366e-04 |   2.7324512941720366e-04 | 1
  9, 26 |  -2.6743635986313128e-04 |  -2.6743635986313128e-04 | 1
  9, 27 |   6.0680894347793179e-05 |   6.0680894347793179e-05 | 1
  9, 28 |   3.5057955344149479e-04 |   3.5057955344149479e-04 | 1
  9, 29 |   7.8854500544055912e-05 |   7.8854500544055912e-05 | 1
  9, 30 |  -8.0526759232319244e-06 |  -8.0526759232319244e-06 | 1
 10,  1 |  -4.5175702300114082e-04 |  -4.5175702300114082e-04 | 1
 10,  2 |   1.9967632837302541e-03 |   1.9967632837302541e-03 | 1
 10,  3 |  -7.1461792606355491e-04 |  -7.1461792606355491e-04 | 1
 10,  4 |   7.0830395651988020e-04 |   7.0830395651988020e-04 | 1
 10,  5 |  -1.2579700272339379e-03 |  -1.2579700272339379e-03 | 1
 10,  6 |  -2.5022521456868055e-03 |  -2.5022521456868055e-03 | 1
 10,  7 |  -3.1177555871978564e-05 |  -3.1177555871978564e-05 | 1
 10,  8 |  -1.8676120641475612e-03 |  -1.8676120641475612e-03 | 1
 10,  9 |  -4.7543868618483726e-04 |  -4.7543868618483726e-04 | 1
 10, 10 |   8.7473466203294836e-03 |   8.7473466203294836e-03 | 1
 10, 11 |   1.7122597764168785e-03 |   1.7122597764168785e-03 | 1
 10, 12 |  -3.4880630823871470e-03 |  -3.4880630823871470e-03 | 1
 10, 13 |  -3.9737362851211475e-03 |  -3.9737362851211475e-03 | 1
 10, 14 |  -8.2029059697048649e-04 |  -8.2029059697048649e-04 | 1
 10, 15 |   6.9511186427065547e-04 |   6.9511186427065547e-04 | 1
 10, 16 |  -9.5149388470585581e-05 |  -9.5149388470585581e-05 | 1
 10, 17 |   7.1805377473448746e-04 |   7.1805377473448746e-04 | 1
 10, 18 |  -1.2045291501829183e-05 |  -1.2045291501829183e-05 | 1
 10, 19 |   2.8921048995092052e-04 |   2.8921048995092052e-04 | 1
 10, 20 |  -4.1645740863784292e-04 |  -4.1645740863784292e-04 | 1
 10, 21 |   4.4804774367041954e-03 |   4.4804774367041954e-03 | 1
 10, 22 |  -3.3946810652042038e-05 |  -3.3946810652042038e-05 | 1
 10, 23 |   1.2690320815521229e-03 |   1.2690320815521229e-03 | 1
 10, 24 |   1.5002080425651171e-03 |   1.5002080425651171e-03 | 1
 10, 25 |   1.9475672656925686e-04 |   1.9475672656925686e-04 | 1
 10, 26 |   6.6871882902470774e-03 |   6.6871882902470774e-03 | 1
 10, 27 |   2.8418693790767495e-03 |   2.8418693790767495e-03 | 1
 10, 28 |  -4.2764356658912058e-04 |  -4.2764356658912058e-04 | 1
 10, 29 |   2.5328645857566681e-03 |   2.5328645857566681e-03 | 1
 10, 30 |   3.3149891287531366e-03 |   3.3149891287531366e-03 | 1
 11,  1 |   1.0198273374194364e-04 |   1.0198273374194364e-04 | 1
 11,  2 |   5.1670225561383605e-04 |   5.1670225561383605e-04 | 1
 11,  3 |   6.7619733744247264e-05 |   6.7619733744247264e-05 | 1
 11,  4 |   2.5358008913393558e-04 |   2.5358008913393558e-04 | 1
 11,  5 |  -3.6341671057663359e-05 |  -3.6341671057663359e-05 | 1
 11,  6 |  -2.3799146624998914e-04 |  -2.3799146624998914e-04 | 1
 11,  7 |   1.8648635696054782e-04 |   1.8648635696054782e-04 | 1
 11,  8 |  -1.3406048574251636e-04 |  -1.3406048574251636e-04 | 1
 11,  9 |   1.3780037628611201e-04 |   1.3780037628611201e-04 | 1
 11, 10 |   1.7122597764168785e-03 |   1.7122597764168785e-03 | 1
 11, 11 |   1.7876043889037325e-03 |   1.7876043889037325e-03 | 1
 11, 12 |  -4.1311775096936206e-04 |  -4.1311775096936206e-04 | 1
 11, 13 |  -4.8431566729920924e-04 |  -4.8431566729920924e-04 | 1
 11, 14 |   1.0072304016696305e-04 |   1.0072304016696305e-04 | 1
 11, 15 |   3.2813836766236779e-04 |   3.2813836766236779e-04 | 1
 11, 16 |   1.6219680446694090e-04 |   1.6219680446694090e-04 | 1
 11, 17 |   2.8886627695060452e-04 |   2.8886627695060452e-04 | 1
 11, 18 |   2.1379389988810990e-04 |   2.1379389988810990e-04 | 1
 11, 19 |   2.4445813533668741e-04 |   2.4445813533668741e-04 | 1
 11, 20 |   9.9622696304492461e-05 |   9.9622696304492461e-05 | 1
 11, 21 |   1.0013775640030033e-03 |   1.0013775640030033e-03 | 1
 11, 22 |   1.6644515283074519e-04 |   1.6644515283074519e-04 | 1
 11, 23 |   4.1662849826148426e-04 |   4.1662849826148426e-04 | 1
 11, 24 |   4.4123204623405451e-04 |   4.4123204623405451e-04 | 1
 11, 25 |   2.0370981854502885e-04 |   2.0370981854502885e-04 | 1
 11, 26 |   1.3816000644102772e-03 |   1.3816000644102772e-03 | 1
 11, 27 |   6.8641737034775391e-04 |   6.8641737034775391e-04 | 1
 11, 28 |   1.0462894758148951e-04 |   1.0462894758148951e-04 | 1
 11, 29 |   6.2676554651062413e-04 |   6.2676554651062413e-04 | 1
 11, 30 |   7.5593355461922650e-04 |   7.5593355461922650e-04 | 1
 12,  1 |   5.7499691256652965e-04 |   5.7499691256652965e-04 | 1
 12,  2 |  -5.4791131498615542e-04 |  -5.4791131498615542e-04 | 1
 12,  3 |   7.1964874519953883e-04 |   7.1964874519953883e-04 | 1
 12,  4 |  -3.3983814570702058e-05 |  -3.3983814570702058e-05 | 1
 12,  5 |   9.3562444259552612e-04 |   9.3562444259552612e-04 | 1
 12,  6 |   1.5245440819652079e-03 |   1.5245440819652079e-03 | 1
 12,  7 |   4.0683916163100560e-04 |   4.0683916163100560e-04 | 1
 12,  8 |   1.2384141982026624e-03 |   1.2384141982026624e-03 | 1
 12,  9 |   6.6835879074028420e-04 |   6.6835879074028420e-04 | 1
 12, 10 |  -3.4880630823871470e-03 |  -3.4880630823871470e-03 | 1
 12, 11 |  -4.1311775096936206e-04 |  -4.1311775096936206e-04 | 1
 12, 12 |   3.0550649726372057e-03 |   3.0550649726372057e-03 | 1
 12, 13 |   2.2169649709977675e-03 |   2.2169649709977675e-03 | 1
 12, 14 |   8.6136737260155338e-04 |   8.6136737260155338e-04 | 1
 12, 15 |   1.1324586967634154e-04 |   1.1324586967634154e-04 | 1
 12, 16 |   4.1948433794569099e-04 |   4.1948433794569099e-04 | 1
 12, 17 |   2.0970293924347857e-05 |   2.0970293924347857e-05 | 1
 12, 18 |   4.6205520692119416e-04 |   4.6205520692119416e-04 | 1
 12, 19 |   2.6719950672306599e-04 |   2.6719950672306599e-04 | 1
 12, 20 |   5.4612420398467479e-04 |   5.4612420398467479e-04 | 1
 12, 21 |  -1.5662762227751340e-03 |  -1.5662762227751340e-03 | 1
 12, 22 |   3.8368700339293195e-04 |   3.8368700339293195e-04 | 1
 12, 23 |  -1.5775469356253238e-04 |  -1.5775469356253238e-04 | 1
 12, 24 |  -3.0590789976245330e-04 |  -3.0590789976245330e-04 | 1
 12, 25 |   2.6606157018126109e-04 |   2.6606157018126109e-04 | 1
 12, 26 |  -2.5777907350988420e-03 |  -2.5777907350988420e-03 | 1
 12, 27 |  -8.7996202263260518e-04 |  -8.7996202263260518e-04 | 1
 12, 28 |   5.6759212304957726e-04 |   5.6759212304957726e-04 | 1
 12, 29 |  -7.5284177318432730e-04 |  -7.5284177318432730e-04 | 1
 12, 30 |  -1.1192397266538922e-03 |  -1.1192397266538922e-03 | 1
 13,  1 |   6.3404220526941044e-04 |   6.3404220526941044e-04 | 1
 13,  2 |  -6.3792337690605388e-04 |  -6.3792337690605388e-04 | 1
 13,  3 |   7.9536025978473078e-04 |   7.9536025978473078e-04 | 1
 13,  4 |  -5.5814632528948128e-05 |  -5.5814632528948128e-05 | 1
 13,  5 |   1.0438964585695858e-03 |   1.0438964585695858e-03 | 1
 13,  6 |   1.7106043227663767e-03 |   1.7106043227663767e-03 | 1
 13,  7 |   4.4321846473705027e-04 |   4.4321846473705027e-04 | 1
 13,  8 |   1.3837418018853870e-03 |   1.3837418018853870e-03 | 1
 13,  9 |   7.3543231325875883e-04 |   7.3543231325875883e-04 | 1
 13, 10 |  -3.9737362851211475e-03 |  -3.9737362851211475e-03 | 1
 13, 11 |  -4.8431566729920924e-04 |  -4.8431566729920924e-04 | 1
 13, 12 |   2.2169649709977675e-03 |   2.2169649709977675e-03 | 1
 13, 13 |   3.2087384890317383e-03 |   3.2087384890317383e-03 | 1
 13, 14 |   9.5481240029814032e-04 |   9.5481240029814032e-04 | 1
 13, 15 |   1.1107058392276408e-04 |   1.1107058392276408e-04 | 1
 13, 16 |   4.5485768693987090e-04 |   4.5485768693987090e-04 | 1
 13, 17 |   6.0571109742174454e-06 |   6.0571109742174454e-06 | 1
 13, 18 |   5.0385700397086869e-04 |   5.0385700397086869e-04 | 1
 13, 19 |   2.8639858397475673e-04 |   2.8639858397475673e-04 | 1
 13, 20 |   5.9588171020576630e-04 |   5.9588171020576630e-04 | 1
 13, 21 |  -1.8011686249356212e-03 |  -1.8011686249356212e-03 | 1
 13, 22 |   4.1745076258877922e-04 |   4.1745076258877922e-04 | 1
 13, 23 |  -1.9686967231705447e-04 |  -1.9686967231705447e-04 | 1
 13, 24 |  -3.6593241472401882e-04 |  -3.6593241472401882e-04 | 1
 13, 25 |   2.8795629968300554e-04 |   2.8795629968300554e-04 | 1
 13, 26 |  -2.9343127727063829e-03 |  -2.9343127727063829e-03 | 1
 13, 27 |  -1.0120102645948606e-03 |  -1.0120102645948606e-03 | 1
 13, 28 |   6.2479188089823497e-04 |   6.2479188089823497e-04 | 1
 13, 29 |  -8.6780636828815154e-04 |  -8.6780636828815154e-04 | 1
 13, 30 |  -1.2863414033926109e-03 |  -1.2863414033926109e-03 | 1
 14,  1 |   4.1002699641937482e-04 |   4.1002699641937482e-04 | 1
 14,  2 |   4.2989730376728977e-05 |   4.2989730376728977e-05 | 1
 14,  3 |   4.7109480767637503e-04 |   4.7109480767637503e-04 | 1
 14,  4 |   1.6389786163405976e-04 |   1.6389786163405976e-04 | 1
 14,  5 |   5.1703658059220074e-04 |   5.1703658059220074e-04 | 1
 14,  6 |   7.1816919389219153e-04 |   7.1816919389219153e-04 | 1
 14,  7 |   3.7291636358999843e-04 |   3.7291636358999843e-04 | 1
 14,  8 |   6.2544086609306793e-04 |   6.2544086609306793e-04 | 1
 14,  9 |   4.8934740572078314e-04 |   4.8934740572078314e-04 | 1
 14, 10 |  -8.2029059697048649e-04 |  -8.2029059697048649e-04 | 1
 14, 11 |   1.0072304016696305e-04 |   1.0072304016696305e-04 | 1
 14, 12 |   8.6136737260155338e-04 |   8.6136737260155338e-04 | 1
 14, 13 |   9.5481240029814032e-04 |   9.5481240029814032e-04 | 1
 14, 14 |   2.0004721144818013e-03 |   2.0004721144818013e-03 | 1
 14, 15 |   3.0286202929100884e-04 |   3.0286202929100884e-04 | 1
 14, 16 |   3.6077711839485323e-04 |   3.6077711839485323e-04 | 1
 14, 17 |   2.1706705314935673e-04 |   2.1706705314935673e-04 | 1
 14, 18 |   4.2458119540362844e-04 |   4.2458119540362844e-04 | 1
 14, 19 |   3.3274225355820988e-04 |   3.3274225355820988e-04 | 1
 14, 20 |   3.8713618737127919e-04 |   3.8713618737127919e-04 | 1
 14, 21 |  -1.9662251821812128e-04 |  -1.9662251821812128e-04 | 1
 14, 22 |   3.4273998793380779e-04 |   3.4273998793380779e-04 | 1
 14, 23 |   2.0729358105531893e-04 |   2.0729358105531893e-04 | 1
 14, 24 |   1.3623920626578735e-04 |   1.3623920626578735e-04 | 1
 14, 25 |   3.0365825387250510e-04 |   3.0365825387250510e-04 | 1
 14, 26 |  -5.1989840128133019e-04 |  -5.1989840128133019e-04 | 1
 14, 27 |  -2.1525986162790888e-05 |  -2.1525986162790888e-05 | 1
 14, 28 |   4.0334942228506022e-04 |   4.0334942228506022e-04 | 1
 14, 29 |   1.0641975818592856e-05 |   1.0641975818592856e-05 | 1
 14, 30 |  -1.2157119886003431e-04 |  -1.2157119886003431e-04 | 1
 15,  1 |   2.3220148873386265e-04 |   2.3220148873386265e-04 | 1
 15,  2 |   3.2938870500813532e-04 |   3.2938870500813532e-04 | 1
 15,  3 |   2.3758446669966356e-04 |   2.3758446669966356e-04 | 1
 15,  4 |   2.2108019283956660e-04 |   2.2108019283956660e-04 | 1
 15,  5 |   1.9365462429399066e-04 |   1.9365462429399066e-04 | 1
 15,  6 |   1.5726514063773482e-04 |   1.5726514063773482e-04 | 1
 15,  7 |   2.6854047363342518e-04 |   2.6854047363342518e-04 | 1
 15,  8 |   1.8240833703001816e-04 |   1.8240833703001816e-04 | 1
 15,  9 |   2.8700315429566818e-04 |   2.8700315429566818e-04 | 1
 15, 10 |   6.9511186427065547e-04 |   6.9511186427065547e-04 | 1
 15, 11 |   3.2813836766236779e-04 |   3.2813836766236779e-04 | 1
 15, 12 |   1.1324586967634154e-04 |   1.1324586967634154e-04 | 1
 15, 13 |   1.1107058392276408e-04 |   1.1107058392276408e-04 | 1
 15, 14 |   3.0286202929100884e-04 |   3.0286202929100884e-04 | 1
 15, 15 |   5.2258822709458732e-04 |   5.2258822709458732e-04 | 1
 15, 16 |   2.4919098363283999e-04 |   2.4919098363283999e-04 | 1
 15, 17 |   2.6386854814245124e-04 |   2.6386854814245124e-04 | 1
 15, 18 |   3.0747121787880590e-04 |   3.0747121787880590e-04 | 1
 15, 19 |   2.8426158320546944e-04 |   2.8426158320546944e-04 | 1
 15, 20 |   2.1919679741973187e-04 |   2.1919679741973187e-04 | 1
 15, 21 |   5.1643823659827952e-04 |   5.1643823659827952e-04 | 1
 15, 22 |   2.4783479056399101e-04 |   2.4783479056399101e-04 | 1
 15, 23 |   3.3898219180518826e-04 |   3.3898219180518826e-04 | 1
 15, 24 |   3.2091805610288927e-04 |   3.2091805610288927e-04 | 1
 15, 25 |   2.4881560238524259e-04 |   2.4881560238524259e-04 | 1
 15, 26 |   6.0814866303200038e-04 |   6.0814866303200038e-04 | 1
 15, 27 |   4.0412056196327214e-04 |   4.0412056196327214e-04 | 1
 15, 28 |   2.3245393347202272e-04 |   2.3245393347202272e-04 | 1
 15, 29 |   3.8001338202761214e-04 |   3.8001338202761214e-04 | 1
 15, 30 |   4.0434134732046829e-04 |   4.0434134732046829e-04 | 1
 16,  1 |   2.6314122860000296e-04 |   2.6314122860000296e-04 | 1
 16,  2 |   1.4278400764089198e-04 |   1.4278400764089198e-04 | 1
 16,  3 |   2.9201375911895588e-04 |   2.9201375911895588e-04 | 1
 16,  4 |   1.5232122283878087e-04 |   1.5232122283878087e-04 | 1
 16,  5 |   2.9742540883053998e-04 |   2.9742540883053998e-04 | 1
 16,  6 |   3.7260084737056993e-04 |   3.7260084737056993e-04 | 1
 16,  7 |   2.5920197063529114e-04 |   2.5920197063529114e-04 | 1
 16,  8 |   3.4226041402837581e-04 |   3.4226041402837581e-04 | 1
 16,  9 |   3.1843175997411645e-04 |   3.1843175997411645e-04 | 1
 16, 10 |  -9.5149388470585581e-05 |  -9.5149388470585581e-05 | 1
 16, 11 |   1.6219680446694090e-04 |   1.6219680446694090e-04 | 1
 16, 12 |   4.1948433794569099e-04 |   4.1948433794569099e-04 | 1
 16, 13 |   4.5485768693987090e-04 |   4.5485768693987090e-04 | 1
 16, 14 |   3.6077711839485323e-04 |   3.6077711839485323e-04 | 1
 16, 15 |   2.4919098363283999e-04 |   2.4919098363283999e-04 | 1
 16, 16 |   5.7265283975992966e-04 |   5.7265283975992966e-04 | 1
 16, 17 |   1.9388033980095295e-04 |   1.9388033980095295e-04 | 1
 16, 18 |   2.9820182940622236e-04 |   2.9820182940622236e-04 | 1
 16, 19 |   2.4834546107551140e-04 |   2.4834546107551140e-04 | 1
 16, 20 |   2.5214796420528623e-04 |   2.5214796420528623e-04 | 1
 16, 21 |   1.0224142843118114e-04 |   1.0224142843118114e-04 | 1
 16, 22 |   2.4122499828937110e-04 |   2.4122499828937110e-04 | 1
 16, 23 |   2.1442882532469659e-04 |   2.1442882532469659e-04 | 1
 16, 24 |   1.7658006409114626e-04 |   1.7658006409114626e-04 | 1
 16, 25 |   2.2317907804126204e-04 |   2.2317907804126204e-04 | 1
 16, 26 |  -6.7626875482748789e-06 |  -6.7626875482748789e-06 | 1
 16, 27 |   1.3770036287266750e-04 |   1.3770036287266750e-04 | 1
 16, 28 |   2.6414004131442698e-04 |   2.6414004131442698e-04 | 1
 16, 29 |   1.4325479226936740e-04 |   1.4325479226936740e-04 | 1
 16, 30 |   9.9041578244665884e-05 |   9.9041578244665884e-05 | 1
 17,  1 |   1.7421653994512950e-04 |   1.7421653994512950e-04 | 1
 17,  2 |   2.9857615149922679e-04 |   2.9857615149922679e-04 | 1
 17,  3 |   1.7129430619180336e-04 |   1.7129430619180336e-04 | 1
 17,  4 |   1.8847977224799553e-04 |   1.8847977224799553e-04 | 1
 17,  5 |   1.2845229025515551e-04 |   1.2845229025515551e-04 | 1
 17,  6 |   6.5639559152410191e-05 |   6.5639559152410191e-05 | 1
 17,  7 |   2.0644105094127724e-04 |   2.0644105094127724e-04 | 1
 17,  8 |   1.0441080886059543e-04 |   1.0441080886059543e-04 | 1
 17,  9 |   2.1436502850794530e-04 |   2.1436502850794530e-04 | 1
 17, 10 |   7.1805377473448746e-04 |   7.1805377473448746e-04 | 1
 17, 11 |   2.8886627695060452e-04 |   2.8886627695060452e-04 | 1
 17, 12 |   2.0970293924347857e-05 |   2.0970293924347857e-05 | 1
 17, 13 |   6.0571109742174454e-06 |   6.0571109742174454e-06 | 1
 17, 14 |   2.1706705314935673e-04 |   2.1706705314935673e-04 | 1
 17, 15 |   2.6386854814245124e-04 |   2.6386854814245124e-04 | 1
 17, 16 |   1.9388033980095295e-04 |   1.9388033980095295e-04 | 1
 17, 17 |   1.5418040826939287e-03 |   1.5418040826939287e-03 | 1
 17, 18 |   2.4457193483248027e-04 |   2.4457193483248027e-04 | 1
 17, 19 |   2.2856439465321834e-04 |   2.2856439465321834e-04 | 1
 17, 20 |   1.6723771035123317e-04 |   1.6723771035123317e-04 | 1
 17, 21 |   4.8455444072785476e-04 |   4.8455444072785476e-04 | 1
 17, 22 |   1.9134674961648090e-04 |   1.9134674961648090e-04 | 1
 17, 23 |   2.8777684201970191e-04 |   2.8777684201970191e-04 | 1
 17, 24 |   2.7987559367792400e-04 |   2.7987559367792400e-04 | 1
 17, 25 |   2.0178707229644095e-04 |   2.0178707229644095e-04 | 1
 17, 26 |   6.0353131197396232e-04 |   6.0353131197396232e-04 | 1
 17, 27 |   3.6926904863579226e-04 |   3.6926904863579226e-04 | 1
 17, 28 |   1.7393724795391333e-04 |   1.7393724795391333e-04 | 1
 17, 29 |   3.4621489748142453e-04 |   3.4621489748142453e-04 | 1
 17, 30 |   3.8003380085449036e-04 |   3.8003380085449036e-04 | 1
 18,  1 |   3.1255967793598948e-04 |   3.1255967793598948e-04 | 1
 18,  2 |   1.9376772664862519e-04 |   1.9376772664862519e-04 | 1
 18,  3 |   3.4192628283320487e-04 |   3.4192628283320487e-04 | 1
 18,  4 |   1.9370425861585982e-04 |   1.9370425861585982e-04 | 1
 18,  5 |   3.4355724277058790e-04 |   3.4355724277058790e-04 | 1
 18,  6 |   4.0925361826287486e-04 |   4.0925361826287486e-04 | 1
 18,  7 |   3.1184060678122224e-04 |   3.1184060678122224e-04 | 1
 18,  8 |   3.8589076214249989e-04 |   3.8589076214249989e-04 | 1
 18,  9 |   3.7381581876088000e-04 |   3.7381581876088000e-04 | 1
 18, 10 |  -1.2045291501829183e-05 |  -1.2045291501829183e-05 | 1
 18, 11 |   2.1379389988810990e-04 |   2.1379389988810990e-04 | 1
 18, 12 |   4.6205520692119416e-04 |   4.6205520692119416e-04 | 1
 18, 13 |   5.0385700397086869e-04 |   5.0385700397086869e-04 | 1
 18, 14 |   4.2458119540362844e-04 |   4.2458119540362844e-04 | 1
 18, 15 |   3.0747121787880590e-04 |   3.0747121787880590e-04 | 1
 18, 16 |   2.9820182940622236e-04 |   2.9820182940622236e-04 | 1
 18, 17 |   2.4457193483248027e-04 |   2.4457193483248027e-04 | 1
 18, 18 |   2.5398441506422017e-03 |   2.5398441506422017e-03 | 1
 18, 19 |   2.9972359711139782e-04 |   2.9972359711139782e-04 | 1
 18, 20 |   2.9466037679671425e-04 |   2.9466037679671425e-04 | 1
 18, 21 |   1.5958459558079434e-04 |   1.5958459558079434e-04 | 1
 18, 22 |   2.9277352059891540e-04 |   2.9277352059891540e-04 | 1
 18, 23 |   2.7272417013556196e-04 |   2.7272417013556196e-04 | 1
 18, 24 |   2.2677800923021188e-04 |   2.2677800923021188e-04 | 1
 18, 25 |   2.7083430716383074e-04 |   2.7083430716383074e-04 | 1
 18, 26 |   6.6572620128169585e-05 |   6.6572620128169585e-05 | 1
 18, 27 |   1.9683105112755674e-04 |   1.9683105112755674e-04 | 1
 18, 28 |   3.0931382140447490e-04 |   3.0931382140447490e-04 | 1
 18, 29 |   2.0179771560921710e-04 |   2.0179771560921710e-04 | 1
 18, 30 |   1.5427539293041127e-04 |   1.5427539293041127e-04 | 1
 19,  1 |   2.4735834992630303e-04 |   2.4735834992630303e-04 | 1
 19,  2 |   2.3299231870727049e-04 |   2.3299231870727049e-04 | 1
 19,  3 |   2.6428405348983078e-04 |   2.6428405348983078e-04 | 1
 19,  4 |   1.8451938348722040e-04 |   1.8451938348722040e-04 | 1
 19,  5 |   2.4779496210405416e-04 |   2.4779496210405416e-04 | 1
 19,  6 |   2.6519918945004271e-04 |   2.6519918945004271e-04 | 1
 19,  7 |   2.6350702467470570e-04 |   2.6350702467470570e-04 | 1
 19,  8 |   2.6220423502474634e-04 |   2.6220423502474634e-04 | 1
 19,  9 |   3.0395059475975749e-04 |   3.0395059475975749e-04 | 1
 19, 10 |   2.8921048995092052e-04 |   2.8921048995092052e-04 | 1
 19, 11 |   2.4445813533668741e-04 |   2.4445813533668741e-04 | 1
 19, 12 |   2.6719950672306599e-04 |   2.6719950672306599e-04 | 1
 19, 13 |   2.8639858397475673e-04 |   2.8639858397475673e-04 | 1
 19, 14 |   3.3274225355820988e-04 |   3.3274225355820988e-04 | 1
 19, 15 |   2.8426158320546944e-04 |   2.8426158320546944e-04 | 1
 19, 16 |   2.4834546107551140e-04 |   2.4834546107551140e-04 | 1
 19, 17 |   2.2856439465321834e-04 |   2.2856439465321834e-04 | 1
 19, 18 |   2.9972359711139782e-04 |   2.9972359711139782e-04 | 1
 19, 19 |   9.6253165680710282e-04 |   9.6253165680710282e-04 | 1
 19, 20 |   2.3619841047232970e-04 |   2.3619841047232970e-04 | 1
 19, 21 |   3.0559320910398288e-04 |   3.0559320910398288e-04 | 1
 19, 22 |   2.4321923453863897e-04 |   2.4321923453863897e-04 | 1
 19, 23 |   2.7487375947606030e-04 |   2.7487375947606030e-04 | 1
 19, 24 |   2.4654281419030820e-04 |   2.4654281419030820e-04 | 1
 19, 25 |   2.3676063712799552e-04 |   2.3676063712799552e-04 | 1
 19, 26 |   2.9734387880927664e-04 |   2.9734387880927664e-04 | 1
 19, 27 |   2.6812268280365924e-04 |   2.6812268280365924e-04 | 1
 19, 28 |   2.4810266324956556e-04 |   2.4810266324956556e-04 | 1
 19, 29 |   2.5820330388567550e-04 |   2.5820330388567550e-04 | 1
 19, 30 |   2.4695443652086424e-04 |   2.4695443652086424e-04 | 1
 20,  1 |   2.7746565156881893e-04 |   2.7746565156881893e-04 | 1
 20,  2 |   6.8743238810559790e-05 |   6.8743238810559790e-05 | 1
 20,  3 |   3.1518918228942407e-04 |   3.1518918228942407e-04 | 1
 20,  4 |   1.2503259403711102e-04 |   1.2503259403711102e-04 | 1
 20,  5 |   3.4483925662008651e-04 |   3.4483925662008651e-04 | 1
 20,  6 |   4.6424730815169344e-04 |   4.6424730815169344e-04 | 1
 20,  7 |   2.5812604219853889e-04 |   2.5812604219853889e-04 | 1
 20,  8 |   4.0954509692364021e-04 |   4.0954509692364021e-04 | 1
 20,  9 |   3.3569308842984675e-04 |   3.3569308842984675e-04 | 1
 20, 10 |  -4.1645740863784292e-04 |  -4.1645740863784292e-04 | 1
 20, 11 |   9.9622696304492461e-05 |   9.9622696304492461e-05 | 1
 20, 12 |   5.4612420398467479e-04 |   5.4612420398467479e-04 | 1
 20, 13 |   5.9588171020576630e-04 |   5.9588171020576630e-04 | 1
 20, 14 |   3.8713618737127919e-04 |   3.8713618737127919e-04 | 1
 20, 15 |   2.1919679741973187e-04 |   2.1919679741973187e-04 | 1
 20, 16 |   2.5214796420528623e-04 |   2.5214796420528623e-04 | 1
 20, 17 |   1.6723771035123317e-04 |   1.6723771035123317e-04 | 1
 20, 18 |   2.9466037679671425e-04 |   2.9466037679671425e-04 | 1
 20, 19 |   2.3619841047232970e-04 |   2.3619841047232970e-04 | 1
 20, 20 |   2.8556792897034208e-03 |   2.8556792897034208e-03 | 1
 20, 21 |  -5.9639098603576966e-05 |  -5.9639098603576966e-05 | 1
 20, 22 |   2.3724870266333801e-04 |   2.3724870266333801e-04 | 1
 20, 23 |   1.6583787861333010e-04 |   1.6583787861333010e-04 | 1
 20, 24 |   1.2238318637994034e-04 |   1.2238318637994034e-04 | 1
 20, 25 |   2.1603002662541515e-04 |   2.1603002662541515e-04 | 1
 20, 26 |  -2.4875433668137647e-04 |  -2.4875433668137647e-04 | 1
 20, 27 |   3.0333340921515423e-05 |   3.0333340921515423e-05 | 1
 20, 28 |   2.7915074008741944e-04 |   2.7915074008741944e-04 | 1
 20, 29 |   4.8269492277651377e-05 |   4.8269492277651377e-05 | 1
 20, 30 |  -2.4838290389247291e-05 |  -2.4838290389247291e-05 | 1
 21,  1 |  -7.5974581141873693e-05 |  -7.5974581141873693e-05 | 1
 21,  2 |   1.1250320677252709e-03 |   1.1250320677252709e-03 | 1
 21,  3 |  -1.9291426744140713e-04 |  -1.9291426744140713e-04 | 1
 21,  4 |   4.5711880298028460e-04 |   4.5711880298028460e-04 | 1
 21,  5 |  -4.7342644925485661e-04 |  -4.7342644925485661e-04 | 1
 21,  6 |  -1.0620728939495019e-03 |  -1.0620728939495019e-03 | 1
 21,  7 |   1.4528450951854555e-04 |   1.4528450951854555e-04 | 1
 21,  8 |  -7.6393887300071558e-04 |  -7.6393887300071558e-04 | 1
 21,  9 |  -4.7800953517096799e-05 |  -4.7800953517096799e-05 | 1
 21, 10 |   4.4804774367041954e-03 |   4.4804774367041954e-03 | 1
 21, 11 |   1.0013775640030033e-03 |   1.0013775640030033e-03 | 1
 21, 12 |  -1.5662762227751340e-03 |  -1.5662762227751340e-03 | 1
 21, 13 |  -1.8011686249356212e-03 |  -1.8011686249356212e-03 | 1
 21, 14 |  -1.9662251821812128e-04 |  -1.9662251821812128e-04 | 1
 21, 15 |   5.1643823659827952e-04 |   5.1643823659827952e-04 | 1
 21, 16 |   1.0224142843118114e-04 |   1.0224142843118114e-04 | 1
 21, 17 |   4.8455444072785476e-04 |   4.8455444072785476e-04 | 1
 21, 18 |   1.5958459558079434e-04 |   1.5958459558079434e-04 | 1
 21, 19 |   3.0559320910398288e-04 |   3.0559320910398288e-04 | 1
 21, 20 |  -5.9639098603576966e-05 |  -5.9639098603576966e-05 | 1
 21, 21 |   5.1179829798515203e-03 |   5.1179829798515203e-03 | 1
 21, 22 |   1.1952399236482108e-04 |   1.1952399236482108e-04 | 1
 21, 23 |   7.9135392400121632e-04 |   7.9135392400121632e-04 | 1
 21, 24 |   8.9588220342555328e-04 |   8.9588220342555328e-04 | 1
 21, 25 |   2.3461829174380042e-04 |   2.3461829174380042e-04 | 1
 21, 26 |   3.4951584593631464e-03 |   3.4951584593631464e-03 | 1
 21, 27 |   1.5680954475536550e-03 |   1.5680954475536550e-03 | 1
 21, 28 |  -6.3155293361021579e-05 |  -6.3155293361021579e-05 | 1
 21, 29 |   1.4049580906045135e-03 |   1.4049580906045135e-03 | 1
 21, 30 |   1.7903145709464595e-03 |   1.7903145709464595e-03 | 1
 22,  1 |   2.5320152088671624e-04 |   2.5320152088671624e-04 | 1
 22,  2 |   1.5142559643721814e-04 |   1.5142559643721814e-04 | 1
 22,  3 |   2.7870657220322435e-04 |   2.7870657220322435e-04 | 1
 22,  4 |   1.6000311460116014e-04 |   1.6000311460116014e-04 | 1
 22,  5 |   2.8266002709993548e-04 |   2.8266002709993548e-04 | 1
 22,  6 |   3.4019227833623650e-04 |   3.4019227833623650e-04 | 1
 22,  7 |   2.5373052575160699e-04 |   2.5373052575160699e-04 | 1
 22,  8 |   3.1667707466681821e-04 |   3.1667707466681821e-04 | 1
 22,  9 |   3.0666149313034088e-04 |   3.0666149313034088e-04 | 1
 22, 10 |  -3.3946810652042038e-05 |  -3.3946810652042038e-05 | 1
 22, 11 |   1.6644515283074519e-04 |   1.6644515283074519e-04 | 1
 22, 12 |   3.8368700339293195e-04 |   3.8368700339293195e-04 | 1
 22, 13 |   4.1745076258877922e-04 |   4.1745076258877922e-04 | 1
 22, 14 |   3.4273998793380779e-04 |   3.4273998793380779e-04 | 1
 22, 15 |   2.4783479056399101e-04 |   2.4783479056399101e-04 | 1
 22, 16 |   2.4122499828937110e-04 |   2.4122499828937110e-04 | 1
 22, 17 |   1.9134674961648090e-04 |   1.9134674961648090e-04 | 1
 22, 18 |   2.9277352059891540e-04 |   2.9277352059891540e-04 | 1
 22, 19 |   2.4321923453863897e-04 |   2.4321923453863897e-04 | 1
 22, 20 |   2.3724870266333801e-04 |   2.3724870266333801e-04 | 1
 22, 21 |   1.1952399236482108e-04 |   1.1952399236482108e-04 | 1
 22, 22 |   1.7376685272349115e-03 |   1.7376685272349115e-03 | 1
 22, 23 |   2.1949716118335554e-04 |   2.1949716118335554e-04 | 1
 22, 24 |   1.7874985240746012e-04 |   1.7874985240746012e-04 | 1
 22, 25 |   2.1741102143483913e-04 |   2.1741102143483913e-04 | 1
 22, 26 |   3.9190283077950182e-05 |   3.9190283077950182e-05 | 1
 22, 27 |   1.5073502420545197e-04 |   1.5073502420545197e-04 | 1
 22, 28 |   2.5145700765746739e-04 |   2.5145700765746739e-04 | 1
 22, 29 |   1.5318420402169185e-04 |   1.5318420402169185e-04 | 1
 22, 30 |   1.1631747021113433e-04 |   1.1631747021113433e-04 | 1
 23,  1 |   1.7282084135772851e-04 |   1.7282084135772851e-04 | 1
 23,  2 |   4.4127062034198178e-04 |   4.4127062034198178e-04 | 1
 23,  3 |   1.5809271502691537e-04 |   1.5809271502691537e-04 | 1
 23,  4 |   2.5345652347635059e-04 |   2.5345652347635059e-04 | 1
 23,  5 |   8.0122660117194796e-05 |   8.0122660117194796e-05 | 1
 23,  6 |  -4.8297463790854736e-05 |  -4.8297463790854736e-05 | 1
 23,  7 |   2.3618227495014556e-04 |   2.3618227495014556e-04 | 1
 23,  8 |   2.2648211913609508e-05 |   2.2648211913609508e-05 | 1
 23,  9 |   2.2207379981814635e-04 |   2.2207379981814635e-04 | 1
 23, 10 |   1.2690320815521229e-03 |   1.2690320815521229e-03 | 1
 23, 11 |   4.1662849826148426e-04 |   4.1662849826148426e-04 | 1
 23, 12 |  -1.5775469356253238e-04 |  -1.5775469356253238e-04 | 1
 23, 13 |  -1.9686967231705447e-04 |  -1.9686967231705447e-04 | 1
 23, 14 |   2.0729358105531893e-04 |   2.0729358105531893e-04 | 1
 23, 15 |   3.3898219180518826e-04 |   3.3898219180518826e-04 | 1
 23, 16 |   2.1442882532469659e-04 |   2.1442882532469659e-04 | 1
 23, 17 |   2.8777684201970191e-04 |   2.8777684201970191e-04 | 1
 23, 18 |   2.7272417013556196e-04 |   2.7272417013556196e-04 | 1
 23, 19 |   2.7487375947606030e-04 |   2.7487375947606030e-04 | 1
 23, 20 |   1.6583787861333010e-04 |   1.6583787861333010e-04 | 1
 23, 21 |   7.9135392400121632e-04 |   7.9135392400121632e-04 | 1
 23, 22 |   2.1949716118335554e-04 |   2.1949716118335554e-04 | 1
 23, 23 |   6.7739991847079830e-04 |   6.7739991847079830e-04 | 1
 23, 24 |   3.9552031793970723e-04 |   3.9552031793970723e-04 | 1
 23, 25 |   2.3633739039887144e-04 |   2.3633739039887144e-04 | 1
 23, 26 |   1.0373123239308200e-03 |   1.0373123239308200e-03 | 1
 23, 27 |   5.6826785228747878e-04 |   5.6826785228747878e-04 | 1
 23, 28 |   1.7573068992964819e-04 |   1.7573068992964819e-04 | 1
 23, 29 |   5.2524183452924136e-04 |   5.2524183452924136e-04 | 1
 23, 30 |   6.0517796536975520e-04 |   6.0517796536975520e-04 | 1
 24,  1 |   1.2281934628104895e-04 |   1.2281934628104895e-04 | 1
 24,  2 |   4.7373783838134819e-04 |   4.7373783838134819e-04 | 1
 24,  3 |   9.7727199031983855e-05 |   9.7727199031983855e-05 | 1
 24,  4 |   2.4595984986084556e-04 |   2.4595984986084556e-04 | 1
 24,  5 |   5.3146198528401816e-06 |   5.3146198528401816e-06 | 1
 24,  6 |  -1.5872009721443108e-04 |  -1.5872009721443108e-04 | 1
 24,  7 |   1.9723057951270497e-04 |   1.9723057951270497e-04 | 1
 24,  8 |  -7.1788383175600012e-05 |  -7.1788383175600012e-05 | 1
 24,  9 |   1.6481445495540966e-04 |   1.6481445495540966e-04 | 1
 24, 10 |   1.5002080425651171e-03 |   1.5002080425651171e-03 | 1
 24, 11 |   4.4123204623405451e-04 |   4.4123204623405451e-04 | 1
 24, 12 |  -3.0590789976245330e-04 |  -3.0590789976245330e-04 | 1
 24, 13 |  -3.6593241472401882e-04 |  -3.6593241472401882e-04 | 1
 24, 14 |   1.3623920626578735e-04 |   1.3623920626578735e-04 | 1
 24, 15 |   3.2091805610288927e-04 |   3.2091805610288927e-04 | 1
 24, 16 |   1.7658006409114626e-04 |   1.7658006409114626e-04 | 1
 24, 17 |   2.7987559367792400e-04 |   2.7987559367792400e-04 | 1
 24, 18 |   2.2677800923021188e-04 |   2.2677800923021188e-04 | 1
 24, 19 |   2.4654281419030820e-04 |   2.4654281419030820e-04 | 1
 24, 20 |   1.2238318637994034e-04 |   1.2238318637994034e-04 | 1
 24, 21 |   8.9588220342555328e-04 |   8.9588220342555328e-04 | 1
 24, 22 |   1.7874985240746012e-04 |   1.7874985240746012e-04 | 1
 24, 23 |   3.9552031793970723e-04 |   3.9552031793970723e-04 | 1
 24, 24 |   1.4143784780913616e-03 |   1.4143784780913616e-03 | 1
 24, 25 |   2.1009094888920182e-04 |   2.1009094888920182e-04 | 1
 24, 26 |   1.2126857032441572e-03 |   1.2126857032441572e-03 | 1
 24, 27 |   6.2246061231081709e-04 |   6.2246061231081709e-04 | 1
 24, 28 |   1.3007655810695493e-04 |   1.3007655810695493e-04 | 1
 24, 29 |   5.7193385754302612e-04 |   5.7193385754302612e-04 | 1
 24, 30 |   6.8052424627233071e-04 |   6.8052424627233071e-04 | 1
 25,  1 |   2.2418334259018431e-04 |   2.2418334259018431e-04 | 1
 25,  2 |   1.9372514859244700e-04 |   1.9372514859244700e-04 | 1
 25,  3 |   2.4085301762168671e-04 |   2.4085301762168671e-04 | 1
 25,  4 |   1.5633059404473397e-04 |   1.5633059404473397e-04 | 1
 25,  5 |   2.3102599607018349e-04 |   2.3102599607018349e-04 | 1
 25,  6 |   2.6253101718817898e-04 |   2.6253101718817898e-04 | 1
 25,  7 |   2.3398006701814451e-04 |   2.3398006701814451e-04 | 1
 25,  8 |   2.5197182686277457e-04 |   2.5197182686277457e-04 | 1
 25,  9 |   2.7324512941720366e-04 |   2.7324512941720366e-04 | 1
 25, 10 |   1.9475672656925686e-04 |   1.9475672656925686e-04 | 1
 25, 11 |   2.0370981854502885e-04 |   2.0370981854502885e-04 | 1
 25, 12 |   2.6606157018126109e-04 |   2.6606157018126109e-04 | 1
 25, 13 |   2.8795629968300554e-04 |   2.8795629968300554e-04 | 1
 25, 14 |   3.0365825387250510e-04 |   3.0365825387250510e-04 | 1
 25, 15 |   2.4881560238524259e-04 |   2.4881560238524259e-04 | 1
 25, 16 |   2.2317907804126204e-04 |   2.2317907804126204e-04 | 1
 25, 17 |   2.0178707229644095e-04 |   2.0178707229644095e-04 | 1
 25, 18 |   2.7083430716383074e-04 |   2.7083430716383074e-04 | 1
 25, 19 |   2.3676063712799552e-04 |   2.3676063712799552e-04 | 1
 25, 20 |   2.1603002662541515e-04 |   2.1603002662541515e-04 | 1
 25, 21 |   2.3461829174380042e-04 |   2.3461829174380042e-04 | 1
 25, 22 |   2.1741102143483913e-04 |   2.1741102143483913e-04 | 1
 25, 23 |   2.3633739039887144e-04 |   2.3633739039887144e-04 | 1
 25, 24 |   2.1009094888920182e-04 |   2.1009094888920182e-04 | 1
 25, 25 |   2.5291449604563959e-03 |   2.5291449604563959e-03 | 1
 25, 26 |   2.1573115281305890e-04 |   2.1573115281305890e-04 | 1
 25, 27 |   2.2052034279524573e-04 |   2.2052034279524573e-04 | 1
 25, 28 |   2.2725945921983994e-04 |   2.2725945921983994e-04 | 1
 25, 29 |   2.1478921997152128e-04 |   2.1478921997152128e-04 | 1
 25, 30 |   1.9841835882328441e-04 |   1.9841835882328441e-04 | 1
 26,  1 |  -2.7331367874514371e-04 |  -2.7331367874514371e-04 | 1
 26,  2 |   1.5812776590979020e-03 |   1.5812776590979020e-03 | 1
 26,  3 |  -4.7048623709806210e-04 |  -4.7048623709806210e-04 | 1
 26,  4 |   5.8202310243670200e-04 |   5.8202310243670200e-04 | 1
 26,  5 |  -8.7914494018899838e-04 |  -8.7914494018899838e-04 | 1
 26,  6 |  -1.8176443520597709e-03 |  -1.8176443520597709e-03 | 1
 26,  7 |   5.4402663593361845e-05 |   5.4402663593361845e-05 | 1
 26,  8 |  -1.3466783686649328e-03 |  -1.3466783686649328e-03 | 1
 26,  9 |  -2.6743635986313128e-04 |  -2.6743635986313128e-04 | 1
 26, 10 |   6.6871882902470774e-03 |   6.6871882902470774e-03 | 1
 26, 11 |   1.3816000644102772e-03 |   1.3816000644102772e-03 | 1
 26, 12 |  -2.5777907350988420e-03 |  -2.5777907350988420e-03 | 1
 26, 13 |  -2.9343127727063829e-03 |  -2.9343127727063829e-03 | 1
 26, 14 |  -5.1989840128133019e-04 |  -5.1989840128133019e-04 | 1
 26, 15 |   6.0814866303200038e-04 |   6.0814866303200038e-04 | 1
 26, 16 |  -6.7626875482748789e-06 |  -6.7626875482748789e-06 | 1
 26, 17 |   6.0353131197396232e-04 |   6.0353131197396232e-04 | 1
 26, 18 |   6.6572620128169585e-05 |   6.6572620128169585e-05 | 1
 26, 19 |   2.9734387880927664e-04 |   2.9734387880927664e-04 | 1
 26, 20 |  -2.4875433668137647e-04 |  -2.4875433668137647e-04 | 1
 26, 21 |   3.4951584593631464e-03 |   3.4951584593631464e-03 | 1
 26, 22 |   3.9190283077950182e-05 |   3.9190283077950182e-05 | 1
 26, 23 |   1.0373123239308200e-03 |   1.0373123239308200e-03 | 1
 26, 24 |   1.2126857032441572e-03 |   1.2126857032441572e-03 | 1
 26, 25 |   2.1573115281305890e-04 |   2.1573115281305890e-04 | 1
 26, 26 |   7.6064905678612897e-03 |   7.6064905678612897e-03 | 1
 26, 27 |   2.2305938840684342e-03 |   2.2305938840684342e-03 | 1
 26, 28 |  -2.5534696773180435e-04 |  -2.5534696773180435e-04 | 1
 26, 29 |   1.9937585632996266e-03 |   1.9937585632996266e-03 | 1
 26, 30 |   2.5850820583887945e-03 |   2.5850820583887945e-03 | 1
 27,  1 |   2.9343779220506780e-05 |   2.9343779220506780e-05 | 1
 27,  2 |   7.6267958162662213e-04 |   7.6267958162662213e-04 | 1
 27,  3 |  -3.9074051820651305e-05 |  -3.9074051820651305e-05 | 1
 27,  4 |   3.3437172104465993e-04 |   3.3437172104465993e-04 | 1
 27,  5 |  -2.1640046426910033e-04 |  -2.1640046426910033e-04 | 1
 27,  6 |  -5.7687139668829383e-04 |  -5.7687139668829383e-04 | 1
 27,  7 |   1.6752071975671619e-04 |   1.6752071975671619e-04 | 1
 27,  8 |  -3.9019299181517907e-04 |  -3.9019299181517907e-04 | 1
 27,  9 |   6.0680894347793179e-05 |   6.0680894347793179e-05 | 1
 27, 10 |   2.8418693790767495e-03 |   2.8418693790767495e-03 | 1
 27, 11 |   6.8641737034775391e-04 |   6.8641737034775391e-04 | 1
 27, 12 |  -8.7996202263260518e-04 |  -8.7996202263260518e-04 | 1
 27, 13 |  -1.0120102645948606e-03 |  -1.0120102645948606e-03 | 1
 27, 14 |  -2.1525986162790888e-05 |  -2.1525986162790888e-05 | 1
 27, 15 |   4.0412056196327214e-04 |   4.0412056196327214e-04 | 1
 27, 16 |   1.3770036287266750e-04 |   1.3770036287266750e-04 | 1
 27, 17 |   3.6926904863579226e-04 |   3.6926904863579226e-04 | 1
 27, 18 |   1.9683105112755674e-04 |   1.9683105112755674e-04 | 1
 27, 19 |   2.6812268280365924e-04 |   2.6812268280365924e-04 | 1
 27, 20 |   3.0333340921515423e-05 |   3.0333340921515423e-05 | 1
 27, 21 |   1.5680954475536550e-03 |   1.5680954475536550e-03 | 1
 27, 22 |   1.5073502420545197e-04 |   1.5073502420545197e-04 | 1
 27, 23 |   5.6826785228747878e-04 |   5.6826785228747878e-04 | 1
 27, 24 |   6.2246061231081709e-04 |   6.2246061231081709e-04 | 1
 27, 25 |   2.2052034279524573e-04 |   2.2052034279524573e-04 | 1
 27, 26 |   2.2305938840684342e-03 |   2.2305938840684342e-03 | 1
 27, 27 |   1.6362446058560502e-03 |   1.6362446058560502e-03 | 1
 27, 28 |   3.8670692101039532e-05 |   3.8670692101039532e-05 | 1
 27, 29 |   9.4400819415226662e-04 |   9.4400819415226662e-04 | 1
 27, 30 |   1.1733954346427773e-03 |   1.1733954346427773e-03 | 1
 28,  1 |   2.8984992656615871e-04 |   2.8984992656615871e-04 | 1
 28,  2 |   7.2819417046031371e-05 |   7.2819417046031371e-05 | 1
 28,  3 |   3.2903100870269875e-04 |   3.2903100870269875e-04 | 1
 28,  4 |   1.2968544494070612e-04 |   1.2968544494070612e-04 | 1
 28,  5 |   3.5853553891183139e-04 |   3.5853553891183139e-04 | 1
 28,  6 |   4.8611671047282541e-04 |   4.8611671047282541e-04 | 1
 28,  7 |   2.7007903093719671e-04 |   2.7007903093719671e-04 | 1
 28,  8 |   4.2794027028862538e-04 |   4.2794027028862538e-04 | 1
 28,  9 |   3.5057955344149479e-04 |   3.5057955344149479e-04 | 1
 28, 10 |  -4.2764356658912058e-04 |  -4.2764356658912058e-04 | 1
 28, 11 |   1.0462894758148951e-04 |   1.0462894758148951e-04 | 1
 28, 12 |   5.6759212304957726e-04 |   5.6759212304957726e-04 | 1
 28, 13 |   6.2479188089823497e-04 |   6.2479188089823497e-04 | 1
 28, 14 |   4.0334942228506022e-04 |   4.0334942228506022e-04 | 1
 28, 15 |   2.3245393347202272e-04 |   2.3245393347202272e-04 | 1
 28, 16 |   2.6414004131442698e-04 |   2.6414004131442698e-04 | 1
 28, 17 |   1.7393724795391333e-04 |   1.7393724795391333e-04 | 1
 28, 18 |   3.0931382140447490e-04 |   3.0931382140447490e-04 | 1
 28, 19 |   2.4810266324956556e-04 |   2.4810266324956556e-04 | 1
 28, 20 |   2.7915074008741944e-04 |   2.7915074008741944e-04 | 1
 28, 21 |  -6.3155293361021579e-05 |  -6.3155293361021579e-05 | 1
 28, 22 |   2.5145700765746739e-04 |   2.5145700765746739e-04 | 1
 28, 23 |   1.7573068992964819e-04 |   1.7573068992964819e-04 | 1
 28, 24 |   1.3007655810695493e-04 |   1.3007655810695493e-04 | 1
 28, 25 |   2.2725945921983994e-04 |   2.2725945921983994e-04 | 1
 28, 26 |  -2.5534696773180435e-04 |  -2.5534696773180435e-04 | 1
 28, 27 |   3.8670692101039532e-05 |   3.8670692101039532e-05 | 1
 28, 28 |   1.0946982888208486e-03 |   1.0946982888208486e-03 | 1
 28, 29 |   5.3298537889578930e-05 |   5.3298537889578930e-05 | 1
 28, 30 |  -2.0037014427580263e-05 |  -2.0037014427580263e-05 | 1
 29,  1 |   4.7584692162751089e-05 |   4.7584692162751089e-05 | 1
 29,  2 |   6.9133189525769274e-04 |   6.9133189525769274e-04 | 1
 29,  3 |  -1.2607007475051285e-05 |  -1.2607007475051285e-05 | 1
 29,  4 |   3.1417058467106288e-04 |   3.1417058467106288e-04 | 1
 29,  5 |  -1.6876886910497947e-04 |  -1.6876886910497947e-04 | 1
 29,  6 |  -4.8993219540309106e-04 |  -4.8993219540309106e-04 | 1
 29,  7 |   1.7078054500357210e-04 |   1.7078054500357210e-04 | 1
 29,  8 |  -3.2310022280986387e-04 |  -3.2310022280986387e-04 | 1
 29,  9 |   7.8854500544055912e-05 |   7.8854500544055912e-05 | 1
 29, 10 |   2.5328645857566681e-03 |   2.5328645857566681e-03 | 1
 29, 11 |   6.2676554651062413e-04 |   6.2676554651062413e-04 | 1
 29, 12 |  -7.5284177318432730e-04 |  -7.5284177318432730e-04 | 1
 29, 13 |  -8.6780636828815154e-04 |  -8.6780636828815154e-04 | 1
 29, 14 |   1.0641975818592856e-05 |   1.0641975818592856e-05 | 1
 29, 15 |   3.8001338202761214e-04 |   3.8001338202761214e-04 | 1
 29, 16 |   1.4325479226936740e-04 |   1.4325479226936740e-04 | 1
 29, 17 |   3.4621489748142453e-04 |   3.4621489748142453e-04 | 1
 29, 18 |   2.0179771560921710e-04 |   2.0179771560921710e-04 | 1
 29, 19 |   2.5820330388567550e-04 |   2.5820330388567550e-04 | 1
 29, 20 |   4.8269492277651377e-05 |   4.8269492277651377e-05 | 1
 29, 21 |   1.4049580906045135e-03 |   1.4049580906045135e-03 | 1
 29, 22 |   1.5318420402169185e-04 |   1.5318420402169185e-04 | 1
 29, 23 |   5.2524183452924136e-04 |   5.2524183452924136e-04 | 1
 29, 24 |   5.7193385754302612e-04 |   5.7193385754302612e-04 | 1
 29, 25 |   2.1478921997152128e-04 |   2.1478921997152128e-04 | 1
 29, 26 |   1.9937585632996266e-03 |   1.9937585632996266e-03 | 1
 29, 27 |   9.4400819415226662e-04 |   9.4400819415226662e-04 | 1
 29, 28 |   5.3298537889578930e-05 |   5.3298537889578930e-05 | 1
 29, 29 |   1.5810045641528718e-03 |   1.5810045641528718e-03 | 1
 29, 30 |   1.0537014776106112e-03 |   1.0537014776106112e-03 | 1
 30,  1 |  -3.1565082553727167e-05 |  -3.1565082553727167e-05 | 1
 30,  2 |   8.4956915593748872e-04 |   8.4956915593748872e-04 | 1
 30,  3 |  -1.1864705211662317e-04 |  -1.1864705211662317e-04 | 1
 30,  4 |   3.5305830945899386e-04 |   3.5305830945899386e-04 | 1
 30,  5 |  -3.2168672514986849e-04 |  -3.2168672514986849e-04 | 1
 30,  6 |  -7.6149858036524425e-04 |  -7.6149858036524425e-04 | 1
 30,  7 |   1.3023868997300743e-04 |   1.3023868997300743e-04 | 1
 30,  8 |  -5.3668478294847564e-04 |  -5.3668478294847564e-04 | 1
 30,  9 |  -8.0526759232319244e-06 |  -8.0526759232319244e-06 | 1
 30, 10 |   3.3149891287531366e-03 |   3.3149891287531366e-03 | 1
 30, 11 |   7.5593355461922650e-04 |   7.5593355461922650e-04 | 1
 30, 12 |  -1.1192397266538922e-03 |  -1.1192397266538922e-03 | 1
 30, 13 |  -1.2863414033926109e-03 |  -1.2863414033926109e-03 | 1
 30, 14 |  -1.2157119886003431e-04 |  -1.2157119886003431e-04 | 1
 30, 15 |   4.0434134732046829e-04 |   4.0434134732046829e-04 | 1
 30, 16 |   9.9041578244665884e-05 |   9.9041578244665884e-05 | 1
 30, 17 |   3.8003380085449036e-04 |   3.8003380085449036e-04 | 1
 30, 18 |   1.5427539293041127e-04 |   1.5427539293041127e-04 | 1
 30, 19 |   2.4695443652086424e-04 |   2.4695443652086424e-04 | 1
 30, 20 |  -2.4838290389247291e-05 |  -2.4838290389247291e-05 | 1
 30, 21 |   1.7903145709464595e-03 |   1.7903145709464595e-03 | 1
 30, 22 |   1.1631747021113433e-04 |   1.1631747021113433e-04 | 1
 30, 23 |   6.0517796536975520e-04 |   6.0517796536975520e-04 | 1
 30, 24 |   6.8052424627233071e-04 |   6.8052424627233071e-04 | 1
 30, 25 |   1.9841835882328441e-04 |   1.9841835882328441e-04 | 1
 30, 26 |   2.5850820583887945e-03 |   2.5850820583887945e-03 | 1
 30, 27 |   1.1733954346427773e-03 |   1.1733954346427773e-03 | 1
 30, 28 |  -2.0037014427580263e-05 |  -2.0037014427580263e-05 | 1
 30, 29 |   1.0537014776106112e-03 |   1.0537014776106112e-03 | 1
 30, 30 |   2.9192515350566430e-03 |   2.9192515350566430e-03 | 1
