row,col | V_base                   | V_new                    | equal
  1,  1 |   1.1646538878870016e-03 |   1.1646538878870016e-03 | 1
  1,  2 |   1.3375496797633371e-03 |   1.3375496797633371e-03 | 1
  1,  3 |  -1.6227973631224028e-03 |  -1.6227973631224028e-03 | 1
  1,  4 |   1.9382933030648857e-03 |   1.9382933030648857e-03 | 1
  1,  5 |   4.4894164019718304e-04 |   4.4894164019718304e-04 | 1
  1,  6 |   3.2295341689052702e-02 |   3.2295341689052702e-02 | 1
  1,  7 |   5.6909073579199457e-04 |   5.6909073579199457e-04 | 1
  1,  8 |  -1.2355971053133063e-04 |  -1.2355971053133063e-04 | 1
  1,  9 |  -1.8482062356590520e-03 |  -1.8482062356590520e-03 | 1
  1, 10 |   5.4392329952367676e-03 |   5.4392329952367676e-03 | 1
  1, 11 |   1.3203682045108500e-03 |   1.3203682045108500e-03 | 1
  1, 12 |  -3.3095556064896157e-04 |  -3.3095556064896157e-04 | 1
  2,  1 |   1.3375496797633371e-03 |   1.3375496797633371e-03 | 1
  2,  2 |   9.1069104175735757e-03 |   9.1069104175735757e-03 | 1
  2,  3 |  -8.9660015197858458e-03 |  -8.9660015197858458e-03 | 1
  2,  4 |   1.1849842288954042e-02 |   1.1849842288954042e-02 | 1
  2,  5 |   4.0656467348763577e-03 |   4.0656467348763577e-03 | 1
  2,  6 |   2.5536091780034664e-01 |   2.5536091780034664e-01 | 1
  2,  7 |   1.0522338648102643e-03 |   1.0522338648102643e-03 | 1
  2,  8 |  -2.7870793674701745e-03 |  -2.7870793674701745e-03 | 1
  2,  9 |  -1.4039086445527316e-02 |  -1.4039086445527316e-02 | 1
  2, 10 |   1.1920894762363146e-02 |   1.1920894762363146e-02 | 1
  2, 11 |   2.1008203018645470e-03 |   2.1008203018645470e-03 | 1
  2, 12 |   1.3122241791192972e-02 |   1.3122241791192972e-02 | 1
  3,  1 |  -1.6227973631224028e-03 |  -1.6227973631224028e-03 | 1
  3,  2 |  -8.9660015197858458e-03 |  -8.9660015197858458e-03 | 1
  3,  3 |   3.8859011176613625e-02 |   3.8859011176613625e-02 | 1
  3,  4 |  -1.5418760303943728e-02 |  -1.5418760303943728e-02 | 1
  3,  5 |  -4.3732108442969646e-03 |  -4.3732108442969646e-03 | 1
  3,  6 |  -3.9427243739340168e-01 |  -3.9427243739340168e-01 | 1
  3,  7 |   1.2642823490751722e-03 |   1.2642823490751722e-03 | 1
  3,  8 |   1.8308122444140149e-03 |   1.8308122444140149e-03 | 1
  3,  9 |   2.0337806868577071e-02 |   2.0337806868577071e-02 | 1
  3, 10 |  -2.8034122189793328e-02 |  -2.8034122189793328e-02 | 1
  3, 11 |  -1.9841551443670292e-03 |  -1.9841551443670292e-03 | 1
  3, 12 |  -1.1379916619905089e-02 |  -1.1379916619905089e-02 | 1
  4,  1 |   1.9382933030648857e-03 |   1.9382933030648857e-03 | 1
  4,  2 |   1.1849842288954042e-02 |   1.1849842288954042e-02 | 1
  4,  3 |  -1.5418760303943728e-02 |  -1.5418760303943728e-02 | 1
  4,  4 |   2.2254372442050179e-02 |   2.2254372442050179e-02 | 1
  4,  5 |   4.4891352852461930e-03 |   4.4891352852461930e-03 | 1
  4,  6 |   4.1201925892774205e-01 |   4.1201925892774205e-01 | 1
  4,  7 |   5.4859219961114259e-04 |   5.4859219961114259e-04 | 1
  4,  8 |  -2.5543732504777318e-03 |  -2.5543732504777318e-03 | 1
  4,  9 |  -2.1730220341583728e-02 |  -2.1730220341583728e-02 | 1
  4, 10 |   2.8435859632803054e-02 |   2.8435859632803054e-02 | 1
  4, 11 |   2.7576611669027054e-03 |   2.7576611669027054e-03 | 1
  4, 12 |   1.4768588056010135e-02 |   1.4768588056010135e-02 | 1
  5,  1 |   4.4894164019718304e-04 |   4.4894164019718304e-04 | 1
  5,  2 |   4.0656467348763577e-03 |   4.0656467348763577e-03 | 1
  5,  3 |  -4.3732108442969646e-03 |  -4.3732108442969646e-03 | 1
  5,  4 |   4.4891352852461930e-03 |   4.4891352852461930e-03 | 1
  5,  5 |   2.9773342125971208e-03 |   2.9773342125971208e-03 | 1
  5,  6 |   9.1879813048579062e-02 |   9.1879813048579062e-02 | 1
  5,  7 |   1.0975780767303574e-03 |   1.0975780767303574e-03 | 1
  5,  8 |  -1.4945378296658529e-03 |  -1.4945378296658529e-03 | 1
  5,  9 |  -4.7353214826945083e-03 |  -4.7353214826945083e-03 | 1
  5, 10 |   1.3812588419105166e-04 |   1.3812588419105166e-04 | 1
  5, 11 |   9.6955665765534435e-04 |   9.6955665765534435e-04 | 1
  5, 12 |   6.6283819747990427e-03 |   6.6283819747990427e-03 | 1
  6,  1 |   3.2295341689052702e-02 |   3.2295341689052702e-02 | 1
  6,  2 |   2.5536091780034664e-01 |   2.5536091780034664e-01 | 1
  6,  3 |  -3.9427243739340168e-01 |  -3.9427243739340168e-01 | 1
  6,  4 |   4.1201925892774205e-01 |   4.1201925892774205e-01 | 1
  6,  5 |   9.1879813048579062e-02 |   9.1879813048579062e-02 | 1
  6,  6 |   1.5660059038146061e+01 |   1.5660059038146061e+01 | 1
  6,  7 |  -1.4630904900577635e-01 |  -1.4630904900577635e-01 | 1
  6,  8 |  -4.5320926988650187e-02 |  -4.5320926988650187e-02 | 1
  6,  9 |  -8.5247231813827706e-01 |  -8.5247231813827706e-01 | 1
  6, 10 |   1.2166651892704259e+00 |   1.2166651892704259e+00 | 1
  6, 11 |   2.4227375469961177e-02 |   2.4227375469961177e-02 | 1
  6, 12 |   3.7385265566738879e-01 |   3.7385265566738879e-01 | 1
  7,  1 |   5.6909073579199457e-04 |   5.6909073579199457e-04 | 1
  7,  2 |   1.0522338648102643e-03 |   1.0522338648102643e-03 | 1
  7,  3 |   1.2642823490751722e-03 |   1.2642823490751722e-03 | 1
  7,  4 |   5.4859219961114259e-04 |   5.4859219961114259e-04 | 1
  7,  5 |   1.0975780767303574e-03 |   1.0975780767303574e-03 | 1
  7,  6 |  -1.4630904900577635e-01 |  -1.4630904900577635e-01 | 1
  7,  7 |   4.7193439147411170e-03 |   4.7193439147411170e-03 | 1
  7,  8 |  -5.7340236676885095e-04 |  -5.7340236676885095e-04 | 1
  7,  9 |   7.7906569093533756e-03 |   7.7906569093533756e-03 | 1
  7, 10 |  -1.1914805805484163e-02 |  -1.1914805805484163e-02 | 1
  7, 11 |   1.5531581798092135e-03 |   1.5531581798092135e-03 | 1
  7, 12 |  -7.8847476056261175e-04 |  -7.8847476056261175e-04 | 1
  8,  1 |  -1.2355971053133063e-04 |  -1.2355971053133063e-04 | 1
  8,  2 |  -2.7870793674701745e-03 |  -2.7870793674701745e-03 | 1
  8,  3 |   1.8308122444140149e-03 |   1.8308122444140149e-03 | 1
  8,  4 |  -2.5543732504777318e-03 |  -2.5543732504777318e-03 | 1
  8,  5 |  -1.4945378296658529e-03 |  -1.4945378296658529e-03 | 1
  8,  6 |  -4.5320926988650187e-02 |  -4.5320926988650187e-02 | 1
  8,  7 |  -5.7340236676885095e-04 |  -5.7340236676885095e-04 | 1
  8,  8 |   1.4832143437887833e-03 |   1.4832143437887833e-03 | 1
  8,  9 |   2.4032743037240550e-03 |   2.4032743037240550e-03 | 1
  8, 10 |   5.2004000516481241e-03 |   5.2004000516481241e-03 | 1
  8, 11 |  -4.8349814220207841e-04 |  -4.8349814220207841e-04 | 1
  8, 12 |  -5.8498849410888697e-03 |  -5.8498849410888697e-03 | 1
  9,  1 |  -1.8482062356590520e-03 |  -1.8482062356590520e-03 | 1
  9,  2 |  -1.4039086445527316e-02 |  -1.4039086445527316e-02 | 1
  9,  3 |   2.0337806868577071e-02 |   2.0337806868577071e-02 | 1
  9,  4 |  -2.1730220341583728e-02 |  -2.1730220341583728e-02 | 1
  9,  5 |  -4.7353214826945083e-03 |  -4.7353214826945083e-03 | 1
  9,  6 |  -8.5247231813827706e-01 |  -8.5247231813827706e-01 | 1
  9,  7 |   7.7906569093533756e-03 |   7.7906569093533756e-03 | 1
  9,  8 |   2.4032743037240550e-03 |   2.4032743037240550e-03 | 1
  9,  9 |   4.7764763621880570e-02 |   4.7764763621880570e-02 | 1
  9, 10 |  -7.1845822938073567e-02 |  -7.1845822938073567e-02 | 1
  9, 11 |  -1.4443440719085570e-03 |  -1.4443440719085570e-03 | 1
  9, 12 |  -1.9463689246511831e-02 |  -1.9463689246511831e-02 | 1
 10,  1 |   5.4392329952367676e-03 |   5.4392329952367676e-03 | 1
 10,  2 |   1.1920894762363146e-02 |   1.1920894762363146e-02 | 1
 10,  3 |  -2.8034122189793328e-02 |  -2.8034122189793328e-02 | 1
 10,  4 |   2.8435859632803054e-02 |   2.8435859632803054e-02 | 1
 10,  5 |   1.3812588419105166e-04 |   1.3812588419105166e-04 | 1
 10,  6 |   1.2166651892704259e+00 |   1.2166651892704259e+00 | 1
 10,  7 |  -1.1914805805484163e-02 |  -1.1914805805484163e-02 | 1
 10,  8 |   5.2004000516481241e-03 |   5.2004000516481241e-03 | 1
 10,  9 |  -7.1845822938073567e-02 |  -7.1845822938073567e-02 | 1
 10, 10 |   2.0374956534148658e-01 |   2.0374956534148658e-01 | 1
 10, 11 |   3.3041600434075887e-03 |   3.3041600434075887e-03 | 1
 10, 12 |  -1.1799350722601227e-02 |  -1.1799350722601227e-02 | 1
 11,  1 |   1.3203682045108500e-03 |   1.3203682045108500e-03 | 1
 11,  2 |   2.1008203018645470e-03 |   2.1008203018645470e-03 | 1
 11,  3 |  -1.9841551443670292e-03 |  -1.9841551443670292e-03 | 1
 11,  4 |   2.7576611669027054e-03 |   2.7576611669027054e-03 | 1
 11,  5 |   9.6955665765534435e-04 |   9.6955665765534435e-04 | 1
 11,  6 |   2.4227375469961177e-02 |   2.4227375469961177e-02 | 1
 11,  7 |   1.5531581798092135e-03 |   1.5531581798092135e-03 | 1
 11,  8 |  -4.8349814220207841e-04 |  -4.8349814220207841e-04 | 1
 11,  9 |  -1.4443440719085570e-03 |  -1.4443440719085570e-03 | 1
 11, 10 |   3.3041600434075887e-03 |   3.3041600434075887e-03 | 1
 11, 11 |   2.0415147062111433e-03 |   2.0415147062111433e-03 | 1
 11, 12 |   2.4538061214255866e-04 |   2.4538061214255866e-04 | 1
 12,  1 |  -3.3095556064896157e-04 |  -3.3095556064896157e-04 | 1
 12,  2 |   1.3122241791192972e-02 |   1.3122241791192972e-02 | 1
 12,  3 |  -1.1379916619905089e-02 |  -1.1379916619905089e-02 | 1
 12,  4 |   1.4768588056010135e-02 |   1.4768588056010135e-02 | 1
 12,  5 |   6.6283819747990427e-03 |   6.6283819747990427e-03 | 1
 12,  6 |   3.7385265566738879e-01 |   3.7385265566738879e-01 | 1
 12,  7 |  -7.8847476056261175e-04 |  -7.8847476056261175e-04 | 1
 12,  8 |  -5.8498849410888697e-03 |  -5.8498849410888697e-03 | 1
 12,  9 |  -1.9463689246511831e-02 |  -1.9463689246511831e-02 | 1
 12, 10 |  -1.1799350722601227e-02 |  -1.1799350722601227e-02 | 1
 12, 11 |   2.4538061214255866e-04 |   2.4538061214255866e-04 | 1
 12, 12 |   3.0279597519438393e-02 |   3.0279597519438393e-02 | 1
