row,col | V_base                   | V_new                    | equal
  1,  1 |   4.7612335870452502e-04 |   4.7612335870452502e-04 | 1
  1,  2 |   7.1564303402247263e-05 |   7.1564303402247263e-05 | 1
  1,  3 |   2.6162748453204031e-04 |   2.6162748453204031e-04 | 1
  1,  4 |   8.8223844680909770e-05 |   8.8223844680909770e-05 | 1
  1,  5 |   2.7824453214964128e-04 |   2.7824453214964128e-04 | 1
  1,  6 |   4.0215370918470427e-04 |   4.0215370918470427e-04 | 1
  1,  7 |   2.2886630437625563e-04 |   2.2886630437625563e-04 | 1
  1,  8 |   2.9956254660999302e-04 |   2.9956254660999302e-04 | 1
  1,  9 |   3.0198417299069348e-04 |   3.0198417299069348e-04 | 1
  1, 10 |  -8.7695962412681757e-04 |  -8.7695962412681757e-04 | 1
  1, 11 |   9.4758846797222610e-05 |   9.4758846797222610e-05 | 1
  1, 12 |   3.9350771433147296e-04 |   3.9350771433147296e-04 | 1
  1, 13 |   5.2957598371682893e-04 |   5.2957598371682893e-04 | 1
  1, 14 |   3.8924376673934785e-04 |   3.8924376673934785e-04 | 1
  1, 15 |   2.4437329717431379e-04 |   2.4437329717431379e-04 | 1
  1, 16 |   1.8219014472786906e-04 |   1.8219014472786906e-04 | 1
  1, 17 |   9.7272224011539597e-05 |   9.7272224011539597e-05 | 1
  1, 18 |   2.9632123065480520e-04 |   2.9632123065480520e-04 | 1
  1, 19 |   2.0767605630901269e-04 |   2.0767605630901269e-04 | 1
  1, 20 |   2.2182044106224165e-04 |   2.2182044106224165e-04 | 1
  1, 21 |  -1.1077825067566432e-04 |  -1.1077825067566432e-04 | 1
  1, 22 |   1.9419413697548083e-04 |   1.9419413697548083e-04 | 1
  1, 23 |   1.0593931691245577e-04 |   1.0593931691245577e-04 | 1
  1, 24 |   1.0755344927973736e-04 |   1.0755344927973736e-04 | 1
  1, 25 |   1.5279991387835842e-04 |   1.5279991387835842e-04 | 1
  1, 26 |  -1.8164056141180995e-04 |  -1.8164056141180995e-04 | 1
  1, 27 |   5.0560392759468039e-05 |   5.0560392759468039e-05 | 1
  1, 28 |   1.9533160615103971e-04 |   1.9533160615103971e-04 | 1
  1, 29 |   1.3427641624346316e-05 |   1.3427641624346316e-05 | 1
  1, 30 |   1.8758455494420806e-05 |   1.8758455494420806e-05 | 1
  2,  1 |   7.1564303402247263e-05 |   7.1564303402247263e-05 | 1
  2,  2 |   3.5387626239492169e-03 |   3.5387626239492169e-03 | 1
  2,  3 |   3.9849374919768101e-05 |   3.9849374919768101e-05 | 1
  2,  4 |   1.7638431113164193e-04 |   1.7638431113164193e-04 | 1
  2,  5 |  -1.0108782226963604e-04 |  -1.0108782226963604e-04 | 1
  2,  6 |  -2.3295467923554358e-04 |  -2.3295467923554358e-04 | 1
  2,  7 |   1.0780607295387329e-04 |   1.0780607295387329e-04 | 1
  2,  8 |  -8.0773604136943265e-05 |  -8.0773604136943265e-05 | 1
  2,  9 |   7.9237669191286464e-05 |   7.9237669191286464e-05 | 1
  2, 10 |   2.8039960737875824e-03 |   2.8039960737875824e-03 | 1
  2, 11 |   2.9774938808539323e-04 |   2.9774938808539323e-04 | 1
  2, 12 |  -2.6941983643132000e-04 |  -2.6941983643132000e-04 | 1
  2, 13 |  -4.4936924832087024e-04 |  -4.4936924832087024e-04 | 1
  2, 14 |   4.0022346265762107e-05 |   4.0022346265762107e-05 | 1
  2, 15 |   1.7029553129555786e-04 |   1.7029553129555786e-04 | 1
  2, 16 |   1.7668320561716811e-04 |   1.7668320561716811e-04 | 1
  2, 17 |   2.7722855923195780e-04 |   2.7722855923195780e-04 | 1
  2, 18 |   3.6043483352518621e-05 |   3.6043483352518621e-05 | 1
  2, 19 |   1.1255674392212705e-04 |   1.1255674392212705e-04 | 1
  2, 20 |   2.7617594836556293e-05 |   2.7617594836556293e-05 | 1
  2, 21 |   9.5165255963106240e-04 |   9.5165255963106240e-04 | 1
  2, 22 |   1.3569492831594837e-04 |   1.3569492831594837e-04 | 1
  2, 23 |   3.6694752958371733e-04 |   3.6694752958371733e-04 | 1
  2, 24 |   3.3780825642780172e-04 |   3.3780825642780172e-04 | 1
  2, 25 |   1.8054381069489633e-04 |   1.8054381069489633e-04 | 1
  2, 26 |   1.2017978899382296e-03 |   1.2017978899382296e-03 | 1
  2, 27 |   5.1289957550473028e-04 |   5.1289957550473028e-04 | 1
  2, 28 |   1.5272603876412266e-04 |   1.5272603876412266e-04 | 1
  2, 29 |   5.7685237223229077e-04 |   5.7685237223229077e-04 | 1
  2, 30 |   5.2522957446253299e-04 |   5.2522957446253299e-04 | 1
  3,  1 |   2.6162748453204031e-04 |   2.6162748453204031e-04 | 1
  3,  2 |   3.9849374919768101e-05 |   3.9849374919768101e-05 | 1
  3,  3 |   6.7176400793064154e-04 |   6.7176400793064154e-04 | 1
  3,  4 |   8.3194227979119269e-05 |   8.3194227979119269e-05 | 1
  3,  5 |   3.3844255999695744e-04 |   3.3844255999695744e-04 | 1
  3,  6 |   5.0013392966980364e-04 |   5.0013392966980364e-04 | 1
  3,  7 |   2.5688277522538025e-04 |   2.5688277522538025e-04 | 1
  3,  8 |   3.6135354594003571e-04 |   3.6135354594003571e-04 | 1
  3,  9 |   3.4557802122120988e-04 |   3.4557802122120988e-04 | 1
  3, 10 |  -1.3528865608861567e-03 |  -1.3528865608861567e-03 | 1
  3, 11 |   7.7202599232246868e-05 |   7.7202599232246868e-05 | 1
  3, 12 |   4.9344115921084683e-04 |   4.9344115921084683e-04 | 1
  3, 13 |   6.7340717158809681e-04 |   6.7340717158809681e-04 | 1
  3, 14 |   4.5197978158484034e-04 |   4.5197978158484034e-04 | 1
  3, 15 |   2.6787667718979757e-04 |   2.6787667718979757e-04 | 1
  3, 16 |   1.9396461857774320e-04 |   1.9396461857774320e-04 | 1
  3, 17 |   8.1475186885604446e-05 |   8.1475186885604446e-05 | 1
  3, 18 |   3.4363735968253228e-04 |   3.4363735968253228e-04 | 1
  3, 19 |   2.3173471217154183e-04 |   2.3173471217154183e-04 | 1
  3, 20 |   2.5738418962596070e-04 |   2.5738418962596070e-04 | 1
  3, 21 |  -2.3793400636016235e-04 |  -2.3793400636016235e-04 | 1
  3, 22 |   2.1273296493764377e-04 |   2.1273296493764377e-04 | 1
  3, 23 |   8.2613506131467321e-05 |   8.2613506131467321e-05 | 1
  3, 24 |   8.7684870307032438e-05 |   8.7684870307032438e-05 | 1
  3, 25 |   1.5823696030295515e-04 |   1.5823696030295515e-04 | 1
  3, 26 |  -3.5228607626195665e-04 |  -3.5228607626195665e-04 | 1
  3, 27 |   6.4369791506483490e-07 |   6.4369791506483490e-07 | 1
  3, 28 |   2.1154983976263045e-04 |   2.1154983976263045e-04 | 1
  3, 29 |  -5.1991502843957259e-05 |  -5.1991502843957259e-05 | 1
  3, 30 |  -3.8743328424957157e-05 |  -3.8743328424957157e-05 | 1
  4,  1 |   8.8223844680909770e-05 |   8.8223844680909770e-05 | 1
  4,  2 |   1.7638431113164193e-04 |   1.7638431113164193e-04 | 1
  4,  3 |   8.3194227979119269e-05 |   8.3194227979119269e-05 | 1
  4,  4 |   2.5362242218256070e-03 |   2.5362242218256070e-03 | 1
  4,  5 |   3.0617599532903020e-05 |   3.0617599532903020e-05 | 1
  4,  6 |   1.0233909598072883e-05 |   1.0233909598072883e-05 | 1
  4,  7 |   1.0398197449856151e-04 |   1.0398197449856151e-04 | 1
  4,  8 |   4.5137862924702192e-05 |   4.5137862924702192e-05 | 1
  4,  9 |   1.1088456310163583e-04 |   1.1088456310163583e-04 | 1
  4, 10 |   9.2419840987810508e-04 |   9.2419840987810508e-04 | 1
  4, 11 |   1.4357861037468049e-04 |   1.4357861037468049e-04 | 1
  4, 12 |  -5.9426892046213166e-06 |  -5.9426892046213166e-06 | 1
  4, 13 |  -4.5753692358754523e-05 |  -4.5753692358754523e-05 | 1
  4, 14 |   1.1963076123917112e-04 |   1.1963076123917112e-04 | 1
  4, 15 |   1.3211028164158945e-04 |   1.3211028164158945e-04 | 1
  4, 16 |   1.2056077561321756e-04 |   1.2056077561321756e-04 | 1
  4, 17 |   1.3872089093351696e-04 |   1.3872089093351696e-04 | 1
  4, 18 |   9.2737655044607955e-05 |   9.2737655044607955e-05 | 1
  4, 19 |   9.8606399038184546e-05 |   9.8606399038184546e-05 | 1
  4, 20 |   7.0988847679607326e-05 |   7.0988847679607326e-05 | 1
  4, 21 |   3.6108927879738566e-04 |   3.6108927879738566e-04 | 1
  4, 22 |   1.1035465376515487e-04 |   1.1035465376515487e-04 | 1
  4, 23 |   1.7989058878033394e-04 |   1.7989058878033394e-04 | 1
  4, 24 |   1.6750440586938168e-04 |   1.6750440586938168e-04 | 1
  4, 25 |   1.1242016516032617e-04 |   1.1242016516032617e-04 | 1
  4, 26 |   4.4434038929895130e-04 |   4.4434038929895130e-04 | 1
  4, 27 |   2.2083507919031388e-04 |   2.2083507919031388e-04 | 1
  4, 28 |   1.1457760582631735e-04 |   1.1457760582631735e-04 | 1
  4, 29 |   2.4138960428466251e-04 |   2.4138960428466251e-04 | 1
  4, 30 |   2.2166155928088897e-04 |   2.2166155928088897e-04 | 1
  5,  1 |   2.7824453214964128e-04 |   2.7824453214964128e-04 | 1
  5,  2 |  -1.0108782226963604e-04 |  -1.0108782226963604e-04 | 1
  5,  3 |   3.3844255999695744e-04 |   3.3844255999695744e-04 | 1
  5,  4 |   3.0617599532903020e-05 |   3.0617599532903020e-05 | 1
  5,  5 |   4.5580316328223966e-03 |   4.5580316328223966e-03 | 1
  5,  6 |   6.7411748639961211e-04 |   6.7411748639961211e-04 | 1
  5,  7 |   2.6002533992069141e-04 |   2.6002533992069141e-04 | 1
  5,  8 |   4.5248191245500583e-04 |   4.5248191245500583e-04 | 1
  5,  9 |   3.7423471322179042e-04 |   3.7423471322179042e-04 | 1
  5, 10 |  -2.6637250098022983e-03 |  -2.6637250098022983e-03 | 1
  5, 11 |  -2.3680857842989342e-05 |  -2.3680857842989342e-05 | 1
  5, 12 |   6.7931925781837023e-04 |   6.7931925781837023e-04 | 1
  5, 13 |   9.5977891517794460e-04 |   9.5977891517794460e-04 | 1
  5, 14 |   5.1194559654399062e-04 |   5.1194559654399062e-04 | 1
  5, 15 |   2.4801408498464081e-04 |   2.4801408498464081e-04 | 1
  5, 16 |   1.5720444854935254e-04 |   1.5720444854935254e-04 | 1
  5, 17 |  -1.2133407157384028e-05 |  -1.2133407157384028e-05 | 1
  5, 18 |   3.8675581756679082e-04 |   3.8675581756679082e-04 | 1
  5, 19 |   2.2664055635387498e-04 |   2.2664055635387498e-04 | 1
  5, 20 |   2.8938786081604599e-04 |   2.8938786081604599e-04 | 1
  5, 21 |  -6.4614058626906662e-04 |  -6.4614058626906662e-04 | 1
  5, 22 |   1.9624440421286515e-04 |   1.9624440421286515e-04 | 1
  5, 23 |  -4.4021679569911361e-05 |  -4.4021679569911361e-05 | 1
  5, 24 |  -2.8267641403702976e-05 |  -2.8267641403702976e-05 | 1
  5, 25 |   1.1419226004894177e-04 |   1.1419226004894177e-04 | 1
  5, 26 |  -8.7192112198933736e-04 |  -8.7192112198933736e-04 | 1
  5, 27 |  -1.9930237371896126e-04 |  -1.9930237371896126e-04 | 1
  5, 28 |   1.8776283611709302e-04 |   1.8776283611709302e-04 | 1
  5, 29 |  -2.8247122170947962e-04 |  -2.8247122170947962e-04 | 1
  5, 30 |  -2.4745592264596890e-04 |  -2.4745592264596890e-04 | 1
  6,  1 |   4.0215370918470427e-04 |   4.0215370918470427e-04 | 1
  6,  2 |  -2.3295467923554358e-04 |  -2.3295467923554358e-04 | 1
  6,  3 |   5.0013392966980364e-04 |   5.0013392966980364e-04 | 1
  6,  4 |   1.0233909598072883e-05 |   1.0233909598072883e-05 | 1
  6,  5 |   6.7411748639961211e-04 |   6.7411748639961211e-04 | 1
  6,  6 |   5.4599701358852568e-03 |   5.4599701358852568e-03 | 1
  6,  7 |   3.6680801178879015e-04 |   3.6680801178879015e-04 | 1
  6,  8 |   6.9573428711102565e-04 |   6.9573428711102565e-04 | 1
  6,  9 |   5.4723715143182650e-04 |   5.4723715143182650e-04 | 1
  6, 10 |  -4.5727763781309369e-03 |  -4.5727763781309369e-03 | 1
  6, 11 |  -9.6009284926792319e-05 |  -9.6009284926792319e-05 | 1
  6, 12 |   1.0760543184298510e-03 |   1.0760543184298510e-03 | 1
  6, 13 |   1.5329768024470248e-03 |   1.5329768024470248e-03 | 1
  6, 14 |   7.6141722825220437e-04 |   7.6141722825220437e-04 | 1
  6, 15 |   3.3778021778983812e-04 |   3.3778021778983812e-04 | 1
  6, 16 |   2.0147024340040512e-04 |   2.0147024340040512e-04 | 1
  6, 17 |  -7.8245304769425822e-05 |  -7.8245304769425822e-05 | 1
  6, 18 |   5.7028735922062140e-04 |   5.7028735922062140e-04 | 1
  6, 19 |   3.1692845280475383e-04 |   3.1692845280475383e-04 | 1
  6, 20 |   4.3040331411383086e-04 |   4.3040331411383086e-04 | 1
  6, 21 |  -1.1591785253298511e-03 |  -1.1591785253298511e-03 | 1
  6, 22 |   2.6360728810688070e-04 |   2.6360728810688070e-04 | 1
  6, 23 |  -1.4370310799113387e-04 |  -1.4370310799113387e-04 | 1
  6, 24 |  -1.0917869415556142e-04 |  -1.0917869415556142e-04 | 1
  6, 25 |   1.3816492127780085e-04 |   1.3816492127780085e-04 | 1
  6, 26 |  -1.5548868973115147e-03 |  -1.5548868973115147e-03 | 1
  6, 27 |  -4.0137131711980072e-04 |  -4.0137131711980072e-04 | 1
  6, 28 |   2.5299352740535059e-04 |   2.5299352740535059e-04 | 1
  6, 29 |  -5.4447374842214833e-04 |  -5.4447374842214833e-04 | 1
  6, 30 |  -4.7894240092888622e-04 |  -4.7894240092888622e-04 | 1
  7,  1 |   2.2886630437625563e-04 |   2.2886630437625563e-04 | 1
  7,  2 |   1.0780607295387329e-04 |   1.0780607295387329e-04 | 1
  7,  3 |   2.5688277522538025e-04 |   2.5688277522538025e-04 | 1
  7,  4 |   1.0398197449856151e-04 |   1.0398197449856151e-04 | 1
  7,  5 |   2.6002533992069141e-04 |   2.6002533992069141e-04 | 1
  7,  6 |   3.6680801178879015e-04 |   3.6680801178879015e-04 | 1
  7,  7 |   6.6974531344784441e-04 |   6.6974531344784441e-04 | 1
  7,  8 |   2.8104899720979434e-04 |   2.8104899720979434e-04 | 1
  7,  9 |   2.9986509837755964e-04 |   2.9986509837755964e-04 | 1
  7, 10 |  -5.6937478004483416e-04 |  -5.6937478004483416e-04 | 1
  7, 11 |   1.2171220247478912e-04 |   1.2171220247478912e-04 | 1
  7, 12 |   3.5269013985284248e-04 |   3.5269013985284248e-04 | 1
  7, 13 |   4.6657441477400690e-04 |   4.6657441477400690e-04 | 1
  7, 14 |   3.7932115793875610e-04 |   3.7932115793875610e-04 | 1
  7, 15 |   2.5477549305313993e-04 |   2.5477549305313993e-04 | 1
  7, 16 |   1.9264482970366659e-04 |   1.9264482970366659e-04 | 1
  7, 17 |   1.1902831003629330e-04 |   1.1902831003629330e-04 | 1
  7, 18 |   2.8880512124278604e-04 |   2.8880512124278604e-04 | 1
  7, 19 |   2.1191462955739694e-04 |   2.1191462955739694e-04 | 1
  7, 20 |   2.1670959926919849e-04 |   2.1670959926919849e-04 | 1
  7, 21 |  -1.0363558427052011e-05 |  -1.0363558427052011e-05 | 1
  7, 22 |   2.0217303582985806e-04 |   2.0217303582985806e-04 | 1
  7, 23 |   1.3952573024328765e-04 |   1.3952573024328765e-04 | 1
  7, 24 |   1.3726145321675299e-04 |   1.3726145321675299e-04 | 1
  7, 25 |   1.6372246769455956e-04 |   1.6372246769455956e-04 | 1
  7, 26 |  -5.3611834031522406e-05 |  -5.3611834031522406e-05 | 1
  7, 27 |   9.8676235609708259e-05 |   9.8676235609708259e-05 | 1
  7, 28 |   2.0315755749217681e-04 |   2.0315755749217681e-04 | 1
  7, 29 |   6.9683036458203146e-05 |   6.9683036458203146e-05 | 1
  7, 30 |   7.0416452884611077e-05 |   7.0416452884611077e-05 | 1
  8,  1 |   2.9956254660999302e-04 |   2.9956254660999302e-04 | 1
  8,  2 |  -8.0773604136943265e-05 |  -8.0773604136943265e-05 | 1
  8,  3 |   3.6135354594003571e-04 |   3.6135354594003571e-04 | 1
  8,  4 |   4.5137862924702192e-05 |   4.5137862924702192e-05 | 1
  8,  5 |   4.5248191245500583e-04 |   4.5248191245500583e-04 | 1
  8,  6 |   6.9573428711102565e-04 |   6.9573428711102565e-04 | 1
  8,  7 |   2.8104899720979434e-04 |   2.8104899720979434e-04 | 1
  8,  8 |   2.3819328920748916e-03 |   2.3819328920748916e-03 | 1
  8,  9 |   4.0195703613573100e-04 |   4.0195703613573100e-04 | 1
  8, 10 |  -2.6153465059368022e-03 |  -2.6153465059368022e-03 | 1
  8, 11 |  -3.9049765191412401e-06 |  -3.9049765191412401e-06 | 1
  8, 12 |   7.0213446301748425e-04 |   7.0213446301748425e-04 | 1
  8, 13 |   9.8424978722309354e-04 |   9.8424978722309354e-04 | 1
  8, 14 |   5.4552999225108826e-04 |   5.4552999225108826e-04 | 1
  8, 15 |   2.7458879632056329e-04 |   2.7458879632056329e-04 | 1
  8, 16 |   1.8125372686532884e-04 |   1.8125372686532884e-04 | 1
  8, 17 |   6.9543446922515700e-06 |   6.9543446922515700e-06 | 1
  8, 18 |   4.1191563468269757e-04 |   4.1191563468269757e-04 | 1
  8, 19 |   2.4699024719120202e-04 |   2.4699024719120202e-04 | 1
  8, 20 |   3.0952014238708138e-04 |   3.0952014238708138e-04 | 1
  8, 21 |  -6.1564614473510744e-04 |  -6.1564614473510744e-04 | 1
  8, 22 |   2.1545990678609102e-04 |   2.1545990678609102e-04 | 1
  8, 23 |  -2.2711037245077885e-05 |  -2.2711037245077885e-05 | 1
  8, 24 |  -3.6358170652954421e-06 |  -3.6358170652954421e-06 | 1
  8, 25 |   1.3669981277755836e-04 |   1.3669981277755836e-04 | 1
  8, 26 |  -8.3982371913237448e-04 |  -8.3982371913237448e-04 | 1
  8, 27 |  -1.7171773200729359e-04 |  -1.7171773200729359e-04 | 1
  8, 28 |   2.1190014756048987e-04 |   2.1190014756048987e-04 | 1
  8, 29 |  -2.5818227431929138e-04 |  -2.5818227431929138e-04 | 1
  8, 30 |  -2.2349512686623357e-04 |  -2.2349512686623357e-04 | 1
  9,  1 |   3.0198417299069348e-04 |   3.0198417299069348e-04 | 1
  9,  2 |   7.9237669191286464e-05 |   7.9237669191286464e-05 | 1
  9,  3 |   3.4557802122120988e-04 |   3.4557802122120988e-04 | 1
  9,  4 |   1.1088456310163583e-04 |   1.1088456310163583e-04 | 1
  9,  5 |   3.7423471322179042e-04 |   3.7423471322179042e-04 | 1
  9,  6 |   5.4723715143182650e-04 |   5.4723715143182650e-04 | 1
  9,  7 |   2.9986509837755964e-04 |   2.9986509837755964e-04 | 1
  9,  8 |   4.0195703613573100e-04 |   4.0195703613573100e-04 | 1
  9,  9 |   8.6477391780784684e-03 |   8.6477391780784684e-03 | 1
  9, 10 |  -1.2773574899147397e-03 |  -1.2773574899147397e-03 | 1
  9, 11 |   1.1373264758768846e-04 |   1.1373264758768846e-04 | 1
  9, 12 |   5.3420230080751421e-04 |   5.3420230080751421e-04 | 1
  9, 13 |   7.2161897917194040e-04 |   7.2161897917194040e-04 | 1
  9, 14 |   5.1808913989726175e-04 |   5.1808913989726175e-04 | 1
  9, 15 |   3.1744979672832999e-04 |   3.1744979672832999e-04 | 1
  9, 16 |   2.3591423139672233e-04 |   2.3591423139672233e-04 | 1
  9, 17 |   1.1822579514117789e-04 |   1.1822579514117789e-04 | 1
  9, 18 |   3.9149816948733844e-04 |   3.9149816948733844e-04 | 1
  9, 19 |   2.7256628663204082e-04 |   2.7256628663204082e-04 | 1
  9, 20 |   2.9537467734082790e-04 |   2.9537467734082790e-04 | 1
  9, 21 |  -1.8193016912621793e-04 |  -1.8193016912621793e-04 | 1
  9, 22 |   2.5306961195474932e-04 |   2.5306961195474932e-04 | 1
  9, 23 |   1.2734193673097442e-04 |   1.2734193673097442e-04 | 1
  9, 24 |   1.3208356138858827e-04 |   1.3208356138858827e-04 | 1
  9, 25 |   1.9645985803795857e-04 |   1.9645985803795857e-04 | 1
  9, 26 |  -2.8383148117798592e-04 |  -2.8383148117798592e-04 | 1
  9, 27 |   4.7830952272616604e-05 |   4.7830952272616604e-05 | 1
  9, 28 |   2.5502729300708822e-04 |   2.5502729300708822e-04 | 1
  9, 29 |  -3.9583226764162671e-06 |  -3.9583226764162671e-06 | 1
  9, 30 |   6.1179608252785538e-06 |   6.1179608252785538e-06 | 1
 10,  1 |  -8.7695962412681757e-04 |  -8.7695962412681757e-04 | 1
 10,  2 |   2.8039960737875824e-03 |   2.8039960737875824e-03 | 1
 10,  3 |  -1.3528865608861567e-03 |  -1.3528865608861567e-03 | 1
 10,  4 |   9.2419840987810508e-04 |   9.2419840987810508e-04 | 1
 10,  5 |  -2.6637250098022983e-03 |  -2.6637250098022983e-03 | 1
 10,  6 |  -4.5727763781309369e-03 |  -4.5727763781309369e-03 | 1
 10,  7 |  -5.6937478004483416e-04 |  -5.6937478004483416e-04 | 1
 10,  8 |  -2.6153465059368022e-03 |  -2.6153465059368022e-03 | 1
 10,  9 |  -1.2773574899147397e-03 |  -1.2773574899147397e-03 | 1
 10, 10 |   2.9497621411801882e-02 |   2.9497621411801882e-02 | 1
 10, 11 |   1.9018107017173646e-03 |   1.9018107017173646e-03 | 1
 10, 12 |  -4.8253766472501711e-03 |  -4.8253766472501711e-03 | 1
 10, 13 |  -7.2279375484021399e-03 |  -7.2279375484021399e-03 | 1
 10, 14 |  -2.1627725653397623e-03 |  -2.1627725653397623e-03 | 1
 10, 15 |  -1.3862942929186860e-04 |  -1.3862942929186860e-04 | 1
 10, 16 |   3.2646849590000607e-04 |   3.2646849590000607e-04 | 1
 10, 17 |   1.7338111205818336e-03 |   1.7338111205818336e-03 | 1
 10, 18 |  -1.5988266087712598e-03 |  -1.5988266087712598e-03 | 1
 10, 19 |  -3.8601645998546154e-04 |  -3.8601645998546154e-04 | 1
 10, 20 |  -1.1940535763841637e-03 |  -1.1940535763841637e-03 | 1
 10, 21 |   8.7974117921335096e-03 |   8.7974117921335096e-03 | 1
 10, 22 |  -9.7462842344202971e-05 |  -9.7462842344202971e-05 | 1
 10, 23 |   2.4313006136079925e-03 |   2.4313006136079925e-03 | 1
 10, 24 |   2.1696216401960568e-03 |   2.1696216401960568e-03 | 1
 10, 25 |   5.5247117288663124e-04 |   5.5247117288663124e-04 | 1
 10, 26 |   1.1356462980829863e-02 |   1.1356462980829863e-02 | 1
 10, 27 |   4.0292696507958706e-03 |   4.0292696507958706e-03 | 1
 10, 28 |   4.0358024284963847e-05 |   4.0358024284963847e-05 | 1
 10, 29 |   4.8265664809648834e-03 |   4.8265664809648834e-03 | 1
 10, 30 |   4.3331283578702789e-03 |   4.3331283578702789e-03 | 1
 11,  1 |   9.4758846797222610e-05 |   9.4758846797222610e-05 | 1
 11,  2 |   2.9774938808539323e-04 |   2.9774938808539323e-04 | 1
 11,  3 |   7.7202599232246868e-05 |   7.7202599232246868e-05 | 1
 11,  4 |   1.4357861037468049e-04 |   1.4357861037468049e-04 | 1
 11,  5 |  -2.3680857842989342e-05 |  -2.3680857842989342e-05 | 1
 11,  6 |  -9.6009284926792319e-05 |  -9.6009284926792319e-05 | 1
 11,  7 |   1.2171220247478912e-04 |   1.2171220247478912e-04 | 1
 11,  8 |  -3.9049765191412401e-06 |  -3.9049765191412401e-06 | 1
 11,  9 |   1.1373264758768846e-04 |   1.1373264758768846e-04 | 1
 11, 10 |   1.9018107017173646e-03 |   1.9018107017173646e-03 | 1
 11, 11 |   3.8035158469113760e-03 |   3.8035158469113760e-03 | 1
 11, 12 |  -1.2785937579597336e-04 |  -1.2785937579597336e-04 | 1
 11, 13 |  -2.3524466057656967e-04 |  -2.3524466057656967e-04 | 1
 11, 14 |   1.0082970774739794e-04 |   1.0082970774739794e-04 | 1
 11, 15 |   1.7273018804184006e-04 |   1.7273018804184006e-04 | 1
 11, 16 |   1.6215734339828118e-04 |   1.6215734339828118e-04 | 1
 11, 17 |   2.2016652615584333e-04 |   2.2016652615584333e-04 | 1
 11, 18 |   7.8626348505178128e-05 |   7.8626348505178128e-05 | 1
 11, 19 |   1.2039008830215639e-04 |   1.2039008830215639e-04 | 1
 11, 20 |   5.9495293610203084e-05 |   5.9495293610203084e-05 | 1
 11, 21 |   6.8385884227752049e-04 |   6.8385884227752049e-04 | 1
 11, 22 |   1.3357773200091215e-04 |   1.3357773200091215e-04 | 1
 11, 23 |   2.8672748315900637e-04 |   2.8672748315900637e-04 | 1
 11, 24 |   2.6968624856446946e-04 |   2.6968624856446946e-04 | 1
 11, 25 |   1.5972216336980518e-04 |   1.5972216336980518e-04 | 1
 11, 26 |   8.5703451210946270e-04 |   8.5703451210946270e-04 | 1
 11, 27 |   3.8801591132211241e-04 |   3.8801591132211241e-04 | 1
 11, 28 |   1.4775182988720551e-04 |   1.4775182988720551e-04 | 1
 11, 29 |   4.2880756295133427e-04 |   4.2880756295133427e-04 | 1
 11, 30 |   3.9154810042800394e-04 |   3.9154810042800394e-04 | 1
 12,  1 |   3.9350771433147296e-04 |   3.9350771433147296e-04 | 1
 12,  2 |  -2.6941983643132000e-04 |  -2.6941983643132000e-04 | 1
 12,  3 |   4.9344115921084683e-04 |   4.9344115921084683e-04 | 1
 12,  4 |  -5.9426892046213166e-06 |  -5.9426892046213166e-06 | 1
 12,  5 |   6.7931925781837023e-04 |   6.7931925781837023e-04 | 1
 12,  6 |   1.0760543184298510e-03 |   1.0760543184298510e-03 | 1
 12,  7 |   3.5269013985284248e-04 |   3.5269013985284248e-04 | 1
 12,  8 |   7.0213446301748425e-04 |   7.0213446301748425e-04 | 1
 12,  9 |   5.3420230080751421e-04 |   5.3420230080751421e-04 | 1
 12, 10 |  -4.8253766472501711e-03 |  -4.8253766472501711e-03 | 1
 12, 11 |  -1.2785937579597336e-04 |  -1.2785937579597336e-04 | 1
 12, 12 |   4.0200835769516087e-03 |   4.0200835769516087e-03 | 1
 12, 13 |   1.5693668509987385e-03 |   1.5693668509987385e-03 | 1
 12, 14 |   7.5378682741053006e-04 |   7.5378682741053006e-04 | 1
 12, 15 |   3.1715946186700934e-04 |   3.1715946186700934e-04 | 1
 12, 16 |   1.8457930008842588e-04 |   1.8457930008842588e-04 | 1
 12, 17 |  -1.0155846990617040e-04 |  -1.0155846990617040e-04 | 1
 12, 18 |   5.6767146135519337e-04 |   5.6767146135519337e-04 | 1
 12, 19 |   3.0282184285991434e-04 |   3.0282184285991434e-04 | 1
 12, 20 |   4.2716879261430331e-04 |   4.2716879261430331e-04 | 1
 12, 21 |  -1.2561178078828355e-03 |  -1.2561178078828355e-03 | 1
 12, 22 |   2.5193760132203051e-04 |   2.5193760132203051e-04 | 1
 12, 23 |  -1.7910366924093644e-04 |  -1.7910366924093644e-04 | 1
 12, 24 |  -1.4188976102809788e-04 |  -1.4188976102809788e-04 | 1
 12, 25 |   1.1812180652992042e-04 |   1.1812180652992042e-04 | 1
 12, 26 |  -1.6710437267242603e-03 |  -1.6710437267242603e-03 | 1
 12, 27 |  -4.5090338750087167e-04 |  -4.5090338750087167e-04 | 1
 12, 28 |   2.3742630479873828e-04 |   2.3742630479873828e-04 | 1
 12, 29 |  -5.9752144493109820e-04 |  -5.9752144493109820e-04 | 1
 12, 30 |  -5.2520550238711232e-04 |  -5.2520550238711232e-04 | 1
 13,  1 |   5.2957598371682893e-04 |   5.2957598371682893e-04 | 1
 13,  2 |  -4.4936924832087024e-04 |  -4.4936924832087024e-04 | 1
 13,  3 |   6.7340717158809681e-04 |   6.7340717158809681e-04 | 1
 13,  4 |  -4.5753692358754523e-05 |  -4.5753692358754523e-05 | 1
 13,  5 |   9.5977891517794460e-04 |   9.5977891517794460e-04 | 1
 13,  6 |   1.5329768024470248e-03 |   1.5329768024470248e-03 | 1
 13,  7 |   4.6657441477400690e-04 |   4.6657441477400690e-04 | 1
 13,  8 |   9.8424978722309354e-04 |   9.8424978722309354e-04 | 1
 13,  9 |   7.2161897917194040e-04 |   7.2161897917194040e-04 | 1
 13, 10 |  -7.2279375484021399e-03 |  -7.2279375484021399e-03 | 1
 13, 11 |  -2.3524466057656967e-04 |  -2.3524466057656967e-04 | 1
 13, 12 |   1.5693668509987385e-03 |   1.5693668509987385e-03 | 1
 13, 13 |   4.4735394693642414e-03 |   4.4735394693642414e-03 | 1
 13, 14 |   1.0326265897169563e-03 |   1.0326265897169563e-03 | 1
 13, 15 |   4.0603604633177465e-04 |   4.0603604633177465e-04 | 1
 13, 16 |   2.1701181907346425e-04 |   2.1701181907346425e-04 | 1
 13, 17 |  -1.9629554210720361e-04 |  -1.9629554210720361e-04 | 1
 13, 18 |   7.7722803006130363e-04 |   7.7722803006130363e-04 | 1
 13, 19 |   3.9794630208483771e-04 |   3.9794630208483771e-04 | 1
 13, 20 |   5.8023383331808390e-04 |   5.8023383331808390e-04 | 1
 13, 21 |  -1.9275795059309887e-03 |  -1.9275795059309887e-03 | 1
 13, 22 |   3.2050292524893152e-04 |   3.2050292524893152e-04 | 1
 13, 23 |  -3.1986196132392878e-04 |  -3.1986196132392878e-04 | 1
 13, 24 |  -2.6588030019655774e-04 |  -2.6588030019655774e-04 | 1
 13, 25 |   1.2731654878492705e-04 |   1.2731654878492705e-04 | 1
 13, 26 |  -2.5447598845143695e-03 |  -2.5447598845143695e-03 | 1
 13, 27 |  -7.2375947497806473e-04 |  -7.2375947497806473e-04 | 1
 13, 28 |   2.9507600202173924e-04 |   2.9507600202173924e-04 | 1
 13, 29 |  -9.3975035102836766e-04 |  -9.3975035102836766e-04 | 1
 13, 30 |  -8.3354537349152025e-04 |  -8.3354537349152025e-04 | 1
 14,  1 |   3.8924376673934785e-04 |   3.8924376673934785e-04 | 1
 14,  2 |   4.0022346265762107e-05 |   4.0022346265762107e-05 | 1
 14,  3 |   4.5197978158484034e-04 |   4.5197978158484034e-04 | 1
 14,  4 |   1.1963076123917112e-04 |   1.1963076123917112e-04 | 1
 14,  5 |   5.1194559654399062e-04 |   5.1194559654399062e-04 | 1
 14,  6 |   7.6141722825220437e-04 |   7.6141722825220437e-04 | 1
 14,  7 |   3.7932115793875610e-04 |   3.7932115793875610e-04 | 1
 14,  8 |   5.4552999225108826e-04 |   5.4552999225108826e-04 | 1
 14,  9 |   5.1808913989726175e-04 |   5.1808913989726175e-04 | 1
 14, 10 |  -2.1627725653397623e-03 |  -2.1627725653397623e-03 | 1
 14, 11 |   1.0082970774739794e-04 |   1.0082970774739794e-04 | 1
 14, 12 |   7.5378682741053006e-04 |   7.5378682741053006e-04 | 1
 14, 13 |   1.0326265897169563e-03 |   1.0326265897169563e-03 | 1
 14, 14 |   5.7883142070805135e-03 |   5.7883142070805135e-03 | 1
 14, 15 |   3.9279224515556554e-04 |   3.9279224515556554e-04 | 1
 14, 16 |   2.8470271575929283e-04 |   2.8470271575929283e-04 | 1
 14, 17 |   1.0973533603281691e-04 |   1.0973533603281691e-04 | 1
 14, 18 |   5.1398293718069336e-04 |   5.1398293718069336e-04 | 1
 14, 19 |   3.4257055935032349e-04 |   3.4257055935032349e-04 | 1
 14, 20 |   3.8817405943839537e-04 |   3.8817405943839537e-04 | 1
 14, 21 |  -3.9860281778755812e-04 |  -3.9860281778755812e-04 | 1
 14, 22 |   3.1258491941079216e-04 |   3.1258491941079216e-04 | 1
 14, 23 |   1.0687734965360509e-04 |   1.0687734965360509e-04 | 1
 14, 24 |   1.2038812276347991e-04 |   1.2038812276347991e-04 | 1
 14, 25 |   2.3366075098942013e-04 |   2.3366075098942013e-04 | 1
 14, 26 |  -5.7827939546528997e-04 |  -5.7827939546528997e-04 | 1
 14, 27 |  -2.1546913618496076e-05 |  -2.1546913618496076e-05 | 1
 14, 28 |   3.1436796839915396e-04 |   3.1436796839915396e-04 | 1
 14, 29 |  -1.0043358086794284e-04 |  -1.0043358086794284e-04 | 1
 14, 30 |  -7.9639262268202735e-05 |  -7.9639262268202735e-05 | 1
 15,  1 |   2.4437329717431379e-04 |   2.4437329717431379e-04 | 1
 15,  2 |   1.7029553129555786e-04 |   1.7029553129555786e-04 | 1
 15,  3 |   2.6787667718979757e-04 |   2.6787667718979757e-04 | 1
 15,  4 |   1.3211028164158945e-04 |   1.3211028164158945e-04 | 1
 15,  5 |   2.4801408498464081e-04 |   2.4801408498464081e-04 | 1
 15,  6 |   3.3778021778983812e-04 |   3.3778021778983812e-04 | 1
 15,  7 |   2.5477549305313993e-04 |   2.5477549305313993e-04 | 1
 15,  8 |   2.7458879632056329e-04 |   2.7458879632056329e-04 | 1
 15,  9 |   3.1744979672832999e-04 |   3.1744979672832999e-04 | 1
 15, 10 |  -1.3862942929186860e-04 |  -1.3862942929186860e-04 | 1
 15, 11 |   1.7273018804184006e-04 |   1.7273018804184006e-04 | 1
 15, 12 |   3.1715946186700934e-04 |   3.1715946186700934e-04 | 1
 15, 13 |   4.0603604633177465e-04 |   4.0603604633177465e-04 | 1
 15, 14 |   3.9279224515556554e-04 |   3.9279224515556554e-04 | 1
 15, 15 |   9.6088491029976695e-04 |   9.6088491029976695e-04 | 1
 15, 16 |   2.2389712745662596e-04 |   2.2389712745662596e-04 | 1
 15, 17 |   1.6384347294288778e-04 |   1.6384347294288778e-04 | 1
 15, 18 |   2.9945747675450278e-04 |   2.9945747675450278e-04 | 1
 15, 19 |   2.3227436782849033e-04 |   2.3227436782849033e-04 | 1
 15, 20 |   2.2314566368559962e-04 |   2.2314566368559962e-04 | 1
 15, 21 |   1.3791460692308237e-04 |   1.3791460692308237e-04 | 1
 15, 22 |   2.2681166057399968e-04 |   2.2681166057399968e-04 | 1
 15, 23 |   1.9812631975829812e-04 |   1.9812631975829812e-04 | 1
 15, 24 |   1.9395874826269176e-04 |   1.9395874826269176e-04 | 1
 15, 25 |   1.9508478592947703e-04 |   1.9508478592947703e-04 | 1
 15, 26 |   1.3468029087277035e-04 |   1.3468029087277035e-04 | 1
 15, 27 |   1.8284110276310233e-04 |   1.8284110276310233e-04 | 1
 15, 28 |   2.3105595323069542e-04 |   2.3105595323069542e-04 | 1
 15, 29 |   1.6257834596544629e-04 |   1.6257834596544629e-04 | 1
 15, 30 |   1.5472088509410861e-04 |   1.5472088509410861e-04 | 1
 16,  1 |   1.8219014472786906e-04 |   1.8219014472786906e-04 | 1
 16,  2 |   1.7668320561716811e-04 |   1.7668320561716811e-04 | 1
 16,  3 |   1.9396461857774320e-04 |   1.9396461857774320e-04 | 1
 16,  4 |   1.2056077561321756e-04 |   1.2056077561321756e-04 | 1
 16,  5 |   1.5720444854935254e-04 |   1.5720444854935254e-04 | 1
 16,  6 |   2.0147024340040512e-04 |   2.0147024340040512e-04 | 1
 16,  7 |   1.9264482970366659e-04 |   1.9264482970366659e-04 | 1
 16,  8 |   1.8125372686532884e-04 |   1.8125372686532884e-04 | 1
 16,  9 |   2.3591423139672233e-04 |   2.3591423139672233e-04 | 1
 16, 10 |   3.2646849590000607e-04 |   3.2646849590000607e-04 | 1
 16, 11 |   1.6215734339828118e-04 |   1.6215734339828118e-04 | 1
 16, 12 |   1.8457930008842588e-04 |   1.8457930008842588e-04 | 1
 16, 13 |   2.1701181907346425e-04 |   2.1701181907346425e-04 | 1
 16, 14 |   2.8470271575929283e-04 |   2.8470271575929283e-04 | 1
 16, 15 |   2.2389712745662596e-04 |   2.2389712745662596e-04 | 1
 16, 16 |   1.1046467956886221e-03 |   1.1046467956886221e-03 | 1
 16, 17 |   1.6013733473635422e-04 |   1.6013733473635422e-04 | 1
 16, 18 |   2.1753852637051719e-04 |   2.1753852637051719e-04 | 1
 16, 19 |   1.8104661756373645e-04 |   1.8104661756373645e-04 | 1
 16, 20 |   1.6434868800044929e-04 |   1.6434868800044929e-04 | 1
 16, 21 |   2.4027917593868027e-04 |   2.4027917593868027e-04 | 1
 16, 22 |   1.7947736497690221e-04 |   1.7947736497690221e-04 | 1
 16, 23 |   1.9513553028574233e-04 |   1.9513553028574233e-04 | 1
 16, 24 |   1.8754260429647317e-04 |   1.8754260429647317e-04 | 1
 16, 25 |   1.6740985356335637e-04 |   1.6740985356335637e-04 | 1
 16, 26 |   2.7158330561971480e-04 |   2.7158330561971480e-04 | 1
 16, 27 |   2.0581443816061209e-04 |   2.0581443816061209e-04 | 1
 16, 28 |   1.8801377518655867e-04 |   1.8801377518655867e-04 | 1
 16, 29 |   2.0171029621111390e-04 |   2.0171029621111390e-04 | 1
 16, 30 |   1.8912167188000958e-04 |   1.8912167188000958e-04 | 1
 17,  1 |   9.7272224011539597e-05 |   9.7272224011539597e-05 | 1
 17,  2 |   2.7722855923195780e-04 |   2.7722855923195780e-04 | 1
 17,  3 |   8.1475186885604446e-05 |   8.1475186885604446e-05 | 1
 17,  4 |   1.3872089093351696e-04 |   1.3872089093351696e-04 | 1
 17,  5 |  -1.2133407157384028e-05 |  -1.2133407157384028e-05 | 1
 17,  6 |  -7.8245304769425822e-05 |  -7.8245304769425822e-05 | 1
 17,  7 |   1.1902831003629330e-04 |   1.1902831003629330e-04 | 1
 17,  8 |   6.9543446922515700e-06 |   6.9543446922515700e-06 | 1
 17,  9 |   1.1822579514117789e-04 |   1.1822579514117789e-04 | 1
 17, 10 |   1.7338111205818336e-03 |   1.7338111205818336e-03 | 1
 17, 11 |   2.2016652615584333e-04 |   2.2016652615584333e-04 | 1
 17, 12 |  -1.0155846990617040e-04 |  -1.0155846990617040e-04 | 1
 17, 13 |  -1.9629554210720361e-04 |  -1.9629554210720361e-04 | 1
 17, 14 |   1.0973533603281691e-04 |   1.0973533603281691e-04 | 1
 17, 15 |   1.6384347294288778e-04 |   1.6384347294288778e-04 | 1
 17, 16 |   1.6013733473635422e-04 |   1.6013733473635422e-04 | 1
 17, 17 |   3.6005961031975145e-03 |   3.6005961031975145e-03 | 1
 17, 18 |   8.8757184015853530e-05 |   8.8757184015853530e-05 | 1
 17, 19 |   1.2130761005970251e-04 |   1.2130761005970251e-04 | 1
 17, 20 |   6.7114489489939150e-05 |   6.7114489489939150e-05 | 1
 17, 21 |   6.2561335070908213e-04 |   6.2561335070908213e-04 | 1
 17, 22 |   1.3246865853194637e-04 |   1.3246865853194637e-04 | 1
 17, 23 |   2.7235004928335109e-04 |   2.7235004928335109e-04 | 1
 17, 24 |   2.5335888149415260e-04 |   2.5335888149415260e-04 | 1
 17, 25 |   1.5879790436346066e-04 |   1.5879790436346066e-04 | 1
 17, 26 |   7.7907284705264982e-04 |   7.7907284705264982e-04 | 1
 17, 27 |   3.6098037698590333e-04 |   3.6098037698590333e-04 | 1
 17, 28 |   1.4659051435251722e-04 |   1.4659051435251722e-04 | 1
 17, 29 |   3.9767341698616015e-04 |   3.9767341698616015e-04 | 1
 17, 30 |   3.6171774038838657e-04 |   3.6171774038838657e-04 | 1
 18,  1 |   2.9632123065480520e-04 |   2.9632123065480520e-04 | 1
 18,  2 |   3.6043483352518621e-05 |   3.6043483352518621e-05 | 1
 18,  3 |   3.4363735968253228e-04 |   3.4363735968253228e-04 | 1
 18,  4 |   9.2737655044607955e-05 |   9.2737655044607955e-05 | 1
 18,  5 |   3.8675581756679082e-04 |   3.8675581756679082e-04 | 1
 18,  6 |   5.7028735922062140e-04 |   5.7028735922062140e-04 | 1
 18,  7 |   2.8880512124278604e-04 |   2.8880512124278604e-04 | 1
 18,  8 |   4.1191563468269757e-04 |   4.1191563468269757e-04 | 1
 18,  9 |   3.9149816948733844e-04 |   3.9149816948733844e-04 | 1
 18, 10 |  -1.5988266087712598e-03 |  -1.5988266087712598e-03 | 1
 18, 11 |   7.8626348505178128e-05 |   7.8626348505178128e-05 | 1
 18, 12 |   5.6767146135519337e-04 |   5.6767146135519337e-04 | 1
 18, 13 |   7.7722803006130363e-04 |   7.7722803006130363e-04 | 1
 18, 14 |   5.1398293718069336e-04 |   5.1398293718069336e-04 | 1
 18, 15 |   2.9945747675450278e-04 |   2.9945747675450278e-04 | 1
 18, 16 |   2.1753852637051719e-04 |   2.1753852637051719e-04 | 1
 18, 17 |   8.8757184015853530e-05 |   8.8757184015853530e-05 | 1
 18, 18 |   8.2346568189503328e-03 |   8.2346568189503328e-03 | 1
 18, 19 |   2.6054342511237712e-04 |   2.6054342511237712e-04 | 1
 18, 20 |   2.9216928710637362e-04 |   2.9216928710637362e-04 | 1
 18, 21 |  -2.9869276800447786e-04 |  -2.9869276800447786e-04 | 1
 18, 22 |   2.4012593443360183e-04 |   2.4012593443360183e-04 | 1
 18, 23 |   8.6992857806300530e-05 |   8.6992857806300530e-05 | 1
 18, 24 |   9.1494557888417594e-05 |   9.1494557888417594e-05 | 1
 18, 25 |   1.7816004877522021e-04 |   1.7816004877522021e-04 | 1
 18, 26 |  -4.2980858179316085e-04 |  -4.2980858179316085e-04 | 1
 18, 27 |  -1.0376150121342942e-05 |  -1.0376150121342942e-05 | 1
 18, 28 |   2.3854599611736953e-04 |   2.3854599611736953e-04 | 1
 18, 29 |  -7.1043265215241984e-05 |  -7.1043265215241984e-05 | 1
 18, 30 |  -5.4571075966574370e-05 |  -5.4571075966574370e-05 | 1
 19,  1 |   2.0767605630901269e-04 |   2.0767605630901269e-04 | 1
 19,  2 |   1.1255674392212705e-04 |   1.1255674392212705e-04 | 1
 19,  3 |   2.3173471217154183e-04 |   2.3173471217154183e-04 | 1
 19,  4 |   9.8606399038184546e-05 |   9.8606399038184546e-05 | 1
 19,  5 |   2.2664055635387498e-04 |   2.2664055635387498e-04 | 1
 19,  6 |   3.1692845280475383e-04 |   3.1692845280475383e-04 | 1
 19,  7 |   2.1191462955739694e-04 |   2.1191462955739694e-04 | 1
 19,  8 |   2.4699024719120202e-04 |   2.4699024719120202e-04 | 1
 19,  9 |   2.7256628663204082e-04 |   2.7256628663204082e-04 | 1
 19, 10 |  -3.8601645998546154e-04 |  -3.8601645998546154e-04 | 1
 19, 11 |   1.2039008830215639e-04 |   1.2039008830215639e-04 | 1
 19, 12 |   3.0282184285991434e-04 |   3.0282184285991434e-04 | 1
 19, 13 |   3.9794630208483771e-04 |   3.9794630208483771e-04 | 1
 19, 14 |   3.4257055935032349e-04 |   3.4257055935032349e-04 | 1
 19, 15 |   2.3227436782849033e-04 |   2.3227436782849033e-04 | 1
 19, 16 |   1.8104661756373645e-04 |   1.8104661756373645e-04 | 1
 19, 17 |   1.2130761005970251e-04 |   1.2130761005970251e-04 | 1
 19, 18 |   2.6054342511237712e-04 |   2.6054342511237712e-04 | 1
 19, 19 |   2.2378786730947796e-03 |   2.2378786730947796e-03 | 1
 19, 20 |   1.9556287858818412e-04 |   1.9556287858818412e-04 | 1
 19, 21 |   3.3875845748991094e-05 |   3.3875845748991094e-05 | 1
 19, 22 |   1.8544579123280943e-04 |   1.8544579123280943e-04 | 1
 19, 23 |   1.4185650562726604e-04 |   1.4185650562726604e-04 | 1
 19, 24 |   1.3701066436816215e-04 |   1.3701066436816215e-04 | 1
 19, 25 |   1.5757438911427168e-04 |   1.5757438911427168e-04 | 1
 19, 26 |   2.8128581560924376e-06 |   2.8128581560924376e-06 | 1
 19, 27 |   1.1284844112053143e-04 |   1.1284844112053143e-04 | 1
 19, 28 |   1.8921755147896367e-04 |   1.8921755147896367e-04 | 1
 19, 29 |   8.7235548969167177e-05 |   8.7235548969167177e-05 | 1
 19, 30 |   8.4836008636947235e-05 |   8.4836008636947235e-05 | 1
 20,  1 |   2.2182044106224165e-04 |   2.2182044106224165e-04 | 1
 20,  2 |   2.7617594836556293e-05 |   2.7617594836556293e-05 | 1
 20,  3 |   2.5738418962596070e-04 |   2.5738418962596070e-04 | 1
 20,  4 |   7.0988847679607326e-05 |   7.0988847679607326e-05 | 1
 20,  5 |   2.8938786081604599e-04 |   2.8938786081604599e-04 | 1
 20,  6 |   4.3040331411383086e-04 |   4.3040331411383086e-04 | 1
 20,  7 |   2.1670959926919849e-04 |   2.1670959926919849e-04 | 1
 20,  8 |   3.0952014238708138e-04 |   3.0952014238708138e-04 | 1
 20,  9 |   2.9537467734082790e-04 |   2.9537467734082790e-04 | 1
 20, 10 |  -1.1940535763841637e-03 |  -1.1940535763841637e-03 | 1
 20, 11 |   5.9495293610203084e-05 |   5.9495293610203084e-05 | 1
 20, 12 |   4.2716879261430331e-04 |   4.2716879261430331e-04 | 1
 20, 13 |   5.8023383331808390e-04 |   5.8023383331808390e-04 | 1
 20, 14 |   3.8817405943839537e-04 |   3.8817405943839537e-04 | 1
 20, 15 |   2.2314566368559962e-04 |   2.2314566368559962e-04 | 1
 20, 16 |   1.6434868800044929e-04 |   1.6434868800044929e-04 | 1
 20, 17 |   6.7114489489939150e-05 |   6.7114489489939150e-05 | 1
 20, 18 |   2.9216928710637362e-04 |   2.9216928710637362e-04 | 1
 20, 19 |   1.9556287858818412e-04 |   1.9556287858818412e-04 | 1
 20, 20 |   6.1863472242934918e-03 |   6.1863472242934918e-03 | 1
 20, 21 |  -2.1534846448848779e-04 |  -2.1534846448848779e-04 | 1
 20, 22 |   1.7790042327139432e-04 |   1.7790042327139432e-04 | 1
 20, 23 |   6.6101799760578261e-05 |   6.6101799760578261e-05 | 1
 20, 24 |   7.1371621393876789e-05 |   7.1371621393876789e-05 | 1
 20, 25 |   1.3462806304069316e-04 |   1.3462806304069316e-04 | 1
 20, 26 |  -3.1749060785878558e-04 |  -3.1749060785878558e-04 | 1
 20, 27 |  -8.4437868883989434e-06 |  -8.4437868883989434e-06 | 1
 20, 28 |   1.8040863475618515e-04 |   1.8040863475618515e-04 | 1
 20, 29 |  -5.1672687937614293e-05 |  -5.1672687937614293e-05 | 1
 20, 30 |  -3.9566154860303949e-05 |  -3.9566154860303949e-05 | 1
 21,  1 |  -1.1077825067566432e-04 |  -1.1077825067566432e-04 | 1
 21,  2 |   9.5165255963106240e-04 |   9.5165255963106240e-04 | 1
 21,  3 |  -2.3793400636016235e-04 |  -2.3793400636016235e-04 | 1
 21,  4 |   3.6108927879738566e-04 |   3.6108927879738566e-04 | 1
 21,  5 |  -6.4614058626906662e-04 |  -6.4614058626906662e-04 | 1
 21,  6 |  -1.1591785253298511e-03 |  -1.1591785253298511e-03 | 1
 21,  7 |  -1.0363558427052011e-05 |  -1.0363558427052011e-05 | 1
 21,  8 |  -6.1564614473510744e-04 |  -6.1564614473510744e-04 | 1
 21,  9 |  -1.8193016912621793e-04 |  -1.8193016912621793e-04 | 1
 21, 10 |   8.7974117921335096e-03 |   8.7974117921335096e-03 | 1
 21, 11 |   6.8385884227752049e-04 |   6.8385884227752049e-04 | 1
 21, 12 |  -1.2561178078828355e-03 |  -1.2561178078828355e-03 | 1
 21, 13 |  -1.9275795059309887e-03 |  -1.9275795059309887e-03 | 1
 21, 14 |  -3.9860281778755812e-04 |  -3.9860281778755812e-04 | 1
 21, 15 |   1.3791460692308237e-04 |   1.3791460692308237e-04 | 1
 21, 16 |   2.4027917593868027e-04 |   2.4027917593868027e-04 | 1
 21, 17 |   6.2561335070908213e-04 |   6.2561335070908213e-04 | 1
 21, 18 |  -2.9869276800447786e-04 |  -2.9869276800447786e-04 | 1
 21, 19 |   3.3875845748991094e-05 |   3.3875845748991094e-05 | 1
 21, 20 |  -2.1534846448848779e-04 |  -2.1534846448848779e-04 | 1
 21, 21 |   1.3703604550187785e-02 |   1.3703604550187785e-02 | 1
 21, 22 |   1.0958955530607472e-04 |   1.0958955530607472e-04 | 1
 21, 23 |   8.6003558158209421e-04 |   8.6003558158209421e-04 | 1
 21, 24 |   7.7832441105378557e-04 |   7.7832441105378557e-04 | 1
 21, 25 |   2.9005397685785103e-04 |   2.9005397685785103e-04 | 1
 21, 26 |   3.5152420458748382e-03 |   3.5152420458748382e-03 | 1
 21, 27 |   1.3307645790285668e-03 |   1.3307645790285668e-03 | 1
 21, 28 |   1.5785669235697687e-04 |   1.5785669235697687e-04 | 1
 21, 29 |   1.5559064235493773e-03 |   1.5559064235493773e-03 | 1
 21, 30 |   1.4039245687527510e-03 |   1.4039245687527510e-03 | 1
 22,  1 |   1.9419413697548083e-04 |   1.9419413697548083e-04 | 1
 22,  2 |   1.3569492831594837e-04 |   1.3569492831594837e-04 | 1
 22,  3 |   2.1273296493764377e-04 |   2.1273296493764377e-04 | 1
 22,  4 |   1.1035465376515487e-04 |   1.1035465376515487e-04 | 1
 22,  5 |   1.9624440421286515e-04 |   1.9624440421286515e-04 | 1
 22,  6 |   2.6360728810688070e-04 |   2.6360728810688070e-04 | 1
 22,  7 |   2.0217303582985806e-04 |   2.0217303582985806e-04 | 1
 22,  8 |   2.1545990678609102e-04 |   2.1545990678609102e-04 | 1
 22,  9 |   2.5306961195474932e-04 |   2.5306961195474932e-04 | 1
 22, 10 |  -9.7462842344202971e-05 |  -9.7462842344202971e-05 | 1
 22, 11 |   1.3357773200091215e-04 |   1.3357773200091215e-04 | 1
 22, 12 |   2.5193760132203051e-04 |   2.5193760132203051e-04 | 1
 22, 13 |   3.2050292524893152e-04 |   3.2050292524893152e-04 | 1
 22, 14 |   3.1258491941079216e-04 |   3.1258491941079216e-04 | 1
 22, 15 |   2.2681166057399968e-04 |   2.2681166057399968e-04 | 1
 22, 16 |   1.7947736497690221e-04 |   1.7947736497690221e-04 | 1
 22, 17 |   1.3246865853194637e-04 |   1.3246865853194637e-04 | 1
 22, 18 |   2.4012593443360183e-04 |   2.4012593443360183e-04 | 1
 22, 19 |   1.8544579123280943e-04 |   1.8544579123280943e-04 | 1
 22, 20 |   1.7790042327139432e-04 |   1.7790042327139432e-04 | 1
 22, 21 |   1.0958955530607472e-04 |   1.0958955530607472e-04 | 1
 22, 22 |   4.4529792232476089e-03 |   4.4529792232476089e-03 | 1
 22, 23 |   1.6177547050869580e-04 |   1.6177547050869580e-04 | 1
 22, 24 |   1.5322209797394488e-04 |   1.5322209797394488e-04 | 1
 22, 25 |   1.5730641646157347e-04 |   1.5730641646157347e-04 | 1
 22, 26 |   1.0764028350241159e-04 |   1.0764028350241159e-04 | 1
 22, 27 |   1.4515650365229182e-04 |   1.4515650365229182e-04 | 1
 22, 28 |   1.8465313246717954e-04 |   1.8465313246717954e-04 | 1
 22, 29 |   1.2877366931661190e-04 |   1.2877366931661190e-04 | 1
 22, 30 |   1.2444529026829588e-04 |   1.2444529026829588e-04 | 1
 23,  1 |   1.0593931691245577e-04 |   1.0593931691245577e-04 | 1
 23,  2 |   3.6694752958371733e-04 |   3.6694752958371733e-04 | 1
 23,  3 |   8.2613506131467321e-05 |   8.2613506131467321e-05 | 1
 23,  4 |   1.7989058878033394e-04 |   1.7989058878033394e-04 | 1
 23,  5 |  -4.4021679569911361e-05 |  -4.4021679569911361e-05 | 1
 23,  6 |  -1.4370310799113387e-04 |  -1.4370310799113387e-04 | 1
 23,  7 |   1.3952573024328765e-04 |   1.3952573024328765e-04 | 1
 23,  8 |  -2.2711037245077885e-05 |  -2.2711037245077885e-05 | 1
 23,  9 |   1.2734193673097442e-04 |   1.2734193673097442e-04 | 1
 23, 10 |   2.4313006136079925e-03 |   2.4313006136079925e-03 | 1
 23, 11 |   2.8672748315900637e-04 |   2.8672748315900637e-04 | 1
 23, 12 |  -1.7910366924093644e-04 |  -1.7910366924093644e-04 | 1
 23, 13 |  -3.1986196132392878e-04 |  -3.1986196132392878e-04 | 1
 23, 14 |   1.0687734965360509e-04 |   1.0687734965360509e-04 | 1
 23, 15 |   1.9812631975829812e-04 |   1.9812631975829812e-04 | 1
 23, 16 |   1.9513553028574233e-04 |   1.9513553028574233e-04 | 1
 23, 17 |   2.7235004928335109e-04 |   2.7235004928335109e-04 | 1
 23, 18 |   8.6992857806300530e-05 |   8.6992857806300530e-05 | 1
 23, 19 |   1.4185650562726604e-04 |   1.4185650562726604e-04 | 1
 23, 20 |   6.6101799760578261e-05 |   6.6101799760578261e-05 | 1
 23, 21 |   8.6003558158209421e-04 |   8.6003558158209421e-04 | 1
 23, 22 |   1.6177547050869580e-04 |   1.6177547050869580e-04 | 1
 23, 23 |   1.2622158530500637e-03 |   1.2622158530500637e-03 | 1
 23, 24 |   3.2881991001841294e-04 |   3.2881991001841294e-04 | 1
 23, 25 |   1.9400964724364757e-04 |   1.9400964724364757e-04 | 1
 23, 26 |   1.0731829553639449e-03 |   1.0731829553639449e-03 | 1
 23, 27 |   4.7978923174776757e-04 |   4.7978923174776757e-04 | 1
 23, 28 |   1.7584796231648033e-04 |   1.7584796231648033e-04 | 1
 23, 29 |   5.3407767620440843e-04 |   5.3407767620440843e-04 | 1
 23, 30 |   4.8601901078063037e-04 |   4.8601901078063037e-04 | 1
 24,  1 |   1.0755344927973736e-04 |   1.0755344927973736e-04 | 1
 24,  2 |   3.3780825642780172e-04 |   3.3780825642780172e-04 | 1
 24,  3 |   8.7684870307032438e-05 |   8.7684870307032438e-05 | 1
 24,  4 |   1.6750440586938168e-04 |   1.6750440586938168e-04 | 1
 24,  5 |  -2.8267641403702976e-05 |  -2.8267641403702976e-05 | 1
 24,  6 |  -1.0917869415556142e-04 |  -1.0917869415556142e-04 | 1
 24,  7 |   1.3726145321675299e-04 |   1.3726145321675299e-04 | 1
 24,  8 |  -3.6358170652954421e-06 |  -3.6358170652954421e-06 | 1
 24,  9 |   1.3208356138858827e-04 |   1.3208356138858827e-04 | 1
 24, 10 |   2.1696216401960568e-03 |   2.1696216401960568e-03 | 1
 24, 11 |   2.6968624856446946e-04 |   2.6968624856446946e-04 | 1
 24, 12 |  -1.4188976102809788e-04 |  -1.4188976102809788e-04 | 1
 24, 13 |  -2.6588030019655774e-04 |  -2.6588030019655774e-04 | 1
 24, 14 |   1.2038812276347991e-04 |   1.2038812276347991e-04 | 1
 24, 15 |   1.9395874826269176e-04 |   1.9395874826269176e-04 | 1
 24, 16 |   1.8754260429647317e-04 |   1.8754260429647317e-04 | 1
 24, 17 |   2.5335888149415260e-04 |   2.5335888149415260e-04 | 1
 24, 18 |   9.1494557888417594e-05 |   9.1494557888417594e-05 | 1
 24, 19 |   1.3701066436816215e-04 |   1.3701066436816215e-04 | 1
 24, 20 |   7.1371621393876789e-05 |   7.1371621393876789e-05 | 1
 24, 21 |   7.7832441105378557e-04 |   7.7832441105378557e-04 | 1
 24, 22 |   1.5322209797394488e-04 |   1.5322209797394488e-04 | 1
 24, 23 |   3.2881991001841294e-04 |   3.2881991001841294e-04 | 1
 24, 24 |   3.2554665367930304e-03 |   3.2554665367930304e-03 | 1
 24, 25 |   1.8601879424044553e-04 |   1.8601879424044553e-04 | 1
 24, 26 |   9.7292472462004605e-04 |   9.7292472462004605e-04 | 1
 24, 27 |   4.4216908505350429e-04 |   4.4216908505350429e-04 | 1
 24, 28 |   1.7257208717535831e-04 |   1.7257208717535831e-04 | 1
 24, 29 |   4.9033915781703300e-04 |   4.9033915781703300e-04 | 1
 24, 30 |   4.4849255799022156e-04 |   4.4849255799022156e-04 | 1
 25,  1 |   1.5279991387835842e-04 |   1.5279991387835842e-04 | 1
 25,  2 |   1.8054381069489633e-04 |   1.8054381069489633e-04 | 1
 25,  3 |   1.5823696030295515e-04 |   1.5823696030295515e-04 | 1
 25,  4 |   1.1242016516032617e-04 |   1.1242016516032617e-04 | 1
 25,  5 |   1.1419226004894177e-04 |   1.1419226004894177e-04 | 1
 25,  6 |   1.3816492127780085e-04 |   1.3816492127780085e-04 | 1
 25,  7 |   1.6372246769455956e-04 |   1.6372246769455956e-04 | 1
 25,  8 |   1.3669981277755836e-04 |   1.3669981277755836e-04 | 1
 25,  9 |   1.9645985803795857e-04 |   1.9645985803795857e-04 | 1
 25, 10 |   5.5247117288663124e-04 |   5.5247117288663124e-04 | 1
 25, 11 |   1.5972216336980518e-04 |   1.5972216336980518e-04 | 1
 25, 12 |   1.1812180652992042e-04 |   1.1812180652992042e-04 | 1
 25, 13 |   1.2731654878492705e-04 |   1.2731654878492705e-04 | 1
 25, 14 |   2.3366075098942013e-04 |   2.3366075098942013e-04 | 1
 25, 15 |   1.9508478592947703e-04 |   1.9508478592947703e-04 | 1
 25, 16 |   1.6740985356335637e-04 |   1.6740985356335637e-04 | 1
 25, 17 |   1.5879790436346066e-04 |   1.5879790436346066e-04 | 1
 25, 18 |   1.7816004877522021e-04 |   1.7816004877522021e-04 | 1
 25, 19 |   1.5757438911427168e-04 |   1.5757438911427168e-04 | 1
 25, 20 |   1.3462806304069316e-04 |   1.3462806304069316e-04 | 1
 25, 21 |   2.9005397685785103e-04 |   2.9005397685785103e-04 | 1
 25, 22 |   1.5730641646157347e-04 |   1.5730641646157347e-04 | 1
 25, 23 |   1.9400964724364757e-04 |   1.9400964724364757e-04 | 1
 25, 24 |   1.8601879424044553e-04 |   1.8601879424044553e-04 | 1
 25, 25 |   6.0515031531292946e-03 |   6.0515031531292946e-03 | 1
 25, 26 |   3.4423301791731704e-04 |   3.4423301791731704e-04 | 1
 25, 27 |   2.1985910797748544e-04 |   2.1985910797748544e-04 | 1
 25, 28 |   1.6687875986606620e-04 |   1.6687875986606620e-04 | 1
 25, 29 |   2.2363790176326354e-04 |   2.2363790176326354e-04 | 1
 25, 30 |   2.0633065523211245e-04 |   2.0633065523211245e-04 | 1
 26,  1 |  -1.8164056141180995e-04 |  -1.8164056141180995e-04 | 1
 26,  2 |   1.2017978899382296e-03 |   1.2017978899382296e-03 | 1
 26,  3 |  -3.5228607626195665e-04 |  -3.5228607626195665e-04 | 1
 26,  4 |   4.4434038929895130e-04 |   4.4434038929895130e-04 | 1
 26,  5 |  -8.7192112198933736e-04 |  -8.7192112198933736e-04 | 1
 26,  6 |  -1.5548868973115147e-03 |  -1.5548868973115147e-03 | 1
 26,  7 |  -5.3611834031522406e-05 |  -5.3611834031522406e-05 | 1
 26,  8 |  -8.3982371913237448e-04 |  -8.3982371913237448e-04 | 1
 26,  9 |  -2.8383148117798592e-04 |  -2.8383148117798592e-04 | 1
 26, 10 |   1.1356462980829863e-02 |   1.1356462980829863e-02 | 1
 26, 11 |   8.5703451210946270e-04 |   8.5703451210946270e-04 | 1
 26, 12 |  -1.6710437267242603e-03 |  -1.6710437267242603e-03 | 1
 26, 13 |  -2.5447598845143695e-03 |  -2.5447598845143695e-03 | 1
 26, 14 |  -5.7827939546528997e-04 |  -5.7827939546528997e-04 | 1
 26, 15 |   1.3468029087277035e-04 |   1.3468029087277035e-04 | 1
 26, 16 |   2.7158330561971480e-04 |   2.7158330561971480e-04 | 1
 26, 17 |   7.7907284705264982e-04 |   7.7907284705264982e-04 | 1
 26, 18 |  -4.2980858179316085e-04 |  -4.2980858179316085e-04 | 1
 26, 19 |   2.8128581560924376e-06 |   2.8128581560924376e-06 | 1
 26, 20 |  -3.1749060785878558e-04 |  -3.1749060785878558e-04 | 1
 26, 21 |   3.5152420458748382e-03 |   3.5152420458748382e-03 | 1
 26, 22 |   1.0764028350241159e-04 |   1.0764028350241159e-04 | 1
 26, 23 |   1.0731829553639449e-03 |   1.0731829553639449e-03 | 1
 26, 24 |   9.7292472462004605e-04 |   9.7292472462004605e-04 | 1
 26, 25 |   3.4423301791731704e-04 |   3.4423301791731704e-04 | 1
 26, 26 |   1.9657742202795033e-02 |   1.9657742202795033e-02 | 1
 26, 27 |   1.6843136827102614e-03 |   1.6843136827102614e-03 | 1
 26, 28 |   1.6811000075364141e-04 |   1.6811000075364141e-04 | 1
 26, 29 |   1.9826014460331042e-03 |   1.9826014460331042e-03 | 1
 26, 30 |   1.7874298156635464e-03 |   1.7874298156635464e-03 | 1
 27,  1 |   5.0560392759468039e-05 |   5.0560392759468039e-05 | 1
 27,  2 |   5.1289957550473028e-04 |   5.1289957550473028e-04 | 1
 27,  3 |   6.4369791506483490e-07 |   6.4369791506483490e-07 | 1
 27,  4 |   2.2083507919031388e-04 |   2.2083507919031388e-04 | 1
 27,  5 |  -1.9930237371896126e-04 |  -1.9930237371896126e-04 | 1
 27,  6 |  -4.0137131711980072e-04 |  -4.0137131711980072e-04 | 1
 27,  7 |   9.8676235609708259e-05 |   9.8676235609708259e-05 | 1
 27,  8 |  -1.7171773200729359e-04 |  -1.7171773200729359e-04 | 1
 27,  9 |   4.7830952272616604e-05 |   4.7830952272616604e-05 | 1
 27, 10 |   4.0292696507958706e-03 |   4.0292696507958706e-03 | 1
 27, 11 |   3.8801591132211241e-04 |   3.8801591132211241e-04 | 1
 27, 12 |  -4.5090338750087167e-04 |  -4.5090338750087167e-04 | 1
 27, 13 |  -7.2375947497806473e-04 |  -7.2375947497806473e-04 | 1
 27, 14 |  -2.1546913618496076e-05 |  -2.1546913618496076e-05 | 1
 27, 15 |   1.8284110276310233e-04 |   1.8284110276310233e-04 | 1
 27, 16 |   2.0581443816061209e-04 |   2.0581443816061209e-04 | 1
 27, 17 |   3.6098037698590333e-04 |   3.6098037698590333e-04 | 1
 27, 18 |  -1.0376150121342942e-05 |  -1.0376150121342942e-05 | 1
 27, 19 |   1.1284844112053143e-04 |   1.1284844112053143e-04 | 1
 27, 20 |  -8.4437868883989434e-06 |  -8.4437868883989434e-06 | 1
 27, 21 |   1.3307645790285668e-03 |   1.3307645790285668e-03 | 1
 27, 22 |   1.4515650365229182e-04 |   1.4515650365229182e-04 | 1
 27, 23 |   4.7978923174776757e-04 |   4.7978923174776757e-04 | 1
 27, 24 |   4.4216908505350429e-04 |   4.4216908505350429e-04 | 1
 27, 25 |   2.1985910797748544e-04 |   2.1985910797748544e-04 | 1
 27, 26 |   1.6843136827102614e-03 |   1.6843136827102614e-03 | 1
 27, 27 |   2.7241879335584015e-03 |   2.7241879335584015e-03 | 1
 27, 28 |   1.7156100935127364e-04 |   1.7156100935127364e-04 | 1
 27, 29 |   7.9148582709869311e-04 |   7.9148582709869311e-04 | 1
 27, 30 |   7.1700925901358175e-04 |   7.1700925901358175e-04 | 1
 28,  1 |   1.9533160615103971e-04 |   1.9533160615103971e-04 | 1
 28,  2 |   1.5272603876412266e-04 |   1.5272603876412266e-04 | 1
 28,  3 |   2.1154983976263045e-04 |   2.1154983976263045e-04 | 1
 28,  4 |   1.1457760582631735e-04 |   1.1457760582631735e-04 | 1
 28,  5 |   1.8776283611709302e-04 |   1.8776283611709302e-04 | 1
 28,  6 |   2.5299352740535059e-04 |   2.5299352740535059e-04 | 1
 28,  7 |   2.0315755749217681e-04 |   2.0315755749217681e-04 | 1
 28,  8 |   2.1190014756048987e-04 |   2.1190014756048987e-04 | 1
 28,  9 |   2.5502729300708822e-04 |   2.5502729300708822e-04 | 1
 28, 10 |   4.0358024284963847e-05 |   4.0358024284963847e-05 | 1
 28, 11 |   1.4775182988720551e-04 |   1.4775182988720551e-04 | 1
 28, 12 |   2.3742630479873828e-04 |   2.3742630479873828e-04 | 1
 28, 13 |   2.9507600202173924e-04 |   2.9507600202173924e-04 | 1
 28, 14 |   3.1436796839915396e-04 |   3.1436796839915396e-04 | 1
 28, 15 |   2.3105595323069542e-04 |   2.3105595323069542e-04 | 1
 28, 16 |   1.8801377518655867e-04 |   1.8801377518655867e-04 | 1
 28, 17 |   1.4659051435251722e-04 |   1.4659051435251722e-04 | 1
 28, 18 |   2.3854599611736953e-04 |   2.3854599611736953e-04 | 1
 28, 19 |   1.8921755147896367e-04 |   1.8921755147896367e-04 | 1
 28, 20 |   1.8040863475618515e-04 |   1.8040863475618515e-04 | 1
 28, 21 |   1.5785669235697687e-04 |   1.5785669235697687e-04 | 1
 28, 22 |   1.8465313246717954e-04 |   1.8465313246717954e-04 | 1
 28, 23 |   1.7584796231648033e-04 |   1.7584796231648033e-04 | 1
 28, 24 |   1.7257208717535831e-04 |   1.7257208717535831e-04 | 1
 28, 25 |   1.6687875986606620e-04 |   1.6687875986606620e-04 | 1
 28, 26 |   1.6811000075364141e-04 |   1.6811000075364141e-04 | 1
 28, 27 |   1.7156100935127364e-04 |   1.7156100935127364e-04 | 1
 28, 28 |   2.4780623456931898e-03 |   2.4780623456931898e-03 | 1
 28, 29 |   1.5905590586899300e-04 |   1.5905590586899300e-04 | 1
 28, 30 |   1.5147697684710521e-04 |   1.5147697684710521e-04 | 1
 29,  1 |   1.3427641624346316e-05 |   1.3427641624346316e-05 | 1
 29,  2 |   5.7685237223229077e-04 |   5.7685237223229077e-04 | 1
 29,  3 |  -5.1991502843957259e-05 |  -5.1991502843957259e-05 | 1
 29,  4 |   2.4138960428466251e-04 |   2.4138960428466251e-04 | 1
 29,  5 |  -2.8247122170947962e-04 |  -2.8247122170947962e-04 | 1
 29,  6 |  -5.4447374842214833e-04 |  -5.4447374842214833e-04 | 1
 29,  7 |   6.9683036458203146e-05 |   6.9683036458203146e-05 | 1
 29,  8 |  -2.5818227431929138e-04 |  -2.5818227431929138e-04 | 1
 29,  9 |  -3.9583226764162671e-06 |  -3.9583226764162671e-06 | 1
 29, 10 |   4.8265664809648834e-03 |   4.8265664809648834e-03 | 1
 29, 11 |   4.2880756295133427e-04 |   4.2880756295133427e-04 | 1
 29, 12 |  -5.9752144493109820e-04 |  -5.9752144493109820e-04 | 1
 29, 13 |  -9.3975035102836766e-04 |  -9.3975035102836766e-04 | 1
 29, 14 |  -1.0043358086794284e-04 |  -1.0043358086794284e-04 | 1
 29, 15 |   1.6257834596544629e-04 |   1.6257834596544629e-04 | 1
 29, 16 |   2.0171029621111390e-04 |   2.0171029621111390e-04 | 1
 29, 17 |   3.9767341698616015e-04 |   3.9767341698616015e-04 | 1
 29, 18 |  -7.1043265215241984e-05 |  -7.1043265215241984e-05 | 1
 29, 19 |   8.7235548969167177e-05 |   8.7235548969167177e-05 | 1
 29, 20 |  -5.1672687937614293e-05 |  -5.1672687937614293e-05 | 1
 29, 21 |   1.5559064235493773e-03 |   1.5559064235493773e-03 | 1
 29, 22 |   1.2877366931661190e-04 |   1.2877366931661190e-04 | 1
 29, 23 |   5.3407767620440843e-04 |   5.3407767620440843e-04 | 1
 29, 24 |   4.9033915781703300e-04 |   4.9033915781703300e-04 | 1
 29, 25 |   2.2363790176326354e-04 |   2.2363790176326354e-04 | 1
 29, 26 |   1.9826014460331042e-03 |   1.9826014460331042e-03 | 1
 29, 27 |   7.9148582709869311e-04 |   7.9148582709869311e-04 | 1
 29, 28 |   1.5905590586899300e-04 |   1.5905590586899300e-04 | 1
 29, 29 |   3.3156176280048745e-03 |   3.3156176280048745e-03 | 1
 29, 30 |   8.2237739952405599e-04 |   8.2237739952405599e-04 | 1
 30,  1 |   1.8758455494420806e-05 |   1.8758455494420806e-05 | 1
 30,  2 |   5.2522957446253299e-04 |   5.2522957446253299e-04 | 1
 30,  3 |  -3.8743328424957157e-05 |  -3.8743328424957157e-05 | 1
 30,  4 |   2.2166155928088897e-04 |   2.2166155928088897e-04 | 1
 30,  5 |  -2.4745592264596890e-04 |  -2.4745592264596890e-04 | 1
 30,  6 |  -4.7894240092888622e-04 |  -4.7894240092888622e-04 | 1
 30,  7 |   7.0416452884611077e-05 |   7.0416452884611077e-05 | 1
 30,  8 |  -2.2349512686623357e-04 |  -2.2349512686623357e-04 | 1
 30,  9 |   6.1179608252785538e-06 |   6.1179608252785538e-06 | 1
 30, 10 |   4.3331283578702789e-03 |   4.3331283578702789e-03 | 1
 30, 11 |   3.9154810042800394e-04 |   3.9154810042800394e-04 | 1
 30, 12 |  -5.2520550238711232e-04 |  -5.2520550238711232e-04 | 1
 30, 13 |  -8.3354537349152025e-04 |  -8.3354537349152025e-04 | 1
 30, 14 |  -7.9639262268202735e-05 |  -7.9639262268202735e-05 | 1
 30, 15 |   1.5472088509410861e-04 |   1.5472088509410861e-04 | 1
 30, 16 |   1.8912167188000958e-04 |   1.8912167188000958e-04 | 1
 30, 17 |   3.6171774038838657e-04 |   3.6171774038838657e-04 | 1
 30, 18 |  -5.4571075966574370e-05 |  -5.4571075966574370e-05 | 1
 30, 19 |   8.4836008636947235e-05 |   8.4836008636947235e-05 | 1
 30, 20 |  -3.9566154860303949e-05 |  -3.9566154860303949e-05 | 1
 30, 21 |   1.4039245687527510e-03 |   1.4039245687527510e-03 | 1
 30, 22 |   1.2444529026829588e-04 |   1.2444529026829588e-04 | 1
 30, 23 |   4.8601901078063037e-04 |   4.8601901078063037e-04 | 1
 30, 24 |   4.4849255799022156e-04 |   4.4849255799022156e-04 | 1
 30, 25 |   2.0633065523211245e-04 |   2.0633065523211245e-04 | 1
 30, 26 |   1.7874298156635464e-03 |   1.7874298156635464e-03 | 1
 30, 27 |   7.1700925901358175e-04 |   7.1700925901358175e-04 | 1
 30, 28 |   1.5147697684710521e-04 |   1.5147697684710521e-04 | 1
 30, 29 |   8.2237739952405599e-04 |   8.2237739952405599e-04 | 1
 30, 30 |   5.6874584844577580e-03 |   5.6874584844577580e-03 | 1
