row,col | V_base                   | V_new                    | equal
  1,  1 |   1.4832143437914851e-03 |   1.4832143437914851e-03 | 1
  1,  2 |  -5.6729322750839594e-03 |  -5.6729322750839594e-03 | 1
  1,  3 |   1.0074866012618623e-03 |   1.0074866012618623e-03 | 1
  1,  4 |   4.3714947391343081e-04 |   4.3714947391343081e-04 | 1
  1,  5 |   6.6007337237693031e-02 |   6.6007337237693031e-02 | 1
  1,  6 |  -2.9096873454570406e-04 |  -2.9096873454570406e-04 | 1
  2,  1 |  -5.6729322750839594e-03 |  -5.6729322750839594e-03 | 1
  2,  2 |   1.4988588491326776e-01 |   1.4988588491326776e-01 | 1
  2,  3 |  -2.2548205049964021e-02 |  -2.2548205049964021e-02 | 1
  2,  4 |  -3.1731037099171954e-03 |  -3.1731037099171954e-03 | 1
  2,  5 |  -1.7169939817120583e+00 |  -1.7169939817120583e+00 | 1
  2,  6 |   4.4609480495491540e-03 |   4.4609480495491540e-03 | 1
  3,  1 |   1.0074866012618623e-03 |   1.0074866012618623e-03 | 1
  3,  2 |  -2.2548205049964021e-02 |  -2.2548205049964021e-02 | 1
  3,  3 |   1.3325503651490440e-02 |   1.3325503651490440e-02 | 1
  3,  4 |  -1.3355085957211152e-03 |  -1.3355085957211152e-03 | 1
  3,  5 |   2.9133495662594389e-01 |   2.9133495662594389e-01 | 1
  3,  6 |  -1.0772954764301458e-03 |  -1.0772954764301458e-03 | 1
  4,  1 |   4.3714947391343081e-04 |   4.3714947391343081e-04 | 1
  4,  2 |  -3.1731037099171954e-03 |  -3.1731037099171954e-03 | 1
  4,  3 |  -1.3355085957211152e-03 |  -1.3355085957211152e-03 | 1
  4,  4 |   3.3330043394318928e-03 |   3.3330043394318928e-03 | 1
  4,  5 |   1.0951326378347287e-01 |   1.0951326378347287e-01 | 1
  4,  6 |   3.5885058044851518e-05 |   3.5885058044851518e-05 | 1
  5,  1 |   6.6007337237693031e-02 |   6.6007337237693031e-02 | 1
  5,  2 |  -1.7169939817120583e+00 |  -1.7169939817120583e+00 | 1
  5,  3 |   2.9133495662594389e-01 |   2.9133495662594389e-01 | 1
  5,  4 |   1.0951326378347287e-01 |   1.0951326378347287e-01 | 1
  5,  5 |   3.4865594062667789e+01 |   3.4865594062667789e+01 | 1
  5,  6 |  -9.6719928544788614e-02 |  -9.6719928544788614e-02 | 1
  6,  1 |  -2.9096873454570406e-04 |  -2.9096873454570406e-04 | 1
  6,  2 |   4.4609480495491540e-03 |   4.4609480495491540e-03 | 1
  6,  3 |  -1.0772954764301458e-03 |  -1.0772954764301458e-03 | 1
  6,  4 |   3.5885058044851518e-05 |   3.5885058044851518e-05 | 1
  6,  5 |  -9.6719928544788614e-02 |  -9.6719928544788614e-02 | 1
  6,  6 |   1.7112489415559992e-03 |   1.7112489415559992e-03 | 1
