row,col | V_base                   | V_new                    | equal
  1,  1 |   1.4772042026024923e-03 |   1.4772042026024923e-03 | 1
  1,  2 |   1.8456337553825629e-03 |   1.8456337553825629e-03 | 1
  1,  3 |  -1.2227018306359164e-04 |  -1.2227018306359164e-04 | 1
  1,  4 |   4.3568482354933479e-03 |   4.3568482354933479e-03 | 1
  1,  5 |   9.0557852215750146e-04 |   9.0557852215750146e-04 | 1
  1,  6 |   2.7192658605498161e-03 |   2.7192658605498161e-03 | 1
  1,  7 |   4.3618008878018962e-04 |   4.3618008878018962e-04 | 1
  1,  8 |  -1.5506832596235386e-04 |  -1.5506832596235386e-04 | 1
  1,  9 |  -1.4707185318624935e-03 |  -1.4707185318624935e-03 | 1
  1, 10 |   4.0685150269907542e-03 |   4.0685150269907542e-03 | 1
  1, 11 |  -2.3253509655653823e-04 |  -2.3253509655653823e-04 | 1
  1, 12 |  -2.1661431071991021e-04 |  -2.1661431071991021e-04 | 1
  1, 13 |   3.9120346382120162e-05 |   3.9120346382120162e-05 | 1
  1, 14 |   1.6814668001805134e-03 |   1.6814668001805134e-03 | 1
  1, 15 |   4.0197570165128845e-04 |   4.0197570165128845e-04 | 1
  2,  1 |   1.8456337553825629e-03 |   1.8456337553825629e-03 | 1
  2,  2 |   1.0378675105978724e-02 |   1.0378675105978724e-02 | 1
  2,  3 |  -2.6812576842891113e-04 |  -2.6812576842891113e-04 | 1
  2,  4 |   6.0321952459975823e-03 |   6.0321952459975823e-03 | 1
  2,  5 |   7.2604658136451849e-03 |   7.2604658136451849e-03 | 1
  2,  6 |   9.8352536368290014e-03 |   9.8352536368290014e-03 | 1
  2,  7 |   2.1473767679417938e-03 |   2.1473767679417938e-03 | 1
  2,  8 |  -2.0699083416772109e-03 |  -2.0699083416772109e-03 | 1
  2,  9 |  -5.7794578432908894e-03 |  -5.7794578432908894e-03 | 1
  2, 10 |   3.1387074069469459e-02 |   3.1387074069469459e-02 | 1
  2, 11 |  -9.3516313600929240e-04 |  -9.3516313600929240e-04 | 1
  2, 12 |  -1.4607387298144359e-03 |  -1.4607387298144359e-03 | 1
  2, 13 |   2.3025652510826666e-04 |   2.3025652510826666e-04 | 1
  2, 14 |   3.5570135439753044e-03 |   3.5570135439753044e-03 | 1
  2, 15 |   1.4126272976090051e-02 |   1.4126272976090051e-02 | 1
  3,  1 |  -1.2227018306359164e-04 |  -1.2227018306359164e-04 | 1
  3,  2 |  -2.6812576842891113e-04 |  -2.6812576842891113e-04 | 1
  3,  3 |   2.4516701446029068e-04 |   2.4516701446029068e-04 | 1
  3,  4 |  -3.0459259798300102e-04 |  -3.0459259798300102e-04 | 1
  3,  5 |  -3.1666274908356948e-04 |  -3.1666274908356948e-04 | 1
  3,  6 |  -3.9142862652453145e-04 |  -3.9142862652453145e-04 | 1
  3,  7 |   7.7551529708144837e-05 |   7.7551529708144837e-05 | 1
  3,  8 |  -5.1224779547774798e-05 |  -5.1224779547774798e-05 | 1
  3,  9 |   1.3377430605088345e-03 |   1.3377430605088345e-03 | 1
  3, 10 |  -9.1897331369448652e-04 |  -9.1897331369448652e-04 | 1
  3, 11 |  -7.5810582236310428e-05 |  -7.5810582236310428e-05 | 1
  3, 12 |  -7.1316535641206675e-05 |  -7.1316535641206675e-05 | 1
  3, 13 |  -7.4404854529995214e-05 |  -7.4404854529995214e-05 | 1
  3, 14 |  -2.2958195286189732e-04 |  -2.2958195286189732e-04 | 1
  3, 15 |   4.6126015913237157e-04 |   4.6126015913237157e-04 | 1
  4,  1 |   4.3568482354933479e-03 |   4.3568482354933479e-03 | 1
  4,  2 |   6.0321952459975823e-03 |   6.0321952459975823e-03 | 1
  4,  3 |  -3.0459259798300102e-04 |  -3.0459259798300102e-04 | 1
  4,  4 |   8.4063707006296493e-02 |   8.4063707006296493e-02 | 1
  4,  5 |  -4.3217312437932795e-03 |  -4.3217312437932795e-03 | 1
  4,  6 |   9.2382543380003512e-03 |   9.2382543380003512e-03 | 1
  4,  7 |   8.8701631943941808e-04 |   8.8701631943941808e-04 | 1
  4,  8 |  -1.1057083897047127e-03 |  -1.1057083897047127e-03 | 1
  4,  9 |  -3.5492558117931469e-03 |  -3.5492558117931469e-03 | 1
  4, 10 |   1.0704192312088632e-02 |   1.0704192312088632e-02 | 1
  4, 11 |  -1.0336948620836836e-04 |  -1.0336948620836836e-04 | 1
  4, 12 |   5.3403185238794291e-04 |   5.3403185238794291e-04 | 1
  4, 13 |  -3.4770474309190263e-04 |  -3.4770474309190263e-04 | 1
  4, 14 |   3.6109060699813776e-03 |   3.6109060699813776e-03 | 1
  4, 15 |   2.4517117369976015e-03 |   2.4517117369976015e-03 | 1
  5,  1 |   9.0557852215750146e-04 |   9.0557852215750146e-04 | 1
  5,  2 |   7.2604658136451849e-03 |   7.2604658136451849e-03 | 1
  5,  3 |  -3.1666274908356948e-04 |  -3.1666274908356948e-04 | 1
  5,  4 |  -4.3217312437932795e-03 |  -4.3217312437932795e-03 | 1
  5,  5 |   1.0554735373213654e-02 |   1.0554735373213654e-02 | 1
  5,  6 |   1.1200212919264528e-02 |   1.1200212919264528e-02 | 1
  5,  7 |   6.0124153750430536e-04 |   6.0124153750430536e-04 | 1
  5,  8 |  -1.7157574729281017e-03 |  -1.7157574729281017e-03 | 1
  5,  9 |  -4.1509712816491656e-03 |  -4.1509712816491656e-03 | 1
  5, 10 |   2.7032759791027046e-02 |   2.7032759791027046e-02 | 1
  5, 11 |  -7.5995332810622064e-04 |  -7.5995332810622064e-04 | 1
  5, 12 |  -1.2527495984364324e-03 |  -1.2527495984364324e-03 | 1
  5, 13 |   4.3766788737529492e-04 |   4.3766788737529492e-04 | 1
  5, 14 |   2.6581314731776613e-03 |   2.6581314731776613e-03 | 1
  5, 15 |   1.2725260234897503e-02 |   1.2725260234897503e-02 | 1
  6,  1 |   2.7192658605498161e-03 |   2.7192658605498161e-03 | 1
  6,  2 |   9.8352536368290014e-03 |   9.8352536368290014e-03 | 1
  6,  3 |  -3.9142862652453145e-04 |  -3.9142862652453145e-04 | 1
  6,  4 |   9.2382543380003512e-03 |   9.2382543380003512e-03 | 1
  6,  5 |   1.1200212919264528e-02 |   1.1200212919264528e-02 | 1
  6,  6 |   2.4707380364458621e-02 |   2.4707380364458621e-02 | 1
  6,  7 |   1.2405532738615512e-03 |   1.2405532738615512e-03 | 1
  6,  8 |  -1.2543610994564336e-03 |  -1.2543610994564336e-03 | 1
  6,  9 |  -6.1598199049588739e-03 |  -6.1598199049588739e-03 | 1
  6, 10 |   3.2468624339845972e-02 |   3.2468624339845972e-02 | 1
  6, 11 |  -1.1626727930797477e-03 |  -1.1626727930797477e-03 | 1
  6, 12 |  -1.4361831313573802e-03 |  -1.4361831313573802e-03 | 1
  6, 13 |   2.5343482877544722e-04 |   2.5343482877544722e-04 | 1
  6, 14 |   4.7638887801211066e-03 |   4.7638887801211066e-03 | 1
  6, 15 |   1.3390870676242454e-02 |   1.3390870676242454e-02 | 1
  7,  1 |   4.3618008878018962e-04 |   4.3618008878018962e-04 | 1
  7,  2 |   2.1473767679417938e-03 |   2.1473767679417938e-03 | 1
  7,  3 |   7.7551529708144837e-05 |   7.7551529708144837e-05 | 1
  7,  4 |   8.8701631943941808e-04 |   8.8701631943941808e-04 | 1
  7,  5 |   6.0124153750430536e-04 |   6.0124153750430536e-04 | 1
  7,  6 |   1.2405532738615512e-03 |   1.2405532738615512e-03 | 1
  7,  7 |   4.1901697091529990e-03 |   4.1901697091529990e-03 | 1
  7,  8 |  -6.8378526630061037e-04 |  -6.8378526630061037e-04 | 1
  7,  9 |   1.7060557699361328e-03 |   1.7060557699361328e-03 | 1
  7, 10 |   3.2819475655560468e-03 |   3.2819475655560468e-03 | 1
  7, 11 |  -3.6630062855269092e-05 |  -3.6630062855269092e-05 | 1
  7, 12 |  -2.8165643604537670e-04 |  -2.8165643604537670e-04 | 1
  7, 13 |   8.6985939383630543e-05 |   8.6985939383630543e-05 | 1
  7, 14 |   1.4054113729034200e-03 |   1.4054113729034200e-03 | 1
  7, 15 |   2.4339240395015683e-03 |   2.4339240395015683e-03 | 1
  8,  1 |  -1.5506832596235386e-04 |  -1.5506832596235386e-04 | 1
  8,  2 |  -2.0699083416772109e-03 |  -2.0699083416772109e-03 | 1
  8,  3 |  -5.1224779547774798e-05 |  -5.1224779547774798e-05 | 1
  8,  4 |  -1.1057083897047127e-03 |  -1.1057083897047127e-03 | 1
  8,  5 |  -1.7157574729281017e-03 |  -1.7157574729281017e-03 | 1
  8,  6 |  -1.2543610994564336e-03 |  -1.2543610994564336e-03 | 1
  8,  7 |  -6.8378526630061037e-04 |  -6.8378526630061037e-04 | 1
  8,  8 |   7.8476934582603702e-04 |   7.8476934582603702e-04 | 1
  8,  9 |  -5.7331714553302050e-05 |  -5.7331714553302050e-05 | 1
  8, 10 |  -6.5177876101688908e-03 |  -6.5177876101688908e-03 | 1
  8, 11 |   1.5442089417010493e-04 |   1.5442089417010493e-04 | 1
  8, 12 |   2.9774413736412307e-04 |   2.9774413736412307e-04 | 1
  8, 13 |  -8.8867480671138676e-05 |  -8.8867480671138676e-05 | 1
  8, 14 |  -6.4753795260074059e-04 |  -6.4753795260074059e-04 | 1
  8, 15 |  -3.7717692411590410e-03 |  -3.7717692411590410e-03 | 1
  9,  1 |  -1.4707185318624935e-03 |  -1.4707185318624935e-03 | 1
  9,  2 |  -5.7794578432908894e-03 |  -5.7794578432908894e-03 | 1
  9,  3 |   1.3377430605088345e-03 |   1.3377430605088345e-03 | 1
  9,  4 |  -3.5492558117931469e-03 |  -3.5492558117931469e-03 | 1
  9,  5 |  -4.1509712816491656e-03 |  -4.1509712816491656e-03 | 1
  9,  6 |  -6.1598199049588739e-03 |  -6.1598199049588739e-03 | 1
  9,  7 |   1.7060557699361328e-03 |   1.7060557699361328e-03 | 1
  9,  8 |  -5.7331714553302050e-05 |  -5.7331714553302050e-05 | 1
  9,  9 |   2.1455208604149404e-02 |   2.1455208604149404e-02 | 1
  9, 10 |  -3.3223471283585590e-02 |  -3.3223471283585590e-02 | 1
  9, 11 |   6.5577660300730008e-04 |   6.5577660300730008e-04 | 1
  9, 12 |   7.7451357960371984e-04 |   7.7451357960371984e-04 | 1
  9, 13 |  -4.5419338210027469e-05 |  -4.5419338210027469e-05 | 1
  9, 14 |  -2.2049499559347830e-03 |  -2.2049499559347830e-03 | 1
  9, 15 |  -3.5880279691284829e-03 |  -3.5880279691284829e-03 | 1
 10,  1 |   4.0685150269907542e-03 |   4.0685150269907542e-03 | 1
 10,  2 |   3.1387074069469459e-02 |   3.1387074069469459e-02 | 1
 10,  3 |  -9.1897331369448652e-04 |  -9.1897331369448652e-04 | 1
 10,  4 |   1.0704192312088632e-02 |   1.0704192312088632e-02 | 1
 10,  5 |   2.7032759791027046e-02 |   2.7032759791027046e-02 | 1
 10,  6 |   3.2468624339845972e-02 |   3.2468624339845972e-02 | 1
 10,  7 |   3.2819475655560468e-03 |   3.2819475655560468e-03 | 1
 10,  8 |  -6.5177876101688908e-03 |  -6.5177876101688908e-03 | 1
 10,  9 |  -3.3223471283585590e-02 |  -3.3223471283585590e-02 | 1
 10, 10 |   1.3076026004148386e-01 |   1.3076026004148386e-01 | 1
 10, 11 |  -3.5796879616309552e-03 |  -3.5796879616309552e-03 | 1
 10, 12 |  -5.5753196981997485e-03 |  -5.5753196981997485e-03 | 1
 10, 13 |   6.8844163562700766e-04 |   6.8844163562700766e-04 | 1
 10, 14 |   9.9698077271398646e-03 |   9.9698077271398646e-03 | 1
 10, 15 |   5.0992906074806395e-02 |   5.0992906074806395e-02 | 1
 11,  1 |  -2.3253509655653823e-04 |  -2.3253509655653823e-04 | 1
 11,  2 |  -9.3516313600929240e-04 |  -9.3516313600929240e-04 | 1
 11,  3 |  -7.5810582236310428e-05 |  -7.5810582236310428e-05 | 1
 11,  4 |  -1.0336948620836836e-04 |  -1.0336948620836836e-04 | 1
 11,  5 |  -7.5995332810622064e-04 |  -7.5995332810622064e-04 | 1
 11,  6 |  -1.1626727930797477e-03 |  -1.1626727930797477e-03 | 1
 11,  7 |  -3.6630062855269092e-05 |  -3.6630062855269092e-05 | 1
 11,  8 |   1.5442089417010493e-04 |   1.5442089417010493e-04 | 1
 11,  9 |   6.5577660300730008e-04 |   6.5577660300730008e-04 | 1
 11, 10 |  -3.5796879616309552e-03 |  -3.5796879616309552e-03 | 1
 11, 11 |   2.6861364956016294e-04 |   2.6861364956016294e-04 | 1
 11, 12 |   2.3645934550212464e-04 |   2.3645934550212464e-04 | 1
 11, 13 |   2.2130056383736789e-06 |   2.2130056383736789e-06 | 1
 11, 14 |  -3.9893822634245432e-04 |  -3.9893822634245432e-04 | 1
 11, 15 |  -1.4515564416932515e-03 |  -1.4515564416932515e-03 | 1
 12,  1 |  -2.1661431071991021e-04 |  -2.1661431071991021e-04 | 1
 12,  2 |  -1.4607387298144359e-03 |  -1.4607387298144359e-03 | 1
 12,  3 |  -7.1316535641206675e-05 |  -7.1316535641206675e-05 | 1
 12,  4 |   5.3403185238794291e-04 |   5.3403185238794291e-04 | 1
 12,  5 |  -1.2527495984364324e-03 |  -1.2527495984364324e-03 | 1
 12,  6 |  -1.4361831313573802e-03 |  -1.4361831313573802e-03 | 1
 12,  7 |  -2.8165643604537670e-04 |  -2.8165643604537670e-04 | 1
 12,  8 |   2.9774413736412307e-04 |   2.9774413736412307e-04 | 1
 12,  9 |   7.7451357960371984e-04 |   7.7451357960371984e-04 | 1
 12, 10 |  -5.5753196981997485e-03 |  -5.5753196981997485e-03 | 1
 12, 11 |   2.3645934550212464e-04 |   2.3645934550212464e-04 | 1
 12, 12 |   3.8937279265105278e-04 |   3.8937279265105278e-04 | 1
 12, 13 |  -3.0320379938186280e-05 |  -3.0320379938186280e-05 | 1
 12, 14 |  -4.8919189467283987e-04 |  -4.8919189467283987e-04 | 1
 12, 15 |  -2.5944245850074215e-03 |  -2.5944245850074215e-03 | 1
 13,  1 |   3.9120346382120162e-05 |   3.9120346382120162e-05 | 1
 13,  2 |   2.3025652510826666e-04 |   2.3025652510826666e-04 | 1
 13,  3 |  -7.4404854529995214e-05 |  -7.4404854529995214e-05 | 1
 13,  4 |  -3.4770474309190263e-04 |  -3.4770474309190263e-04 | 1
 13,  5 |   4.3766788737529492e-04 |   4.3766788737529492e-04 | 1
 13,  6 |   2.5343482877544722e-04 |   2.5343482877544722e-04 | 1
 13,  7 |   8.6985939383630543e-05 |   8.6985939383630543e-05 | 1
 13,  8 |  -8.8867480671138676e-05 |  -8.8867480671138676e-05 | 1
 13,  9 |  -4.5419338210027469e-05 |  -4.5419338210027469e-05 | 1
 13, 10 |   6.8844163562700766e-04 |   6.8844163562700766e-04 | 1
 13, 11 |   2.2130056383736789e-06 |   2.2130056383736789e-06 | 1
 13, 12 |  -3.0320379938186280e-05 |  -3.0320379938186280e-05 | 1
 13, 13 |   7.3861193192633728e-05 |   7.3861193192633728e-05 | 1
 13, 14 |   1.9333992404367708e-04 |   1.9333992404367708e-04 | 1
 13, 15 |   2.6297874536165209e-04 |   2.6297874536165209e-04 | 1
 14,  1 |   1.6814668001805134e-03 |   1.6814668001805134e-03 | 1
 14,  2 |   3.5570135439753044e-03 |   3.5570135439753044e-03 | 1
 14,  3 |  -2.2958195286189732e-04 |  -2.2958195286189732e-04 | 1
 14,  4 |   3.6109060699813776e-03 |   3.6109060699813776e-03 | 1
 14,  5 |   2.6581314731776613e-03 |   2.6581314731776613e-03 | 1
 14,  6 |   4.7638887801211066e-03 |   4.7638887801211066e-03 | 1
 14,  7 |   1.4054113729034200e-03 |   1.4054113729034200e-03 | 1
 14,  8 |  -6.4753795260074059e-04 |  -6.4753795260074059e-04 | 1
 14,  9 |  -2.2049499559347830e-03 |  -2.2049499559347830e-03 | 1
 14, 10 |   9.9698077271398646e-03 |   9.9698077271398646e-03 | 1
 14, 11 |  -3.9893822634245432e-04 |  -3.9893822634245432e-04 | 1
 14, 12 |  -4.8919189467283987e-04 |  -4.8919189467283987e-04 | 1
 14, 13 |   1.9333992404367708e-04 |   1.9333992404367708e-04 | 1
 14, 14 |   2.6890488034840318e-03 |   2.6890488034840318e-03 | 1
 14, 15 |   2.8359068900188278e-03 |   2.8359068900188278e-03 | 1
 15,  1 |   4.0197570165128845e-04 |   4.0197570165128845e-04 | 1
 15,  2 |   1.4126272976090051e-02 |   1.4126272976090051e-02 | 1
 15,  3 |   4.6126015913237157e-04 |   4.6126015913237157e-04 | 1
 15,  4 |   2.4517117369976015e-03 |   2.4517117369976015e-03 | 1
 15,  5 |   1.2725260234897503e-02 |   1.2725260234897503e-02 | 1
 15,  6 |   1.3390870676242454e-02 |   1.3390870676242454e-02 | 1
 15,  7 |   2.4339240395015683e-03 |   2.4339240395015683e-03 | 1
 15,  8 |  -3.7717692411590410e-03 |  -3.7717692411590410e-03 | 1
 15,  9 |  -3.5880279691284829e-03 |  -3.5880279691284829e-03 | 1
 15, 10 |   5.0992906074806395e-02 |   5.0992906074806395e-02 | 1
 15, 11 |  -1.4515564416932515e-03 |  -1.4515564416932515e-03 | 1
 15, 12 |  -2.5944245850074215e-03 |  -2.5944245850074215e-03 | 1
 15, 13 |   2.6297874536165209e-04 |   2.6297874536165209e-04 | 1
 15, 14 |   2.8359068900188278e-03 |   2.8359068900188278e-03 | 1
 15, 15 |   2.8430957674765233e-02 |   2.8430957674765233e-02 | 1
