row,col | V_base                   | V_new                    | equal
  1,  1 |   4.4368977738632636e-04 |   4.4368977738632636e-04 | 1
  1,  2 |   7.0429978264571007e-05 |   7.0429978264571007e-05 | 1
  1,  3 |   2.7440197651419358e-04 |   2.7440197651419358e-04 | 1
  1,  4 |   9.8947116735234868e-05 |   9.8947116735234868e-05 | 1
  1,  5 |   2.9840092591256932e-04 |   2.9840092591256932e-04 | 1
  1,  6 |   4.2813020812487192e-04 |   4.2813020812487192e-04 | 1
  1,  7 |   2.3114887321043964e-04 |   2.3114887321043964e-04 | 1
  1,  8 |   3.3539373346227759e-04 |   3.3539373346227759e-04 | 1
  1,  9 |   3.1888004979576095e-04 |   3.1888004979576095e-04 | 1
  1, 10 |  -6.8844163034196258e-04 |  -6.8844163034196258e-04 | 1
  1, 11 |   9.6203959868139725e-05 |   9.6203959868139725e-05 | 1
  1, 12 |   4.2298336320908524e-04 |   4.2298336320908524e-04 | 1
  1, 13 |   5.4905858995586178e-04 |   5.4905858995586178e-04 | 1
  1, 14 |   4.0025762723253848e-04 |   4.0025762723253848e-04 | 1
  1, 15 |   2.5095502265292107e-04 |   2.5095502265292107e-04 | 1
  1, 16 |   1.9945684650977545e-04 |   1.9945684650977545e-04 | 1
  1, 17 |   1.1276266258212925e-04 |   1.1276266258212925e-04 | 1
  1, 18 |   3.2741797040896433e-04 |   3.2741797040896433e-04 | 1
  1, 19 |   2.1882671160185793e-04 |   2.1882671160185793e-04 | 1
  1, 20 |   2.3932996585862939e-04 |   2.3932996585862939e-04 | 1
  1, 21 |  -1.2812508925602142e-04 |  -1.2812508925602142e-04 | 1
  1, 22 |   2.0115910440175971e-04 |   2.0115910440175971e-04 | 1
  1, 23 |   1.1203455252423038e-04 |   1.1203455252423038e-04 | 1
  1, 24 |   1.1463745554356075e-04 |   1.1463745554356075e-04 | 1
  1, 25 |   1.6454878273213132e-04 |   1.6454878273213132e-04 | 1
  1, 26 |  -1.8222527418905292e-04 |  -1.8222527418905292e-04 | 1
  1, 27 |   4.3054560308270170e-05 |   4.3054560308270170e-05 | 1
  1, 28 |   2.0059819621243754e-04 |   2.0059819621243754e-04 | 1
  1, 29 |   5.8691275289512749e-06 |   5.8691275289512749e-06 | 1
  1, 30 |   1.6821576631460246e-05 |   1.6821576631460246e-05 | 1
  2,  1 |   7.0429978264571007e-05 |   7.0429978264571007e-05 | 1
  2,  2 |   2.9951621737699299e-03 |   2.9951621737699299e-03 | 1
  2,  3 |   4.0627055305202261e-05 |   4.0627055305202261e-05 | 1
  2,  4 |   1.7804082529321584e-04 |   1.7804082529321584e-04 | 1
  2,  5 |  -1.0524424910905529e-04 |  -1.0524424910905529e-04 | 1
  2,  6 |  -2.5973576016546994e-04 |  -2.5973576016546994e-04 | 1
  2,  7 |   1.2825071379842103e-04 |   1.2825071379842103e-04 | 1
  2,  8 |  -1.1980878969082668e-04 |  -1.1980878969082668e-04 | 1
  2,  9 |   6.4733282542445744e-05 |   6.4733282542445744e-05 | 1
  2, 10 |   2.3076603937359258e-03 |   2.3076603937359258e-03 | 1
  2, 11 |   3.3101636018966645e-04 |   3.3101636018966645e-04 | 1
  2, 12 |  -2.8403107671339444e-04 |  -2.8403107671339444e-04 | 1
  2, 13 |  -4.6159445048088096e-04 |  -4.6159445048088096e-04 | 1
  2, 14 |   6.3921685557845058e-05 |   6.3921685557845058e-05 | 1
  2, 15 |   1.8052359770582814e-04 |   1.8052359770582814e-04 | 1
  2, 16 |   1.6207360487147815e-04 |   1.6207360487147815e-04 | 1
  2, 17 |   2.6754886021507945e-04 |   2.6754886021507945e-04 | 1
  2, 18 |   1.5988001104843417e-05 |   1.5988001104843417e-05 | 1
  2, 19 |   1.3111442919205989e-04 |   1.3111442919205989e-04 | 1
  2, 20 |   2.6103947685300647e-05 |   2.6103947685300647e-05 | 1
  2, 21 |   1.0549211461718120e-03 |   1.0549211461718120e-03 | 1
  2, 22 |   1.5289658680956811e-04 |   1.5289658680956811e-04 | 1
  2, 23 |   3.9364542221378512e-04 |   3.9364542221378512e-04 | 1
  2, 24 |   3.4191957820512250e-04 |   3.4191957820512250e-04 | 1
  2, 25 |   1.8417699093211260e-04 |   1.8417699093211260e-04 | 1
  2, 26 |   1.1677205312444778e-03 |   1.1677205312444778e-03 | 1
  2, 27 |   5.5352366694045099e-04 |   5.5352366694045099e-04 | 1
  2, 28 |   1.5754866033170864e-04 |   1.5754866033170864e-04 | 1
  2, 29 |   6.0183569431123914e-04 |   6.0183569431123914e-04 | 1
  2, 30 |   5.5411362652279747e-04 |   5.5411362652279747e-04 | 1
  3,  1 |   2.7440197651419358e-04 |   2.7440197651419358e-04 | 1
  3,  2 |   4.0627055305202261e-05 |   4.0627055305202261e-05 | 1
  3,  3 |   6.1838404414982868e-04 |   6.1838404414982868e-04 | 1
  3,  4 |   9.7263729429477330e-05 |   9.7263729429477330e-05 | 1
  3,  5 |   3.6051534105545596e-04 |   3.6051534105545596e-04 | 1
  3,  6 |   5.2948888226221234e-04 |   5.2948888226221234e-04 | 1
  3,  7 |   2.5758581752723022e-04 |   2.5758581752723022e-04 | 1
  3,  8 |   4.0580422689397307e-04 |   4.0580422689397307e-04 | 1
  3,  9 |   3.6696276395583070e-04 |   3.6696276395583070e-04 | 1
  3, 10 |  -1.0478846567501710e-03 |  -1.0478846567501710e-03 | 1
  3, 11 |   7.8005407524752763e-05 |   7.8005407524752763e-05 | 1
  3, 12 |   5.2556545058806727e-04 |   5.2556545058806727e-04 | 1
  3, 13 |   6.9148556356900379e-04 |   6.9148556356900379e-04 | 1
  3, 14 |   4.6190382878651804e-04 |   4.6190382878651804e-04 | 1
  3, 15 |   2.7540433951320258e-04 |   2.7540433951320258e-04 | 1
  3, 16 |   2.1704343608422634e-04 |   2.1704343608422634e-04 | 1
  3, 17 |   1.0341852654162836e-04 |   1.0341852654162836e-04 | 1
  3, 18 |   3.8173364394623074e-04 |   3.8173364394623074e-04 | 1
  3, 19 |   2.4306492650948711e-04 |   2.4306492650948711e-04 | 1
  3, 20 |   2.7785808039734522e-04 |   2.7785808039734522e-04 | 1
  3, 21 |  -2.5928110520921188e-04 |  -2.5928110520921188e-04 | 1
  3, 22 |   2.1990186176036890e-04 |   2.1990186176036890e-04 | 1
  3, 23 |   9.0277885878298469e-05 |   9.0277885878298469e-05 | 1
  3, 24 |   9.8773625674743418e-05 |   9.8773625674743418e-05 | 1
  3, 25 |   1.7324177387323286e-04 |   1.7324177387323286e-04 | 1
  3, 26 |  -3.3640180425240226e-04 |  -3.3640180425240226e-04 | 1
  3, 27 |  -7.3341673640865090e-06 |  -7.3341673640865090e-06 | 1
  3, 28 |   2.1832662805390448e-04 |   2.1832662805390448e-04 | 1
  3, 29 |  -5.7139503816585554e-05 |  -5.7139503816585554e-05 | 1
  3, 30 |  -3.8605549165556814e-05 |  -3.8605549165556814e-05 | 1
  4,  1 |   9.8947116735234868e-05 |   9.8947116735234868e-05 | 1
  4,  2 |   1.7804082529321584e-04 |   1.7804082529321584e-04 | 1
  4,  3 |   9.7263729429477330e-05 |   9.7263729429477330e-05 | 1
  4,  4 |   2.2184458667422928e-03 |   2.2184458667422928e-03 | 1
  4,  5 |   4.7568583195699458e-05 |   4.7568583195699458e-05 | 1
  4,  6 |   2.7697014592980073e-05 |   2.7697014592980073e-05 | 1
  4,  7 |   1.1949757072619022e-04 |   1.1949757072619022e-04 | 1
  4,  8 |   5.4130952452734912e-05 |   5.4130952452734912e-05 | 1
  4,  9 |   1.2114623354754177e-04 |   1.2114623354754177e-04 | 1
  4, 10 |   7.0439394839714585e-04 |   7.0439394839714585e-04 | 1
  4, 11 |   1.5596407581711861e-04 |   1.5596407581711861e-04 | 1
  4, 12 |   1.6269871075507159e-05 |   1.6269871075507159e-05 | 1
  4, 13 |  -1.6260658841780818e-05 |  -1.6260658841780818e-05 | 1
  4, 14 |   1.4595934893408142e-04 |   1.4595934893408142e-04 | 1
  4, 15 |   1.4509527743714328e-04 |   1.4509527743714328e-04 | 1
  4, 16 |   1.2407273865689891e-04 |   1.2407273865689891e-04 | 1
  4, 17 |   1.3901781928714256e-04 |   1.3901781928714256e-04 | 1
  4, 18 |   1.0565631301617481e-04 |   1.0565631301617481e-04 | 1
  4, 19 |   1.1591865240844919e-04 |   1.1591865240844919e-04 | 1
  4, 20 |   8.3739409292526892e-05 |   8.3739409292526892e-05 | 1
  4, 21 |   3.7495150492009672e-04 |   3.7495150492009672e-04 | 1
  4, 22 |   1.2372313865974006e-04 |   1.2372313865974006e-04 | 1
  4, 23 |   1.8950195218597852e-04 |   1.8950195218597852e-04 | 1
  4, 24 |   1.6956364768705076e-04 |   1.6956364768705076e-04 | 1
  4, 25 |   1.2050789821417443e-04 |   1.2050789821417443e-04 | 1
  4, 26 |   4.0317859028122681e-04 |   4.0317859028122681e-04 | 1
  4, 27 |   2.2805639628335571e-04 |   2.2805639628335571e-04 | 1
  4, 28 |   1.2283295134756514e-04 |   1.2283295134756514e-04 | 1
  4, 29 |   2.3902624896100306e-04 |   2.3902624896100306e-04 | 1
  4, 30 |   2.2399300525142291e-04 |   2.2399300525142291e-04 | 1
  5,  1 |   2.9840092591256932e-04 |   2.9840092591256932e-04 | 1
  5,  2 |  -1.0524424910905529e-04 |  -1.0524424910905529e-04 | 1
  5,  3 |   3.6051534105545596e-04 |   3.6051534105545596e-04 | 1
  5,  4 |   4.7568583195699458e-05 |   4.7568583195699458e-05 | 1
  5,  5 |   3.9687790802831755e-03 |   3.9687790802831755e-03 | 1
  5,  6 |   7.2756194814203412e-04 |   7.2756194814203412e-04 | 1
  5,  7 |   2.5738961903671231e-04 |   2.5738961903671231e-04 | 1
  5,  8 |   5.2622521874704496e-04 |   5.2622521874704496e-04 | 1
  5,  9 |   4.1073450047005955e-04 |   4.1073450047005955e-04 | 1
  5, 10 |  -2.1343053984275093e-03 |  -2.1343053984275093e-03 | 1
  5, 11 |  -3.3758598268811435e-05 |  -3.3758598268811435e-05 | 1
  5, 12 |   7.3171527799885394e-04 |   7.3171527799885394e-04 | 1
  5, 13 |   9.9710836023354397e-04 |   9.9710836023354397e-04 | 1
  5, 14 |   5.2221995395644019e-04 |   5.2221995395644019e-04 | 1
  5, 15 |   2.5738615147351263e-04 |   2.5738615147351263e-04 | 1
  5, 16 |   1.9374332844976345e-04 |   1.9374332844976345e-04 | 1
  5, 17 |   1.9047419106932084e-05 |   1.9047419106932084e-05 | 1
  5, 18 |   4.4577786028921092e-04 |   4.4577786028921092e-04 | 1
  5, 19 |   2.3749254723007599e-04 |   2.3749254723007599e-04 | 1
  5, 20 |   3.1839288380172730e-04 |   3.1839288380172730e-04 | 1
  5, 21 |  -7.1501665740210775e-04 |  -7.1501665740210775e-04 | 1
  5, 22 |   2.0170076738055160e-04 |   2.0170076738055160e-04 | 1
  5, 23 |  -4.3769432686659275e-05 |  -4.3769432686659275e-05 | 1
  5, 24 |  -1.4976663308455044e-05 |  -1.4976663308455044e-05 | 1
  5, 25 |   1.3360307097514757e-04 |   1.3360307097514757e-04 | 1
  5, 26 |  -8.4563682781187556e-04 |  -8.4563682781187556e-04 | 1
  5, 27 |  -2.2332579782595319e-04 |  -2.2332579782595319e-04 | 1
  5, 28 |   1.9771626749230268e-04 |   1.9771626749230268e-04 | 1
  5, 29 |  -2.9905163614245235e-04 |  -2.9905163614245235e-04 | 1
  5, 30 |  -2.5895353944898789e-04 |  -2.5895353944898789e-04 | 1
  6,  1 |   4.2813020812487192e-04 |   4.2813020812487192e-04 | 1
  6,  2 |  -2.5973576016546994e-04 |  -2.5973576016546994e-04 | 1
  6,  3 |   5.2948888226221234e-04 |   5.2948888226221234e-04 | 1
  6,  4 |   2.7697014592980073e-05 |   2.7697014592980073e-05 | 1
  6,  5 |   7.2756194814203412e-04 |   7.2756194814203412e-04 | 1
  6,  6 |   4.8255980226665825e-03 |   4.8255980226665825e-03 | 1
  6,  7 |   3.5175555702574620e-04 |   3.5175555702574620e-04 | 1
  6,  8 |   8.1747584321956428e-04 |   8.1747584321956428e-04 | 1
  6,  9 |   5.9957984822356803e-04 |   5.9957984822356803e-04 | 1
  6, 10 |  -3.7648866361454647e-03 |  -3.7648866361454647e-03 | 1
  6, 11 |  -1.3338156395503866e-04 |  -1.3338156395503866e-04 | 1
  6, 12 |   1.1657985658321943e-03 |   1.1657985658321943e-03 | 1
  6, 13 |   1.6069745036549803e-03 |   1.6069745036549803e-03 | 1
  6, 14 |   7.6595704931743506e-04 |   7.6595704931743506e-04 | 1
  6, 15 |   3.4040526085791047e-04 |   3.4040526085791047e-04 | 1
  6, 16 |   2.5093786240514091e-04 |   2.5093786240514091e-04 | 1
  6, 17 |  -4.0254177244913717e-05 |  -4.0254177244913717e-05 | 1
  6, 18 |   6.6049700663035871e-04 |   6.6049700663035871e-04 | 1
  6, 19 |   3.2246252920213885e-04 |   3.2246252920213885e-04 | 1
  6, 20 |   4.7165477246220733e-04 |   4.7165477246220733e-04 | 1
  6, 21 |  -1.3265641965567211e-03 |  -1.3265641965567211e-03 | 1
  6, 22 |   2.6098942300279619e-04 |   2.6098942300279619e-04 | 1
  6, 23 |  -1.6542042285049716e-04 |  -1.6542042285049716e-04 | 1
  6, 24 |  -1.0568609177726788e-04 |  -1.0568609177726788e-04 | 1
  6, 25 |   1.5719895207827453e-04 |   1.5719895207827453e-04 | 1
  6, 26 |  -1.5564631392372304e-03 |  -1.5564631392372304e-03 | 1
  6, 27 |  -4.7050256674844573e-04 |  -4.7050256674844573e-04 | 1
  6, 28 |   2.5841555680233830e-04 |   2.5841555680233830e-04 | 1
  6, 29 |  -5.9885623933466454e-04 |  -5.9885623933466454e-04 | 1
  6, 30 |  -5.2552620522516608e-04 |  -5.2552620522516608e-04 | 1
  7,  1 |   2.3114887321043964e-04 |   2.3114887321043964e-04 | 1
  7,  2 |   1.2825071379842103e-04 |   1.2825071379842103e-04 | 1
  7,  3 |   2.5758581752723022e-04 |   2.5758581752723022e-04 | 1
  7,  4 |   1.1949757072619022e-04 |   1.1949757072619022e-04 | 1
  7,  5 |   2.5738961903671231e-04 |   2.5738961903671231e-04 | 1
  7,  6 |   3.5175555702574620e-04 |   3.5175555702574620e-04 | 1
  7,  7 |   5.8774062620038311e-04 |   5.8774062620038311e-04 | 1
  7,  8 |   2.8801015819124439e-04 |   2.8801015819124439e-04 | 1
  7,  9 |   3.0259420684054756e-04 |   3.0259420684054756e-04 | 1
  7, 10 |  -2.6729302072910202e-04 |  -2.6729302072910202e-04 | 1
  7, 11 |   1.4087927138030950e-04 |   1.4087927138030950e-04 | 1
  7, 12 |   3.4203666982567376e-04 |   3.4203666982567376e-04 | 1
  7, 13 |   4.2982993181523614e-04 |   4.2982993181523614e-04 | 1
  7, 14 |   3.7601439854042471e-04 |   3.7601439854042471e-04 | 1
  7, 15 |   2.5951370147845687e-04 |   2.5951370147845687e-04 | 1
  7, 16 |   2.0752716952408731e-04 |   2.0752716952408731e-04 | 1
  7, 17 |   1.4322466204299989e-04 |   1.4322466204299989e-04 | 1
  7, 18 |   3.0145039701287357e-04 |   3.0145039701287357e-04 | 1
  7, 19 |   2.2093661446245360e-04 |   2.2093661446245360e-04 | 1
  7, 20 |   2.2304732953934292e-04 |   2.2304732953934292e-04 | 1
  7, 21 |   5.0722425367670591e-05 |   5.0722425367670591e-05 | 1
  7, 22 |   2.0918156038065937e-04 |   2.0918156038065937e-04 | 1
  7, 23 |   1.6503026985026072e-04 |   1.6503026985026072e-04 | 1
  7, 24 |   1.5881632241309207e-04 |   1.5881632241309207e-04 | 1
  7, 25 |   1.7837146559747402e-04 |   1.7837146559747402e-04 | 1
  7, 26 |   1.9109263851301386e-05 |   1.9109263851301386e-05 | 1
  7, 27 |   1.2621551848008406e-04 |   1.2621551848008406e-04 | 1
  7, 28 |   2.0788443095000840e-04 |   2.0788443095000840e-04 | 1
  7, 29 |   9.9820753985468979e-05 |   9.9820753985468979e-05 | 1
  7, 30 |   1.0284155296100174e-04 |   1.0284155296100174e-04 | 1
  8,  1 |   3.3539373346227759e-04 |   3.3539373346227759e-04 | 1
  8,  2 |  -1.1980878969082668e-04 |  -1.1980878969082668e-04 | 1
  8,  3 |   4.0580422689397307e-04 |   4.0580422689397307e-04 | 1
  8,  4 |   5.4130952452734912e-05 |   5.4130952452734912e-05 | 1
  8,  5 |   5.2622521874704496e-04 |   5.2622521874704496e-04 | 1
  8,  6 |   8.1747584321956428e-04 |   8.1747584321956428e-04 | 1
  8,  7 |   2.8801015819124439e-04 |   2.8801015819124439e-04 | 1
  8,  8 |   2.1469045751948373e-03 |   2.1469045751948373e-03 | 1
  8,  9 |   4.6156268412970893e-04 |   4.6156268412970893e-04 | 1
  8, 10 |  -2.3926320791704701e-03 |  -2.3926320791704701e-03 | 1
  8, 11 |  -3.8701751062783209e-05 |  -3.8701751062783209e-05 | 1
  8, 12 |   8.2368895184522064e-04 |   8.2368895184522064e-04 | 1
  8, 13 |   1.1208307493616302e-03 |   1.1208307493616302e-03 | 1
  8, 14 |   5.8754861102195343e-04 |   5.8754861102195343e-04 | 1
  8, 15 |   2.8932075547700970e-04 |   2.8932075547700970e-04 | 1
  8, 16 |   2.1979109998571144e-04 |   2.1979109998571144e-04 | 1
  8, 17 |   2.2268599605548736e-05 |   2.2268599605548736e-05 | 1
  8, 18 |   5.0108326684759755e-04 |   5.0108326684759755e-04 | 1
  8, 19 |   2.6665630899761714e-04 |   2.6665630899761714e-04 | 1
  8, 20 |   3.5923826071417671e-04 |   3.5923826071417671e-04 | 1
  8, 21 |  -8.0137036373470884e-04 |  -8.0137036373470884e-04 | 1
  8, 22 |   2.2526582777617128e-04 |   2.2526582777617128e-04 | 1
  8, 23 |  -5.0316730570689811e-05 |  -5.0316730570689811e-05 | 1
  8, 24 |  -1.5100336689071535e-05 |  -1.5100336689071535e-05 | 1
  8, 25 |   1.5282065747517274e-04 |   1.5282065747517274e-04 | 1
  8, 26 |  -9.5245492759181015e-04 |  -9.5245492759181015e-04 | 1
  8, 27 |  -2.4924985468978899e-04 |  -2.4924985468978899e-04 | 1
  8, 28 |   2.2428551465976583e-04 |   2.2428551465976583e-04 | 1
  8, 29 |  -3.3587430345583691e-04 |  -3.3587430345583691e-04 | 1
  8, 30 |  -2.9017903543347647e-04 |  -2.9017903543347647e-04 | 1
  9,  1 |   3.1888004979576095e-04 |   3.1888004979576095e-04 | 1
  9,  2 |   6.4733282542445744e-05 |   6.4733282542445744e-05 | 1
  9,  3 |   3.6696276395583070e-04 |   3.6696276395583070e-04 | 1
  9,  4 |   1.2114623354754177e-04 |   1.2114623354754177e-04 | 1
  9,  5 |   4.1073450047005955e-04 |   4.1073450047005955e-04 | 1
  9,  6 |   5.9957984822356803e-04 |   5.9957984822356803e-04 | 1
  9,  7 |   3.0259420684054756e-04 |   3.0259420684054756e-04 | 1
  9,  8 |   4.6156268412970893e-04 |   4.6156268412970893e-04 | 1
  9,  9 |   7.0768605539559982e-03 |   7.0768605539559982e-03 | 1
  9, 10 |  -1.0985447659424493e-03 |  -1.0985447659424493e-03 | 1
  9, 11 |   1.0494797225041029e-04 |   1.0494797225041029e-04 | 1
  9, 12 |   5.9170923631168230e-04 |   5.9170923631168230e-04 | 1
  9, 13 |   7.7421179552805285e-04 |   7.7421179552805285e-04 | 1
  9, 14 |   5.3701971739856819e-04 |   5.3701971739856819e-04 | 1
  9, 15 |   3.2473679456251436e-04 |   3.2473679456251436e-04 | 1
  9, 16 |   2.5766282085160866e-04 |   2.5766282085160866e-04 | 1
  9, 17 |   1.3260327605333808e-04 |   1.3260327605333808e-04 | 1
  9, 18 |   4.3948767131924381e-04 |   4.3948767131924381e-04 | 1
  9, 19 |   2.8672034106073035e-04 |   2.8672034106073035e-04 | 1
  9, 20 |   3.2220986199730964e-04 |   3.2220986199730964e-04 | 1
  9, 21 |  -2.4767392971545269e-04 |  -2.4767392971545269e-04 | 1
  9, 22 |   2.6014160093544461e-04 |   2.6014160093544461e-04 | 1
  9, 23 |   1.2337622238691527e-04 |   1.2337622238691527e-04 | 1
  9, 24 |   1.3136136604933416e-04 |   1.3136136604933416e-04 | 1
  9, 25 |   2.0894616782609094e-04 |   2.0894616782609094e-04 | 1
  9, 26 |  -3.2781003103911192e-04 |  -3.2781003103911192e-04 | 1
  9, 27 |   1.7763635873570496e-05 |   1.7763635873570496e-05 | 1
  9, 28 |   2.6016032829549409e-04 |   2.6016032829549409e-04 | 1
  9, 29 |  -3.5427593205526792e-05 |  -3.5427593205526792e-05 | 1
  9, 30 |  -1.6815107231340710e-05 |  -1.6815107231340710e-05 | 1
 10,  1 |  -6.8844163034196258e-04 |  -6.8844163034196258e-04 | 1
 10,  2 |   2.3076603937359258e-03 |   2.3076603937359258e-03 | 1
 10,  3 |  -1.0478846567501710e-03 |  -1.0478846567501710e-03 | 1
 10,  4 |   7.0439394839714585e-04 |   7.0439394839714585e-04 | 1
 10,  5 |  -2.1343053984275093e-03 |  -2.1343053984275093e-03 | 1
 10,  6 |  -3.7648866361454647e-03 |  -3.7648866361454647e-03 | 1
 10,  7 |  -2.6729302072910202e-04 |  -2.6729302072910202e-04 | 1
 10,  8 |  -2.3926320791704701e-03 |  -2.3926320791704701e-03 | 1
 10,  9 |  -1.0985447659424493e-03 |  -1.0985447659424493e-03 | 1
 10, 10 |   1.8616267746493255e-02 |   1.8616267746493255e-02 | 1
 10, 11 |   1.7146602366090859e-03 |   1.7146602366090859e-03 | 1
 10, 12 |  -3.9109567269340791e-03 |  -3.9109567269340791e-03 | 1
 10, 13 |  -5.6829287224114643e-03 |  -5.6829287224114643e-03 | 1
 10, 14 |  -1.4928392620543358e-03 |  -1.4928392620543358e-03 | 1
 10, 15 |  -1.1918429848992179e-05 |  -1.1918429848992179e-05 | 1
 10, 16 |   1.2025815987551264e-04 |   1.2025815987551264e-04 | 1
 10, 17 |   1.2392086580019647e-03 |   1.2392086580019647e-03 | 1
 10, 18 |  -1.4500857727650553e-03 |  -1.4500857727650553e-03 | 1
 10, 19 |  -1.8209034263874145e-04 |  -1.8209034263874145e-04 | 1
 10, 20 |  -9.6845902889377655e-04 |  -9.6845902889377655e-04 | 1
 10, 21 |   7.5908213422395711e-03 |   7.5908213422395711e-03 | 1
 10, 22 |   5.1615405279599024e-05 |   5.1615405279599024e-05 | 1
 10, 23 |   2.0661530038593892e-03 |   2.0661530038593892e-03 | 1
 10, 24 |   1.7114544643997435e-03 |   1.7114544643997435e-03 | 1
 10, 25 |   4.3456766472851742e-04 |   4.3456766472851742e-04 | 1
 10, 26 |   8.5868883153840739e-03 |   8.5868883153840739e-03 | 1
 10, 27 |   3.4538256403645034e-03 |   3.4538256403645034e-03 | 1
 10, 28 |   8.3062447635047368e-05 |   8.3062447635047368e-05 | 1
 10, 29 |   3.9614948077310932e-03 |   3.9614948077310932e-03 | 1
 10, 30 |   3.5864552334825576e-03 |   3.5864552334825576e-03 | 1
 11,  1 |   9.6203959868139725e-05 |   9.6203959868139725e-05 | 1
 11,  2 |   3.3101636018966645e-04 |   3.3101636018966645e-04 | 1
 11,  3 |   7.8005407524752763e-05 |   7.8005407524752763e-05 | 1
 11,  4 |   1.5596407581711861e-04 |   1.5596407581711861e-04 | 1
 11,  5 |  -3.3758598268811435e-05 |  -3.3758598268811435e-05 | 1
 11,  6 |  -1.3338156395503866e-04 |  -1.3338156395503866e-04 | 1
 11,  7 |   1.4087927138030950e-04 |   1.4087927138030950e-04 | 1
 11,  8 |  -3.8701751062783209e-05 |  -3.8701751062783209e-05 | 1
 11,  9 |   1.0494797225041029e-04 |   1.0494797225041029e-04 | 1
 11, 10 |   1.7146602366090859e-03 |   1.7146602366090859e-03 | 1
 11, 11 |   3.2093394577340914e-03 |   3.2093394577340914e-03 | 1
 11, 12 |  -1.5592137396914114e-04 |  -1.5592137396914114e-04 | 1
 11, 13 |  -2.7558559649551987e-04 |  -2.7558559649551987e-04 | 1
 11, 14 |   1.1809953633414770e-04 |   1.1809953633414770e-04 | 1
 11, 15 |   1.8719382828922691e-04 |   1.8719382828922691e-04 | 1
 11, 16 |   1.6113193444188245e-04 |   1.6113193444188245e-04 | 1
 11, 17 |   2.2976358019062576e-04 |   2.2976358019062576e-04 | 1
 11, 18 |   6.5756698588426431e-05 |   6.5756698588426431e-05 | 1
 11, 19 |   1.4041395773254235e-04 |   1.4041395773254235e-04 | 1
 11, 20 |   5.9928911589997077e-05 |   5.9928911589997077e-05 | 1
 11, 21 |   8.2014593996375363e-04 |   8.2014593996375363e-04 | 1
 11, 22 |   1.5379348856873015e-04 |   1.5379348856873015e-04 | 1
 11, 23 |   3.2943177890927869e-04 |   3.2943177890927869e-04 | 1
 11, 24 |   2.9182377896575613e-04 |   2.9182377896575613e-04 | 1
 11, 25 |   1.7298760636000457e-04 |   1.7298760636000457e-04 | 1
 11, 26 |   9.0114113168440421e-04 |   9.0114113168440421e-04 | 1
 11, 27 |   4.4789929547052617e-04 |   4.4789929547052617e-04 | 1
 11, 28 |   1.5830242643687824e-04 |   1.5830242643687824e-04 | 1
 11, 29 |   4.8032625608353111e-04 |   4.8032625608353111e-04 | 1
 11, 30 |   4.4403142346354163e-04 |   4.4403142346354163e-04 | 1
 12,  1 |   4.2298336320908524e-04 |   4.2298336320908524e-04 | 1
 12,  2 |  -2.8403107671339444e-04 |  -2.8403107671339444e-04 | 1
 12,  3 |   5.2556545058806727e-04 |   5.2556545058806727e-04 | 1
 12,  4 |   1.6269871075507159e-05 |   1.6269871075507159e-05 | 1
 12,  5 |   7.3171527799885394e-04 |   7.3171527799885394e-04 | 1
 12,  6 |   1.1657985658321943e-03 |   1.1657985658321943e-03 | 1
 12,  7 |   3.4203666982567376e-04 |   3.4203666982567376e-04 | 1
 12,  8 |   8.2368895184522064e-04 |   8.2368895184522064e-04 | 1
 12,  9 |   5.9170923631168230e-04 |   5.9170923631168230e-04 | 1
 12, 10 |  -3.9109567269340791e-03 |  -3.9109567269340791e-03 | 1
 12, 11 |  -1.5592137396914114e-04 |  -1.5592137396914114e-04 | 1
 12, 12 |   3.4303483272456383e-03 |   3.4303483272456383e-03 | 1
 12, 13 |   1.6330356058449763e-03 |   1.6330356058449763e-03 | 1
 12, 14 |   7.6085296257392368e-04 |   7.6085296257392368e-04 | 1
 12, 15 |   3.2619014714747397e-04 |   3.2619014714747397e-04 | 1
 12, 16 |   2.4047252962502882e-04 |   2.4047252962502882e-04 | 1
 12, 17 |  -5.5459039913341775e-05 |  -5.5459039913341775e-05 | 1
 12, 18 |   6.5938047521737651e-04 |   6.5938047521737651e-04 | 1
 12, 19 |   3.1207181268432525e-04 |   3.1207181268432525e-04 | 1
 12, 20 |   4.6923622254919429e-04 |   4.6923622254919429e-04 | 1
 12, 21 |  -1.3987055044242316e-03 |  -1.3987055044242316e-03 | 1
 12, 22 |   2.5288354502508883e-04 |   2.5288354502508883e-04 | 1
 12, 23 |  -1.8995557765887471e-04 |  -1.8995557765887471e-04 | 1
 12, 24 |  -1.2819694749991050e-04 |  -1.2819694749991050e-04 | 1
 12, 25 |   1.4306855993934136e-04 |   1.4306855993934136e-04 | 1
 12, 26 |  -1.6329500468742230e-03 |  -1.6329500468742230e-03 | 1
 12, 27 |  -5.0510694089892557e-04 |  -5.0510694089892557e-04 | 1
 12, 28 |   2.4846065374092223e-04 |   2.4846065374092223e-04 | 1
 12, 29 |  -6.3537177868368050e-04 |  -6.3537177868368050e-04 | 1
 12, 30 |  -5.5860902159444884e-04 |  -5.5860902159444884e-04 | 1
 13,  1 |   5.4905858995586178e-04 |   5.4905858995586178e-04 | 1
 13,  2 |  -4.6159445048088096e-04 |  -4.6159445048088096e-04 | 1
 13,  3 |   6.9148556356900379e-04 |   6.9148556356900379e-04 | 1
 13,  4 |  -1.6260658841780818e-05 |  -1.6260658841780818e-05 | 1
 13,  5 |   9.9710836023354397e-04 |   9.9710836023354397e-04 | 1
 13,  6 |   1.6069745036549803e-03 |   1.6069745036549803e-03 | 1
 13,  7 |   4.2982993181523614e-04 |   4.2982993181523614e-04 | 1
 13,  8 |   1.1208307493616302e-03 |   1.1208307493616302e-03 | 1
 13,  9 |   7.7421179552805285e-04 |   7.7421179552805285e-04 | 1
 13, 10 |  -5.6829287224114643e-03 |  -5.6829287224114643e-03 | 1
 13, 11 |  -2.7558559649551987e-04 |  -2.7558559649551987e-04 | 1
 13, 12 |   1.6330356058449763e-03 |   1.6330356058449763e-03 | 1
 13, 13 |   3.9973266061836439e-03 |   3.9973266061836439e-03 | 1
 13, 14 |   9.9985510060160605e-04 |   9.9985510060160605e-04 | 1
 13, 15 |   3.9893554589781968e-04 |   3.9893554589781968e-04 | 1
 13, 16 |   2.8516102431936155e-04 |   2.8516102431936155e-04 | 1
 13, 17 |  -1.2900677281896239e-04 |  -1.2900677281896239e-04 | 1
 13, 18 |   8.7585315376732603e-04 |   8.7585315376732603e-04 | 1
 13, 19 |   3.9032198098563095e-04 |   3.9032198098563095e-04 | 1
 13, 20 |   6.1621899453102803e-04 |   6.1621899453102803e-04 | 1
 13, 21 |  -2.0823611689196595e-03 |  -2.0823611689196595e-03 | 1
 13, 22 |   3.0489466910987574e-04 |   3.0489466910987574e-04 | 1
 13, 23 |  -3.3352837412404677e-04 |  -3.3352837412404677e-04 | 1
 13, 24 |  -2.4267169982459874e-04 |  -2.4267169982459874e-04 | 1
 13, 25 |   1.5310862200571001e-04 |   1.5310862200571001e-04 | 1
 13, 26 |  -2.4122930377928676e-03 |  -2.4122930377928676e-03 | 1
 13, 27 |  -7.8621297576795938e-04 |  -7.8621297576795938e-04 | 1
 13, 28 |   2.9666487388866833e-04 |   2.9666487388866833e-04 | 1
 13, 29 |  -9.6952849316383799e-04 |  -9.6952849316383799e-04 | 1
 13, 30 |  -8.5983756336611181e-04 |  -8.5983756336611181e-04 | 1
 14,  1 |   4.0025762723253848e-04 |   4.0025762723253848e-04 | 1
 14,  2 |   6.3921685557845058e-05 |   6.3921685557845058e-05 | 1
 14,  3 |   4.6190382878651804e-04 |   4.6190382878651804e-04 | 1
 14,  4 |   1.4595934893408142e-04 |   1.4595934893408142e-04 | 1
 14,  5 |   5.2221995395644019e-04 |   5.2221995395644019e-04 | 1
 14,  6 |   7.6595704931743506e-04 |   7.6595704931743506e-04 | 1
 14,  7 |   3.7601439854042471e-04 |   3.7601439854042471e-04 | 1
 14,  8 |   5.8754861102195343e-04 |   5.8754861102195343e-04 | 1
 14,  9 |   5.3701971739856819e-04 |   5.3701971739856819e-04 | 1
 14, 10 |  -1.4928392620543358e-03 |  -1.4928392620543358e-03 | 1
 14, 11 |   1.1809953633414770e-04 |   1.1809953633414770e-04 | 1
 14, 12 |   7.6085296257392368e-04 |   7.6085296257392368e-04 | 1
 14, 13 |   9.9985510060160605e-04 |   9.9985510060160605e-04 | 1
 14, 14 |   3.0876222631846216e-03 |   3.0876222631846216e-03 | 1
 14, 15 |   4.0247653130466251e-04 |   4.0247653130466251e-04 | 1
 14, 16 |   3.1908981425527718e-04 |   3.1908981425527718e-04 | 1
 14, 17 |   1.5461926540414071e-04 |   1.5461926540414071e-04 | 1
 14, 18 |   5.5511992787196846e-04 |   5.5511992787196846e-04 | 1
 14, 19 |   3.5636032513369011e-04 |   3.5636032513369011e-04 | 1
 14, 20 |   4.0648732924968993e-04 |   4.0648732924968993e-04 | 1
 14, 21 |  -3.5920704090778286e-04 |  -3.5920704090778286e-04 | 1
 14, 22 |   3.2151120064554729e-04 |   3.2151120064554729e-04 | 1
 14, 23 |   1.3769204604263072e-04 |   1.3769204604263072e-04 | 1
 14, 24 |   1.5159596661879355e-04 |   1.5159596661879355e-04 | 1
 14, 25 |   2.5849726769720848e-04 |   2.5849726769720848e-04 | 1
 14, 26 |  -4.6739600086367119e-04 |  -4.6739600086367119e-04 | 1
 14, 27 |  -7.4086201270341832e-07 |  -7.4086201270341832e-07 | 1
 14, 28 |   3.2252430122343045e-04 |   3.2252430122343045e-04 | 1
 14, 29 |  -7.0515169210043002e-05 |  -7.0515169210043002e-05 | 1
 14, 30 |  -4.6644599954467477e-05 |  -4.6644599954467477e-05 | 1
 15,  1 |   2.5095502265292107e-04 |   2.5095502265292107e-04 | 1
 15,  2 |   1.8052359770582814e-04 |   1.8052359770582814e-04 | 1
 15,  3 |   2.7540433951320258e-04 |   2.7540433951320258e-04 | 1
 15,  4 |   1.4509527743714328e-04 |   1.4509527743714328e-04 | 1
 15,  5 |   2.5738615147351263e-04 |   2.5738615147351263e-04 | 1
 15,  6 |   3.4040526085791047e-04 |   3.4040526085791047e-04 | 1
 15,  7 |   2.5951370147845687e-04 |   2.5951370147845687e-04 | 1
 15,  8 |   2.8932075547700970e-04 |   2.8932075547700970e-04 | 1
 15,  9 |   3.2473679456251436e-04 |   3.2473679456251436e-04 | 1
 15, 10 |  -1.1918429848992179e-05 |  -1.1918429848992179e-05 | 1
 15, 11 |   1.8719382828922691e-04 |   1.8719382828922691e-04 | 1
 15, 12 |   3.2619014714747397e-04 |   3.2619014714747397e-04 | 1
 15, 13 |   3.9893554589781968e-04 |   3.9893554589781968e-04 | 1
 15, 14 |   4.0247653130466251e-04 |   4.0247653130466251e-04 | 1
 15, 15 |   8.2424480150102225e-04 |   8.2424480150102225e-04 | 1
 15, 16 |   2.3688192697534375e-04 |   2.3688192697534375e-04 | 1
 15, 17 |   1.8133290071335148e-04 |   1.8133290071335148e-04 | 1
 15, 18 |   3.1855595792147499e-04 |   3.1855595792147499e-04 | 1
 15, 19 |   2.4672971251754106e-04 |   2.4672971251754106e-04 | 1
 15, 20 |   2.3598732492086631e-04 |   2.3598732492086631e-04 | 1
 15, 21 |   1.7542737843291678e-04 |   1.7542737843291678e-04 | 1
 15, 22 |   2.3706367898435442e-04 |   2.3706367898435442e-04 | 1
 15, 23 |   2.1816204923602196e-04 |   2.1816204923602196e-04 | 1
 15, 24 |   2.0720071861091204e-04 |   2.0720071861091204e-04 | 1
 15, 25 |   2.0895133781982103e-04 |   2.0895133781982103e-04 | 1
 15, 26 |   1.5544078323440096e-04 |   1.5544078323440096e-04 | 1
 15, 27 |   1.9768762962491397e-04 |   1.9768762962491397e-04 | 1
 15, 28 |   2.3684722237469048e-04 |   2.3684722237469048e-04 | 1
 15, 29 |   1.7540223160582343e-04 |   1.7540223160582343e-04 | 1
 15, 30 |   1.7255600082243167e-04 |   1.7255600082243167e-04 | 1
 16,  1 |   1.9945684650977545e-04 |   1.9945684650977545e-04 | 1
 16,  2 |   1.6207360487147815e-04 |   1.6207360487147815e-04 | 1
 16,  3 |   2.1704343608422634e-04 |   2.1704343608422634e-04 | 1
 16,  4 |   1.2407273865689891e-04 |   1.2407273865689891e-04 | 1
 16,  5 |   1.9374332844976345e-04 |   1.9374332844976345e-04 | 1
 16,  6 |   2.5093786240514091e-04 |   2.5093786240514091e-04 | 1
 16,  7 |   2.0752716952408731e-04 |   2.0752716952408731e-04 | 1
 16,  8 |   2.1979109998571144e-04 |   2.1979109998571144e-04 | 1
 16,  9 |   2.5766282085160866e-04 |   2.5766282085160866e-04 | 1
 16, 10 |   1.2025815987551264e-04 |   1.2025815987551264e-04 | 1
 16, 11 |   1.6113193444188245e-04 |   1.6113193444188245e-04 | 1
 16, 12 |   2.4047252962502882e-04 |   2.4047252962502882e-04 | 1
 16, 13 |   2.8516102431936155e-04 |   2.8516102431936155e-04 | 1
 16, 14 |   3.1908981425527718e-04 |   3.1908981425527718e-04 | 1
 16, 15 |   2.3688192697534375e-04 |   2.3688192697534375e-04 | 1
 16, 16 |   9.4661174962807075e-04 |   9.4661174962807075e-04 | 1
 16, 17 |   1.5899108112366322e-04 |   1.5899108112366322e-04 | 1
 16, 18 |   2.5097238927170577e-04 |   2.5097238927170577e-04 | 1
 16, 19 |   2.0028224895191453e-04 |   2.0028224895191453e-04 | 1
 16, 20 |   1.8822389766621632e-04 |   1.8822389766621632e-04 | 1
 16, 21 |   1.9388529235293467e-04 |   1.9388529235293467e-04 | 1
 16, 22 |   1.9305647960331606e-04 |   1.9305647960331606e-04 | 1
 16, 23 |   1.9214441886901423e-04 |   1.9214441886901423e-04 | 1
 16, 24 |   1.8064650773996733e-04 |   1.8064650773996733e-04 | 1
 16, 25 |   1.7532513515641811e-04 |   1.7532513515641811e-04 | 1
 16, 26 |   1.8238753504915936e-04 |   1.8238753504915936e-04 | 1
 16, 27 |   1.8438962769456139e-04 |   1.8438962769456139e-04 | 1
 16, 28 |   1.9538262014116441e-04 |   1.9538262014116441e-04 | 1
 16, 29 |   1.7016926979674613e-04 |   1.7016926979674613e-04 | 1
 16, 30 |   1.6609756152847534e-04 |   1.6609756152847534e-04 | 1
 17,  1 |   1.1276266258212925e-04 |   1.1276266258212925e-04 | 1
 17,  2 |   2.6754886021507945e-04 |   2.6754886021507945e-04 | 1
 17,  3 |   1.0341852654162836e-04 |   1.0341852654162836e-04 | 1
 17,  4 |   1.3901781928714256e-04 |   1.3901781928714256e-04 | 1
 17,  5 |   1.9047419106932084e-05 |   1.9047419106932084e-05 | 1
 17,  6 |  -4.0254177244913717e-05 |  -4.0254177244913717e-05 | 1
 17,  7 |   1.4322466204299989e-04 |   1.4322466204299989e-04 | 1
 17,  8 |   2.2268599605548736e-05 |   2.2268599605548736e-05 | 1
 17,  9 |   1.3260327605333808e-04 |   1.3260327605333808e-04 | 1
 17, 10 |   1.2392086580019647e-03 |   1.2392086580019647e-03 | 1
 17, 11 |   2.2976358019062576e-04 |   2.2976358019062576e-04 | 1
 17, 12 |  -5.5459039913341775e-05 |  -5.5459039913341775e-05 | 1
 17, 13 |  -1.2900677281896239e-04 |  -1.2900677281896239e-04 | 1
 17, 14 |   1.5461926540414071e-04 |   1.5461926540414071e-04 | 1
 17, 15 |   1.8133290071335148e-04 |   1.8133290071335148e-04 | 1
 17, 16 |   1.5899108112366322e-04 |   1.5899108112366322e-04 | 1
 17, 17 |   3.0055246755517507e-03 |   3.0055246755517507e-03 | 1
 17, 18 |   1.0684671316241390e-04 |   1.0684671316241390e-04 | 1
 17, 19 |   1.4458994631205729e-04 |   1.4458994631205729e-04 | 1
 17, 20 |   8.6762971548903916e-05 |   8.6762971548903916e-05 | 1
 17, 21 |   6.1498679222166098e-04 |   6.1498679222166098e-04 | 1
 17, 22 |   1.5199040297684245e-04 |   1.5199040297684245e-04 | 1
 17, 23 |   2.7528738137996020e-04 |   2.7528738137996020e-04 | 1
 17, 24 |   2.4513127147818823e-04 |   2.4513127147818823e-04 | 1
 17, 25 |   1.6423783618906528e-04 |   1.6423783618906528e-04 | 1
 17, 26 |   6.6849303884164522e-04 |   6.6849303884164522e-04 | 1
 17, 27 |   3.5491805185163206e-04 |   3.5491805185163206e-04 | 1
 17, 28 |   1.5611916384070140e-04 |   1.5611916384070140e-04 | 1
 17, 29 |   3.7495176989075889e-04 |   3.7495176989075889e-04 | 1
 17, 30 |   3.4818521600746998e-04 |   3.4818521600746998e-04 | 1
 18,  1 |   3.2741797040896433e-04 |   3.2741797040896433e-04 | 1
 18,  2 |   1.5988001104843417e-05 |   1.5988001104843417e-05 | 1
 18,  3 |   3.8173364394623074e-04 |   3.8173364394623074e-04 | 1
 18,  4 |   1.0565631301617481e-04 |   1.0565631301617481e-04 | 1
 18,  5 |   4.4577786028921092e-04 |   4.4577786028921092e-04 | 1
 18,  6 |   6.6049700663035871e-04 |   6.6049700663035871e-04 | 1
 18,  7 |   3.0145039701287357e-04 |   3.0145039701287357e-04 | 1
 18,  8 |   5.0108326684759755e-04 |   5.0108326684759755e-04 | 1
 18,  9 |   4.3948767131924381e-04 |   4.3948767131924381e-04 | 1
 18, 10 |  -1.4500857727650553e-03 |  -1.4500857727650553e-03 | 1
 18, 11 |   6.5756698588426431e-05 |   6.5756698588426431e-05 | 1
 18, 12 |   6.5938047521737651e-04 |   6.5938047521737651e-04 | 1
 18, 13 |   8.7585315376732603e-04 |   8.7585315376732603e-04 | 1
 18, 14 |   5.5511992787196846e-04 |   5.5511992787196846e-04 | 1
 18, 15 |   3.1855595792147499e-04 |   3.1855595792147499e-04 | 1
 18, 16 |   2.5097238927170577e-04 |   2.5097238927170577e-04 | 1
 18, 17 |   1.0684671316241390e-04 |   1.0684671316241390e-04 | 1
 18, 18 |   6.6532393653333582e-03 |   6.6532393653333582e-03 | 1
 18, 19 |   2.8420675195225779e-04 |   2.8420675195225779e-04 | 1
 18, 20 |   3.3504114800102328e-04 |   3.3504114800102328e-04 | 1
 18, 21 |  -4.0424238111951542e-04 |  -4.0424238111951542e-04 | 1
 18, 22 |   2.5542576838394755e-04 |   2.5542576838394755e-04 | 1
 18, 23 |   7.9019289961193562e-05 |   7.9019289961193562e-05 | 1
 18, 24 |   9.2066208769429596e-05 |   9.2066208769429596e-05 | 1
 18, 25 |   1.9722416602239702e-04 |   1.9722416602239702e-04 | 1
 18, 26 |  -5.0220703414455487e-04 |  -5.0220703414455487e-04 | 1
 18, 27 |  -5.3410016357943895e-05 |  -5.3410016357943895e-05 | 1
 18, 28 |   2.5349752060617459e-04 |   2.5349752060617459e-04 | 1
 18, 29 |  -1.1613226287086550e-04 |  -1.1613226287086550e-04 | 1
 18, 30 |  -8.9715505816269814e-05 |  -8.9715505816269814e-05 | 1
 19,  1 |   2.1882671160185793e-04 |   2.1882671160185793e-04 | 1
 19,  2 |   1.3111442919205989e-04 |   1.3111442919205989e-04 | 1
 19,  3 |   2.4306492650948711e-04 |   2.4306492650948711e-04 | 1
 19,  4 |   1.1591865240844919e-04 |   1.1591865240844919e-04 | 1
 19,  5 |   2.3749254723007599e-04 |   2.3749254723007599e-04 | 1
 19,  6 |   3.2246252920213885e-04 |   3.2246252920213885e-04 | 1
 19,  7 |   2.2093661446245360e-04 |   2.2093661446245360e-04 | 1
 19,  8 |   2.6665630899761714e-04 |   2.6665630899761714e-04 | 1
 19,  9 |   2.8672034106073035e-04 |   2.8672034106073035e-04 | 1
 19, 10 |  -1.8209034263874145e-04 |  -1.8209034263874145e-04 | 1
 19, 11 |   1.4041395773254235e-04 |   1.4041395773254235e-04 | 1
 19, 12 |   3.1207181268432525e-04 |   3.1207181268432525e-04 | 1
 19, 13 |   3.9032198098563095e-04 |   3.9032198098563095e-04 | 1
 19, 14 |   3.5636032513369011e-04 |   3.5636032513369011e-04 | 1
 19, 15 |   2.4672971251754106e-04 |   2.4672971251754106e-04 | 1
 19, 16 |   2.0028224895191453e-04 |   2.0028224895191453e-04 | 1
 19, 17 |   1.4458994631205729e-04 |   1.4458994631205729e-04 | 1
 19, 18 |   2.8420675195225779e-04 |   2.8420675195225779e-04 | 1
 19, 19 |   1.8997519226558678e-03 |   1.8997519226558678e-03 | 1
 19, 20 |   2.1077553766390305e-04 |   2.1077553766390305e-04 | 1
 19, 21 |   7.8220733247892871e-05 |   7.8220733247892871e-05 | 1
 19, 22 |   1.9978512959739560e-04 |   1.9978512959739560e-04 | 1
 19, 23 |   1.6676276902748499e-04 |   1.6676276902748499e-04 | 1
 19, 24 |   1.5870267137806104e-04 |   1.5870267137806104e-04 | 1
 19, 25 |   1.7530012645405158e-04 |   1.7530012645405158e-04 | 1
 19, 26 |   5.0540863211417602e-05 |   5.0540863211417602e-05 | 1
 19, 27 |   1.3563230295088937e-04 |   1.3563230295088937e-04 | 1
 19, 28 |   2.0031734849940310e-04 |   2.0031734849940310e-04 | 1
 19, 29 |   1.1086504280286310e-04 |   1.1086504280286310e-04 | 1
 19, 30 |   1.1201602111304300e-04 |   1.1201602111304300e-04 | 1
 20,  1 |   2.3932996585862939e-04 |   2.3932996585862939e-04 | 1
 20,  2 |   2.6103947685300647e-05 |   2.6103947685300647e-05 | 1
 20,  3 |   2.7785808039734522e-04 |   2.7785808039734522e-04 | 1
 20,  4 |   8.3739409292526892e-05 |   8.3739409292526892e-05 | 1
 20,  5 |   3.1839288380172730e-04 |   3.1839288380172730e-04 | 1
 20,  6 |   4.7165477246220733e-04 |   4.7165477246220733e-04 | 1
 20,  7 |   2.2304732953934292e-04 |   2.2304732953934292e-04 | 1
 20,  8 |   3.5923826071417671e-04 |   3.5923826071417671e-04 | 1
 20,  9 |   3.2220986199730964e-04 |   3.2220986199730964e-04 | 1
 20, 10 |  -9.6845902889377655e-04 |  -9.6845902889377655e-04 | 1
 20, 11 |   5.9928911589997077e-05 |   5.9928911589997077e-05 | 1
 20, 12 |   4.6923622254919429e-04 |   4.6923622254919429e-04 | 1
 20, 13 |   6.1621899453102803e-04 |   6.1621899453102803e-04 | 1
 20, 14 |   4.0648732924968993e-04 |   4.0648732924968993e-04 | 1
 20, 15 |   2.3598732492086631e-04 |   2.3598732492086631e-04 | 1
 20, 16 |   1.8822389766621632e-04 |   1.8822389766621632e-04 | 1
 20, 17 |   8.6762971548903916e-05 |   8.6762971548903916e-05 | 1
 20, 18 |   3.3504114800102328e-04 |   3.3504114800102328e-04 | 1
 20, 19 |   2.1077553766390305e-04 |   2.1077553766390305e-04 | 1
 20, 20 |   5.2327634187427537e-03 |   5.2327634187427537e-03 | 1
 20, 21 |  -2.4942463582951701e-04 |  -2.4942463582951701e-04 | 1
 20, 22 |   1.8817282823083349e-04 |   1.8817282823083349e-04 | 1
 20, 23 |   7.1516027951782406e-05 |   7.1516027951782406e-05 | 1
 20, 24 |   8.0584631071822660e-05 |   8.0584631071822660e-05 | 1
 20, 25 |   1.5012786699742235e-04 |   1.5012786699742235e-04 | 1
 20, 26 |  -3.1984014386611629e-04 |  -3.1984014386611629e-04 | 1
 20, 27 |  -1.9762634800908594e-05 |  -1.9762634800908594e-05 | 1
 20, 28 |   1.9020281631074309e-04 |   1.9020281631074309e-04 | 1
 20, 29 |  -6.2068846528451926e-05 |  -6.2068846528451926e-05 | 1
 20, 30 |  -4.4975415840459373e-05 |  -4.4975415840459373e-05 | 1
 21,  1 |  -1.2812508925602142e-04 |  -1.2812508925602142e-04 | 1
 21,  2 |   1.0549211461718120e-03 |   1.0549211461718120e-03 | 1
 21,  3 |  -2.5928110520921188e-04 |  -2.5928110520921188e-04 | 1
 21,  4 |   3.7495150492009672e-04 |   3.7495150492009672e-04 | 1
 21,  5 |  -7.1501665740210775e-04 |  -7.1501665740210775e-04 | 1
 21,  6 |  -1.3265641965567211e-03 |  -1.3265641965567211e-03 | 1
 21,  7 |   5.0722425367670591e-05 |   5.0722425367670591e-05 | 1
 21,  8 |  -8.0137036373470884e-04 |  -8.0137036373470884e-04 | 1
 21,  9 |  -2.4767392971545269e-04 |  -2.4767392971545269e-04 | 1
 21, 10 |   7.5908213422395711e-03 |   7.5908213422395711e-03 | 1
 21, 11 |   8.2014593996375363e-04 |   8.2014593996375363e-04 | 1
 21, 12 |  -1.3987055044242316e-03 |  -1.3987055044242316e-03 | 1
 21, 13 |  -2.0823611689196595e-03 |  -2.0823611689196595e-03 | 1
 21, 14 |  -3.5920704090778286e-04 |  -3.5920704090778286e-04 | 1
 21, 15 |   1.7542737843291678e-04 |   1.7542737843291678e-04 | 1
 21, 16 |   1.9388529235293467e-04 |   1.9388529235293467e-04 | 1
 21, 17 |   6.1498679222166098e-04 |   6.1498679222166098e-04 | 1
 21, 18 |  -4.0424238111951542e-04 |  -4.0424238111951542e-04 | 1
 21, 19 |   7.8220733247892871e-05 |   7.8220733247892871e-05 | 1
 21, 20 |  -2.4942463582951701e-04 |  -2.4942463582951701e-04 | 1
 21, 21 |   1.1303128046471022e-02 |   1.1303128046471022e-02 | 1
 21, 22 |   1.6272454540092551e-04 |   1.6272454540092551e-04 | 1
 21, 23 |   9.7872043492379986e-04 |   9.7872043492379986e-04 | 1
 21, 24 |   8.2840759898670548e-04 |   8.2840759898670548e-04 | 1
 21, 25 |   3.0462211001103733e-04 |   3.0462211001103733e-04 | 1
 21, 26 |   3.6111412801641055e-03 |   3.6111412801641055e-03 | 1
 21, 27 |   1.5348850972429784e-03 |   1.5348850972429784e-03 | 1
 21, 28 |   1.7812536081144263e-04 |   1.7812536081144263e-04 | 1
 21, 29 |   1.7253125780090004e-03 |   1.7253125780090004e-03 | 1
 21, 30 |   1.5717696233881668e-03 |   1.5717696233881668e-03 | 1
 22,  1 |   2.0115910440175971e-04 |   2.0115910440175971e-04 | 1
 22,  2 |   1.5289658680956811e-04 |   1.5289658680956811e-04 | 1
 22,  3 |   2.1990186176036890e-04 |   2.1990186176036890e-04 | 1
 22,  4 |   1.2372313865974006e-04 |   1.2372313865974006e-04 | 1
 22,  5 |   2.0170076738055160e-04 |   2.0170076738055160e-04 | 1
 22,  6 |   2.6098942300279619e-04 |   2.6098942300279619e-04 | 1
 22,  7 |   2.0918156038065937e-04 |   2.0918156038065937e-04 | 1
 22,  8 |   2.2526582777617128e-04 |   2.2526582777617128e-04 | 1
 22,  9 |   2.6014160093544461e-04 |   2.6014160093544461e-04 | 1
 22, 10 |   5.1615405279599024e-05 |   5.1615405279599024e-05 | 1
 22, 11 |   1.5379348856873015e-04 |   1.5379348856873015e-04 | 1
 22, 12 |   2.5288354502508883e-04 |   2.5288354502508883e-04 | 1
 22, 13 |   3.0489466910987574e-04 |   3.0489466910987574e-04 | 1
 22, 14 |   3.2151120064554729e-04 |   3.2151120064554729e-04 | 1
 22, 15 |   2.3706367898435442e-04 |   2.3706367898435442e-04 | 1
 22, 16 |   1.9305647960331606e-04 |   1.9305647960331606e-04 | 1
 22, 17 |   1.5199040297684245e-04 |   1.5199040297684245e-04 | 1
 22, 18 |   2.5542576838394755e-04 |   2.5542576838394755e-04 | 1
 22, 19 |   1.9978512959739560e-04 |   1.9978512959739560e-04 | 1
 22, 20 |   1.8817282823083349e-04 |   1.8817282823083349e-04 | 1
 22, 21 |   1.6272454540092551e-04 |   1.6272454540092551e-04 | 1
 22, 22 |   3.4573533300845372e-03 |   3.4573533300845372e-03 | 1
 22, 23 |   1.8542009976584332e-04 |   1.8542009976584332e-04 | 1
 22, 24 |   1.7176910004355092e-04 |   1.7176910004355092e-04 | 1
 22, 25 |   1.7202109411809560e-04 |   1.7202109411809560e-04 | 1
 22, 26 |   1.5075411160525158e-04 |   1.5075411160525158e-04 | 1
 22, 27 |   1.6972450877779342e-04 |   1.6972450877779342e-04 | 1
 22, 28 |   1.9283440631016115e-04 |   1.9283440631016115e-04 | 1
 22, 29 |   1.5302546364375126e-04 |   1.5302546364375126e-04 | 1
 22, 30 |   1.5097170995644348e-04 |   1.5097170995644348e-04 | 1
 23,  1 |   1.1203455252423038e-04 |   1.1203455252423038e-04 | 1
 23,  2 |   3.9364542221378512e-04 |   3.9364542221378512e-04 | 1
 23,  3 |   9.0277885878298469e-05 |   9.0277885878298469e-05 | 1
 23,  4 |   1.8950195218597852e-04 |   1.8950195218597852e-04 | 1
 23,  5 |  -4.3769432686659275e-05 |  -4.3769432686659275e-05 | 1
 23,  6 |  -1.6542042285049716e-04 |  -1.6542042285049716e-04 | 1
 23,  7 |   1.6503026985026072e-04 |   1.6503026985026072e-04 | 1
 23,  8 |  -5.0316730570689811e-05 |  -5.0316730570689811e-05 | 1
 23,  9 |   1.2337622238691527e-04 |   1.2337622238691527e-04 | 1
 23, 10 |   2.0661530038593892e-03 |   2.0661530038593892e-03 | 1
 23, 11 |   3.2943177890927869e-04 |   3.2943177890927869e-04 | 1
 23, 12 |  -1.8995557765887471e-04 |  -1.8995557765887471e-04 | 1
 23, 13 |  -3.3352837412404677e-04 |  -3.3352837412404677e-04 | 1
 23, 14 |   1.3769204604263072e-04 |   1.3769204604263072e-04 | 1
 23, 15 |   2.1816204923602196e-04 |   2.1816204923602196e-04 | 1
 23, 16 |   1.9214441886901423e-04 |   1.9214441886901423e-04 | 1
 23, 17 |   2.7528738137996020e-04 |   2.7528738137996020e-04 | 1
 23, 18 |   7.9019289961193562e-05 |   7.9019289961193562e-05 | 1
 23, 19 |   1.6676276902748499e-04 |   1.6676276902748499e-04 | 1
 23, 20 |   7.1516027951782406e-05 |   7.1516027951782406e-05 | 1
 23, 21 |   9.7872043492379986e-04 |   9.7872043492379986e-04 | 1
 23, 22 |   1.8542009976584332e-04 |   1.8542009976584332e-04 | 1
 23, 23 |   1.1191178585750431e-03 |   1.1191178585750431e-03 | 1
 23, 24 |   3.4578013182204629e-04 |   3.4578013182204629e-04 | 1
 23, 25 |   2.0688062596373148e-04 |   2.0688062596373148e-04 | 1
 23, 26 |   1.0732548984159944e-03 |   1.0732548984159944e-03 | 1
 23, 27 |   5.3288841192074559e-04 |   5.3288841192074559e-04 | 1
 23, 28 |   1.8816102108012382e-04 |   1.8816102108012382e-04 | 1
 23, 29 |   5.7285173626359120e-04 |   5.7285173626359120e-04 | 1
 23, 30 |   5.2915123465108833e-04 |   5.2915123465108833e-04 | 1
 24,  1 |   1.1463745554356075e-04 |   1.1463745554356075e-04 | 1
 24,  2 |   3.4191957820512250e-04 |   3.4191957820512250e-04 | 1
 24,  3 |   9.8773625674743418e-05 |   9.8773625674743418e-05 | 1
 24,  4 |   1.6956364768705076e-04 |   1.6956364768705076e-04 | 1
 24,  5 |  -1.4976663308455044e-05 |  -1.4976663308455044e-05 | 1
 24,  6 |  -1.0568609177726788e-04 |  -1.0568609177726788e-04 | 1
 24,  7 |   1.5881632241309207e-04 |   1.5881632241309207e-04 | 1
 24,  8 |  -1.5100336689071535e-05 |  -1.5100336689071535e-05 | 1
 24,  9 |   1.3136136604933416e-04 |   1.3136136604933416e-04 | 1
 24, 10 |   1.7114544643997435e-03 |   1.7114544643997435e-03 | 1
 24, 11 |   2.9182377896575613e-04 |   2.9182377896575613e-04 | 1
 24, 12 |  -1.2819694749991050e-04 |  -1.2819694749991050e-04 | 1
 24, 13 |  -2.4267169982459874e-04 |  -2.4267169982459874e-04 | 1
 24, 14 |   1.5159596661879355e-04 |   1.5159596661879355e-04 | 1
 24, 15 |   2.0720071861091204e-04 |   2.0720071861091204e-04 | 1
 24, 16 |   1.8064650773996733e-04 |   1.8064650773996733e-04 | 1
 24, 17 |   2.4513127147818823e-04 |   2.4513127147818823e-04 | 1
 24, 18 |   9.2066208769429596e-05 |   9.2066208769429596e-05 | 1
 24, 19 |   1.5870267137806104e-04 |   1.5870267137806104e-04 | 1
 24, 20 |   8.0584631071822660e-05 |   8.0584631071822660e-05 | 1
 24, 21 |   8.2840759898670548e-04 |   8.2840759898670548e-04 | 1
 24, 22 |   1.7176910004355092e-04 |   1.7176910004355092e-04 | 1
 24, 23 |   3.4578013182204629e-04 |   3.4578013182204629e-04 | 1
 24, 24 |   2.6594343781556175e-03 |   2.6594343781556175e-03 | 1
 24, 25 |   1.9112579581572218e-04 |   1.9112579581572218e-04 | 1
 24, 26 |   9.0666025174320831e-04 |   9.0666025174320831e-04 | 1
 24, 27 |   4.6064178379486779e-04 |   4.6064178379486779e-04 | 1
 24, 28 |   1.7880118929977944e-04 |   1.7880118929977944e-04 | 1
 24, 29 |   4.9270720951095611e-04 |   4.9270720951095611e-04 | 1
 24, 30 |   4.5740721979344354e-04 |   4.5740721979344354e-04 | 1
 25,  1 |   1.6454878273213132e-04 |   1.6454878273213132e-04 | 1
 25,  2 |   1.8417699093211260e-04 |   1.8417699093211260e-04 | 1
 25,  3 |   1.7324177387323286e-04 |   1.7324177387323286e-04 | 1
 25,  4 |   1.2050789821417443e-04 |   1.2050789821417443e-04 | 1
 25,  5 |   1.3360307097514757e-04 |   1.3360307097514757e-04 | 1
 25,  6 |   1.5719895207827453e-04 |   1.5719895207827453e-04 | 1
 25,  7 |   1.7837146559747402e-04 |   1.7837146559747402e-04 | 1
 25,  8 |   1.5282065747517274e-04 |   1.5282065747517274e-04 | 1
 25,  9 |   2.0894616782609094e-04 |   2.0894616782609094e-04 | 1
 25, 10 |   4.3456766472851742e-04 |   4.3456766472851742e-04 | 1
 25, 11 |   1.7298760636000457e-04 |   1.7298760636000457e-04 | 1
 25, 12 |   1.4306855993934136e-04 |   1.4306855993934136e-04 | 1
 25, 13 |   1.5310862200571001e-04 |   1.5310862200571001e-04 | 1
 25, 14 |   2.5849726769720848e-04 |   2.5849726769720848e-04 | 1
 25, 15 |   2.0895133781982103e-04 |   2.0895133781982103e-04 | 1
 25, 16 |   1.7532513515641811e-04 |   1.7532513515641811e-04 | 1
 25, 17 |   1.6423783618906528e-04 |   1.6423783618906528e-04 | 1
 25, 18 |   1.9722416602239702e-04 |   1.9722416602239702e-04 | 1
 25, 19 |   1.7530012645405158e-04 |   1.7530012645405158e-04 | 1
 25, 20 |   1.5012786699742235e-04 |   1.5012786699742235e-04 | 1
 25, 21 |   3.0462211001103733e-04 |   3.0462211001103733e-04 | 1
 25, 22 |   1.7202109411809560e-04 |   1.7202109411809560e-04 | 1
 25, 23 |   2.0688062596373148e-04 |   2.0688062596373148e-04 | 1
 25, 24 |   1.9112579581572218e-04 |   1.9112579581572218e-04 | 1
 25, 25 |   5.2409505471325210e-03 |   5.2409505471325210e-03 | 1
 25, 26 |   3.1550085212410936e-04 |   3.1550085212410936e-04 | 1
 25, 27 |   2.2622260179533122e-04 |   2.2622260179533122e-04 | 1
 25, 28 |   1.7500949215619075e-04 |   1.7500949215619075e-04 | 1
 25, 29 |   2.2254083184108971e-04 |   2.2254083184108971e-04 | 1
 25, 30 |   2.1109502816941256e-04 |   2.1109502816941256e-04 | 1
 26,  1 |  -1.8222527418905292e-04 |  -1.8222527418905292e-04 | 1
 26,  2 |   1.1677205312444778e-03 |   1.1677205312444778e-03 | 1
 26,  3 |  -3.3640180425240226e-04 |  -3.3640180425240226e-04 | 1
 26,  4 |   4.0317859028122681e-04 |   4.0317859028122681e-04 | 1
 26,  5 |  -8.4563682781187556e-04 |  -8.4563682781187556e-04 | 1
 26,  6 |  -1.5564631392372304e-03 |  -1.5564631392372304e-03 | 1
 26,  7 |   1.9109263851301386e-05 |   1.9109263851301386e-05 | 1
 26,  8 |  -9.5245492759181015e-04 |  -9.5245492759181015e-04 | 1
 26,  9 |  -3.2781003103911192e-04 |  -3.2781003103911192e-04 | 1
 26, 10 |   8.5868883153840739e-03 |   8.5868883153840739e-03 | 1
 26, 11 |   9.0114113168440421e-04 |   9.0114113168440421e-04 | 1
 26, 12 |  -1.6329500468742230e-03 |  -1.6329500468742230e-03 | 1
 26, 13 |  -2.4122930377928676e-03 |  -2.4122930377928676e-03 | 1
 26, 14 |  -4.6739600086367119e-04 |  -4.6739600086367119e-04 | 1
 26, 15 |   1.5544078323440096e-04 |   1.5544078323440096e-04 | 1
 26, 16 |   1.8238753504915936e-04 |   1.8238753504915936e-04 | 1
 26, 17 |   6.6849303884164522e-04 |   6.6849303884164522e-04 | 1
 26, 18 |  -5.0220703414455487e-04 |  -5.0220703414455487e-04 | 1
 26, 19 |   5.0540863211417602e-05 |   5.0540863211417602e-05 | 1
 26, 20 |  -3.1984014386611629e-04 |  -3.1984014386611629e-04 | 1
 26, 21 |   3.6111412801641055e-03 |   3.6111412801641055e-03 | 1
 26, 22 |   1.5075411160525158e-04 |   1.5075411160525158e-04 | 1
 26, 23 |   1.0732548984159944e-03 |   1.0732548984159944e-03 | 1
 26, 24 |   9.0666025174320831e-04 |   9.0666025174320831e-04 | 1
 26, 25 |   3.1550085212410936e-04 |   3.1550085212410936e-04 | 1
 26, 26 |   1.7106267175150548e-02 |   1.7106267175150548e-02 | 1
 26, 27 |   1.7052545522711600e-03 |   1.7052545522711600e-03 | 1
 26, 28 |   1.6759001382535136e-04 |   1.6759001382535136e-04 | 1
 26, 29 |   1.9281665346225401e-03 |   1.9281665346225401e-03 | 1
 26, 30 |   1.7541689255272299e-03 |   1.7541689255272299e-03 | 1
 27,  1 |   4.3054560308270170e-05 |   4.3054560308270170e-05 | 1
 27,  2 |   5.5352366694045099e-04 |   5.5352366694045099e-04 | 1
 27,  3 |  -7.3341673640865090e-06 |  -7.3341673640865090e-06 | 1
 27,  4 |   2.2805639628335571e-04 |   2.2805639628335571e-04 | 1
 27,  5 |  -2.2332579782595319e-04 |  -2.2332579782595319e-04 | 1
 27,  6 |  -4.7050256674844573e-04 |  -4.7050256674844573e-04 | 1
 27,  7 |   1.2621551848008406e-04 |   1.2621551848008406e-04 | 1
 27,  8 |  -2.4924985468978899e-04 |  -2.4924985468978899e-04 | 1
 27,  9 |   1.7763635873570496e-05 |   1.7763635873570496e-05 | 1
 27, 10 |   3.4538256403645034e-03 |   3.4538256403645034e-03 | 1
 27, 11 |   4.4789929547052617e-04 |   4.4789929547052617e-04 | 1
 27, 12 |  -5.0510694089892557e-04 |  -5.0510694089892557e-04 | 1
 27, 13 |  -7.8621297576795938e-04 |  -7.8621297576795938e-04 | 1
 27, 14 |  -7.4086201270341832e-07 |  -7.4086201270341832e-07 | 1
 27, 15 |   1.9768762962491397e-04 |   1.9768762962491397e-04 | 1
 27, 16 |   1.8438962769456139e-04 |   1.8438962769456139e-04 | 1
 27, 17 |   3.5491805185163206e-04 |   3.5491805185163206e-04 | 1
 27, 18 |  -5.3410016357943895e-05 |  -5.3410016357943895e-05 | 1
 27, 19 |   1.3563230295088937e-04 |   1.3563230295088937e-04 | 1
 27, 20 |  -1.9762634800908594e-05 |  -1.9762634800908594e-05 | 1
 27, 21 |   1.5348850972429784e-03 |   1.5348850972429784e-03 | 1
 27, 22 |   1.6972450877779342e-04 |   1.6972450877779342e-04 | 1
 27, 23 |   5.3288841192074559e-04 |   5.3288841192074559e-04 | 1
 27, 24 |   4.6064178379486779e-04 |   4.6064178379486779e-04 | 1
 27, 25 |   2.2622260179533122e-04 |   2.2622260179533122e-04 | 1
 27, 26 |   1.7052545522711600e-03 |   1.7052545522711600e-03 | 1
 27, 27 |   2.4094514332104393e-03 |   2.4094514332104393e-03 | 1
 27, 28 |   1.7842541502830514e-04 |   1.7842541502830514e-04 | 1
 27, 29 |   8.5809220605208975e-04 |   8.5809220605208975e-04 | 1
 27, 30 |   7.8576819793268310e-04 |   7.8576819793268310e-04 | 1
 28,  1 |   2.0059819621243754e-04 |   2.0059819621243754e-04 | 1
 28,  2 |   1.5754866033170864e-04 |   1.5754866033170864e-04 | 1
 28,  3 |   2.1832662805390448e-04 |   2.1832662805390448e-04 | 1
 28,  4 |   1.2283295134756514e-04 |   1.2283295134756514e-04 | 1
 28,  5 |   1.9771626749230268e-04 |   1.9771626749230268e-04 | 1
 28,  6 |   2.5841555680233830e-04 |   2.5841555680233830e-04 | 1
 28,  7 |   2.0788443095000840e-04 |   2.0788443095000840e-04 | 1
 28,  8 |   2.2428551465976583e-04 |   2.2428551465976583e-04 | 1
 28,  9 |   2.6016032829549409e-04 |   2.6016032829549409e-04 | 1
 28, 10 |   8.3062447635047368e-05 |   8.3062447635047368e-05 | 1
 28, 11 |   1.5830242643687824e-04 |   1.5830242643687824e-04 | 1
 28, 12 |   2.4846065374092223e-04 |   2.4846065374092223e-04 | 1
 28, 13 |   2.9666487388866833e-04 |   2.9666487388866833e-04 | 1
 28, 14 |   3.2252430122343045e-04 |   3.2252430122343045e-04 | 1
 28, 15 |   2.3684722237469048e-04 |   2.3684722237469048e-04 | 1
 28, 16 |   1.9538262014116441e-04 |   1.9538262014116441e-04 | 1
 28, 17 |   1.5611916384070140e-04 |   1.5611916384070140e-04 | 1
 28, 18 |   2.5349752060617459e-04 |   2.5349752060617459e-04 | 1
 28, 19 |   2.0031734849940310e-04 |   2.0031734849940310e-04 | 1
 28, 20 |   1.9020281631074309e-04 |   1.9020281631074309e-04 | 1
 28, 21 |   1.7812536081144263e-04 |   1.7812536081144263e-04 | 1
 28, 22 |   1.9283440631016115e-04 |   1.9283440631016115e-04 | 1
 28, 23 |   1.8816102108012382e-04 |   1.8816102108012382e-04 | 1
 28, 24 |   1.7880118929977944e-04 |   1.7880118929977944e-04 | 1
 28, 25 |   1.7500949215619075e-04 |   1.7500949215619075e-04 | 1
 28, 26 |   1.6759001382535136e-04 |   1.6759001382535136e-04 | 1
 28, 27 |   1.7842541502830514e-04 |   1.7842541502830514e-04 | 1
 28, 28 |   2.0848946927385418e-03 |   2.0848946927385418e-03 | 1
 28, 29 |   1.6257174594754128e-04 |   1.6257174594754128e-04 | 1
 28, 30 |   1.5961907709072205e-04 |   1.5961907709072205e-04 | 1
 29,  1 |   5.8691275289512749e-06 |   5.8691275289512749e-06 | 1
 29,  2 |   6.0183569431123914e-04 |   6.0183569431123914e-04 | 1
 29,  3 |  -5.7139503816585554e-05 |  -5.7139503816585554e-05 | 1
 29,  4 |   2.3902624896100306e-04 |   2.3902624896100306e-04 | 1
 29,  5 |  -2.9905163614245235e-04 |  -2.9905163614245235e-04 | 1
 29,  6 |  -5.9885623933466454e-04 |  -5.9885623933466454e-04 | 1
 29,  7 |   9.9820753985468979e-05 |   9.9820753985468979e-05 | 1
 29,  8 |  -3.3587430345583691e-04 |  -3.3587430345583691e-04 | 1
 29,  9 |  -3.5427593205526792e-05 |  -3.5427593205526792e-05 | 1
 29, 10 |   3.9614948077310932e-03 |   3.9614948077310932e-03 | 1
 29, 11 |   4.8032625608353111e-04 |   4.8032625608353111e-04 | 1
 29, 12 |  -6.3537177868368050e-04 |  -6.3537177868368050e-04 | 1
 29, 13 |  -9.6952849316383799e-04 |  -9.6952849316383799e-04 | 1
 29, 14 |  -7.0515169210043002e-05 |  -7.0515169210043002e-05 | 1
 29, 15 |   1.7540223160582343e-04 |   1.7540223160582343e-04 | 1
 29, 16 |   1.7016926979674613e-04 |   1.7016926979674613e-04 | 1
 29, 17 |   3.7495176989075889e-04 |   3.7495176989075889e-04 | 1
 29, 18 |  -1.1613226287086550e-04 |  -1.1613226287086550e-04 | 1
 29, 19 |   1.1086504280286310e-04 |   1.1086504280286310e-04 | 1
 29, 20 |  -6.2068846528451926e-05 |  -6.2068846528451926e-05 | 1
 29, 21 |   1.7253125780090004e-03 |   1.7253125780090004e-03 | 1
 29, 22 |   1.5302546364375126e-04 |   1.5302546364375126e-04 | 1
 29, 23 |   5.7285173626359120e-04 |   5.7285173626359120e-04 | 1
 29, 24 |   4.9270720951095611e-04 |   4.9270720951095611e-04 | 1
 29, 25 |   2.2254083184108971e-04 |   2.2254083184108971e-04 | 1
 29, 26 |   1.9281665346225401e-03 |   1.9281665346225401e-03 | 1
 29, 27 |   8.5809220605208975e-04 |   8.5809220605208975e-04 | 1
 29, 28 |   1.6257174594754128e-04 |   1.6257174594754128e-04 | 1
 29, 29 |   2.9130991752241617e-03 |   2.9130991752241617e-03 | 1
 29, 30 |   8.6932530011117008e-04 |   8.6932530011117008e-04 | 1
 30,  1 |   1.6821576631460246e-05 |   1.6821576631460246e-05 | 1
 30,  2 |   5.5411362652279747e-04 |   5.5411362652279747e-04 | 1
 30,  3 |  -3.8605549165556814e-05 |  -3.8605549165556814e-05 | 1
 30,  4 |   2.2399300525142291e-04 |   2.2399300525142291e-04 | 1
 30,  5 |  -2.5895353944898789e-04 |  -2.5895353944898789e-04 | 1
 30,  6 |  -5.2552620522516608e-04 |  -5.2552620522516608e-04 | 1
 30,  7 |   1.0284155296100174e-04 |   1.0284155296100174e-04 | 1
 30,  8 |  -2.9017903543347647e-04 |  -2.9017903543347647e-04 | 1
 30,  9 |  -1.6815107231340710e-05 |  -1.6815107231340710e-05 | 1
 30, 10 |   3.5864552334825576e-03 |   3.5864552334825576e-03 | 1
 30, 11 |   4.4403142346354163e-04 |   4.4403142346354163e-04 | 1
 30, 12 |  -5.5860902159444884e-04 |  -5.5860902159444884e-04 | 1
 30, 13 |  -8.5983756336611181e-04 |  -8.5983756336611181e-04 | 1
 30, 14 |  -4.6644599954467477e-05 |  -4.6644599954467477e-05 | 1
 30, 15 |   1.7255600082243167e-04 |   1.7255600082243167e-04 | 1
 30, 16 |   1.6609756152847534e-04 |   1.6609756152847534e-04 | 1
 30, 17 |   3.4818521600746998e-04 |   3.4818521600746998e-04 | 1
 30, 18 |  -8.9715505816269814e-05 |  -8.9715505816269814e-05 | 1
 30, 19 |   1.1201602111304300e-04 |   1.1201602111304300e-04 | 1
 30, 20 |  -4.4975415840459373e-05 |  -4.4975415840459373e-05 | 1
 30, 21 |   1.5717696233881668e-03 |   1.5717696233881668e-03 | 1
 30, 22 |   1.5097170995644348e-04 |   1.5097170995644348e-04 | 1
 30, 23 |   5.2915123465108833e-04 |   5.2915123465108833e-04 | 1
 30, 24 |   4.5740721979344354e-04 |   4.5740721979344354e-04 | 1
 30, 25 |   2.1109502816941256e-04 |   2.1109502816941256e-04 | 1
 30, 26 |   1.7541689255272299e-03 |   1.7541689255272299e-03 | 1
 30, 27 |   7.8576819793268310e-04 |   7.8576819793268310e-04 | 1
 30, 28 |   1.5961907709072205e-04 |   1.5961907709072205e-04 | 1
 30, 29 |   8.6932530011117008e-04 |   8.6932530011117008e-04 | 1
 30, 30 |   4.9889166895286038e-03 |   4.9889166895286038e-03 | 1
