row,col | V_base                   | V_new                    | equal
  1,  1 |   3.9467470560204237e-04 |   3.9467470560204237e-04 | 1
  1,  2 |   1.8188794794258751e-03 |   1.8188794794258751e-03 | 1
  1,  3 |   2.6050068320089233e-04 |   2.6050068320089233e-04 | 1
  1,  4 |   1.4446771760909022e-04 |   1.4446771760909022e-04 | 1
  1,  5 |  -3.0965702712730709e-04 |  -3.0965702712730709e-04 | 1
  1,  6 |   5.8446087471377420e-05 |   5.8446087471377420e-05 | 1
  2,  1 |   1.8188794794258751e-03 |   1.8188794794258751e-03 | 1
  2,  2 |   1.9840052357691755e-02 |   1.9840052357691755e-02 | 1
  2,  3 |   1.5075515479986271e-03 |   1.5075515479986271e-03 | 1
  2,  4 |   9.7753319654145243e-04 |   9.7753319654145243e-04 | 1
  2,  5 |  -5.1162081128906488e-03 |  -5.1162081128906488e-03 | 1
  2,  6 |  -4.8954556939707883e-04 |  -4.8954556939707883e-04 | 1
  3,  1 |   2.6050068320089233e-04 |   2.6050068320089233e-04 | 1
  3,  2 |   1.5075515479986271e-03 |   1.5075515479986271e-03 | 1
  3,  3 |   7.9701643477348930e-03 |   7.9701643477348930e-03 | 1
  3,  4 |   1.6927163450901903e-04 |   1.6927163450901903e-04 | 1
  3,  5 |  -1.1304945371378239e-04 |  -1.1304945371378239e-04 | 1
  3,  6 |   1.4684082403765460e-04 |   1.4684082403765460e-04 | 1
  4,  1 |   1.4446771760909022e-04 |   1.4446771760909022e-04 | 1
  4,  2 |   9.7753319654145243e-04 |   9.7753319654145243e-04 | 1
  4,  3 |   1.6927163450901903e-04 |   1.6927163450901903e-04 | 1
  4,  4 |   3.5005792785003436e-03 |   3.5005792785003436e-03 | 1
  4,  5 |  -1.1753664687720963e-04 |  -1.1753664687720963e-04 | 1
  4,  6 |   6.3726855996116416e-05 |   6.3726855996116416e-05 | 1
  5,  1 |  -3.0965702712730709e-04 |  -3.0965702712730709e-04 | 1
  5,  2 |  -5.1162081128906488e-03 |  -5.1162081128906488e-03 | 1
  5,  3 |  -1.1304945371378239e-04 |  -1.1304945371378239e-04 | 1
  5,  4 |  -1.1753664687720963e-04 |  -1.1753664687720963e-04 | 1
  5,  5 |   3.9118153356159499e-03 |   3.9118153356159499e-03 | 1
  5,  6 |   3.6483332672301784e-04 |   3.6483332672301784e-04 | 1
  6,  1 |   5.8446087471377420e-05 |   5.8446087471377420e-05 | 1
  6,  2 |  -4.8954556939707883e-04 |  -4.8954556939707883e-04 | 1
  6,  3 |   1.4684082403765460e-04 |   1.4684082403765460e-04 | 1
  6,  4 |   6.3726855996116416e-05 |   6.3726855996116416e-05 | 1
  6,  5 |   3.6483332672301784e-04 |   3.6483332672301784e-04 | 1
  6,  6 |   3.4417800436650775e-04 |   3.4417800436650775e-04 | 1
