row,col | V_base                   | V_new                    | equal
  1,  1 |   2.3076317113289984e-03 |   2.3076317113289984e-03 | 1
  1,  2 |  -6.6146285735312347e+00 |  -6.6146285735312347e+00 | 1
  1,  3 |   2.9733092981327771e-03 |   2.9733092981327771e-03 | 1
  1,  4 |  -1.1509134820797400e-03 |  -1.1509134820797400e-03 | 1
  1,  5 |  -1.6147860781015675e-03 |  -1.6147860781015675e-03 | 1
  1,  6 |  -1.2550537717989040e-03 |  -1.2550537717989040e-03 | 1
  2,  1 |  -6.6146285735312347e+00 |  -6.6146285735312347e+00 | 1
  2,  2 |   4.4343693302730579e+04 |   4.4343693302730579e+04 | 1
  2,  3 |  -2.3199924959309477e+01 |  -2.3199924959309477e+01 | 1
  2,  4 |   7.5013269988990974e+00 |   7.5013269988990974e+00 | 1
  2,  5 |   6.1211603282836724e-01 |   6.1211603282836724e-01 | 1
  2,  6 |   7.2724587815281661e+00 |   7.2724587815281661e+00 | 1
  3,  1 |   2.9733092981327771e-03 |   2.9733092981327771e-03 | 1
  3,  2 |  -2.3199924959309477e+01 |  -2.3199924959309477e+01 | 1
  3,  3 |   3.7530970874718919e-02 |   3.7530970874718919e-02 | 1
  3,  4 |  -3.8276188797199536e-03 |  -3.8276188797199536e-03 | 1
  3,  5 |   4.2440358271049455e-03 |   4.2440358271049455e-03 | 1
  3,  6 |  -3.1420229093613436e-03 |  -3.1420229093613436e-03 | 1
  4,  1 |  -1.1509134820797400e-03 |  -1.1509134820797400e-03 | 1
  4,  2 |   7.5013269988990974e+00 |   7.5013269988990974e+00 | 1
  4,  3 |  -3.8276188797199536e-03 |  -3.8276188797199536e-03 | 1
  4,  4 |   1.6170118487052979e-03 |   1.6170118487052979e-03 | 1
  4,  5 |   1.1915219456565474e-04 |   1.1915219456565474e-04 | 1
  4,  6 |   1.3086479652469336e-03 |   1.3086479652469336e-03 | 1
  5,  1 |  -1.6147860781015675e-03 |  -1.6147860781015675e-03 | 1
  5,  2 |   6.1211603282836724e-01 |   6.1211603282836724e-01 | 1
  5,  3 |   4.2440358271049455e-03 |   4.2440358271049455e-03 | 1
  5,  4 |   1.1915219456565474e-04 |   1.1915219456565474e-04 | 1
  5,  5 |   4.3345212061773816e-03 |   4.3345212061773816e-03 | 1
  5,  6 |   5.6533890159187470e-04 |   5.6533890159187470e-04 | 1
  6,  1 |  -1.2550537717989040e-03 |  -1.2550537717989040e-03 | 1
  6,  2 |   7.2724587815281661e+00 |   7.2724587815281661e+00 | 1
  6,  3 |  -3.1420229093613436e-03 |  -3.1420229093613436e-03 | 1
  6,  4 |   1.3086479652469336e-03 |   1.3086479652469336e-03 | 1
  6,  5 |   5.6533890159187470e-04 |   5.6533890159187470e-04 | 1
  6,  6 |   2.8064548769571743e-03 |   2.8064548769571743e-03 | 1
