row,col | V_base                   | V_new                    | equal
  1,  1 |   6.5468031558172190e-05 |   6.5468031558172190e-05 | 1
  1,  2 |   8.8595508700001225e-06 |   8.8595508700001225e-06 | 1
  1,  3 |  -2.7906754280531081e-05 |  -2.7906754280531081e-05 | 1
  1,  4 |   5.6506939669259632e-06 |   5.6506939669259632e-06 | 1
  1,  5 |   3.8191166079567905e-05 |   3.8191166079567905e-05 | 1
  1,  6 |   1.5753331605354154e-05 |   1.5753331605354154e-05 | 1
  1,  7 |   2.0412161217475317e-05 |   2.0412161217475317e-05 | 1
  1,  8 |   6.8544565553639601e-06 |   6.8544565553639601e-06 | 1
  1,  9 |  -3.6989268240979417e-05 |  -3.6989268240979417e-05 | 1
  1, 10 |   7.4869158975989902e-05 |   7.4869158975989902e-05 | 1
  1, 11 |  -2.1041604230189053e-05 |  -2.1041604230189053e-05 | 1
  1, 12 |  -2.3220196814117458e-05 |  -2.3220196814117458e-05 | 1
  1, 13 |   2.0135519904996499e-05 |   2.0135519904996499e-05 | 1
  1, 14 |  -6.2797104714186864e-06 |  -6.2797104714186864e-06 | 1
  2,  1 |   8.8595508700001225e-06 |   8.8595508700001225e-06 | 1
  2,  2 |   6.7538368692815270e-04 |   6.7538368692815270e-04 | 1
  2,  3 |  -7.9674948278474602e-04 |  -7.9674948278474602e-04 | 1
  2,  4 |  -3.3746726032005619e-05 |  -3.3746726032005619e-05 | 1
  2,  5 |   1.1088120780009205e-04 |   1.1088120780009205e-04 | 1
  2,  6 |  -8.1038817154898234e-06 |  -8.1038817154898234e-06 | 1
  2,  7 |   1.0082929800123525e-05 |   1.0082929800123525e-05 | 1
  2,  8 |  -2.1791595194874613e-04 |  -2.1791595194874613e-04 | 1
  2,  9 |  -4.3776190922263506e-04 |  -4.3776190922263506e-04 | 1
  2, 10 |   5.0410145152269084e-04 |   5.0410145152269084e-04 | 1
  2, 11 |  -1.8339148707951103e-05 |  -1.8339148707951103e-05 | 1
  2, 12 |  -7.9721241581454356e-06 |  -7.9721241581454356e-06 | 1
  2, 13 |   1.3255931401835923e-05 |   1.3255931401835923e-05 | 1
  2, 14 |   2.1607717726621680e-04 |   2.1607717726621680e-04 | 1
  3,  1 |  -2.7906754280531081e-05 |  -2.7906754280531081e-05 | 1
  3,  2 |  -7.9674948278474602e-04 |  -7.9674948278474602e-04 | 1
  3,  3 |   2.1904649807497928e-02 |   2.1904649807497928e-02 | 1
  3,  4 |   6.2938488555080226e-04 |   6.2938488555080226e-04 | 1
  3,  5 |  -1.3535018404618184e-03 |  -1.3535018404618184e-03 | 1
  3,  6 |   1.1727666304526289e-03 |   1.1727666304526289e-03 | 1
  3,  7 |  -6.7403520175903523e-05 |  -6.7403520175903523e-05 | 1
  3,  8 |  -1.8743881290921574e-03 |  -1.8743881290921574e-03 | 1
  3,  9 |   1.3236396434967743e-02 |   1.3236396434967743e-02 | 1
  3, 10 |  -1.8109763429555926e-02 |  -1.8109763429555926e-02 | 1
  3, 11 |  -2.3826985599372456e-05 |  -2.3826985599372456e-05 | 1
  3, 12 |   1.2711272180924847e-04 |   1.2711272180924847e-04 | 1
  3, 13 |  -3.3064932682759699e-05 |  -3.3064932682759699e-05 | 1
  3, 14 |   1.8516358949712264e-03 |   1.8516358949712264e-03 | 1
  4,  1 |   5.6506939669259632e-06 |   5.6506939669259632e-06 | 1
  4,  2 |  -3.3746726032005619e-05 |  -3.3746726032005619e-05 | 1
  4,  3 |   6.2938488555080226e-04 |   6.2938488555080226e-04 | 1
  4,  4 |   3.0958390569585326e-02 |   3.0958390569585326e-02 | 1
  4,  5 |  -6.7283229786858716e-05 |  -6.7283229786858716e-05 | 1
  4,  6 |   2.7945847619438909e-05 |   2.7945847619438909e-05 | 1
  4,  7 |  -9.0585790416667662e-06 |  -9.0585790416667662e-06 | 1
  4,  8 |  -9.5308577582517556e-05 |  -9.5308577582517556e-05 | 1
  4,  9 |   2.8249708137060247e-04 |   2.8249708137060247e-04 | 1
  4, 10 |  -2.3899192251541340e-04 |  -2.3899192251541340e-04 | 1
  4, 11 |  -1.5408315920078284e-05 |  -1.5408315920078284e-05 | 1
  4, 12 |  -2.2253861930459821e-06 |  -2.2253861930459821e-06 | 1
  4, 13 |   8.7249251172478728e-06 |   8.7249251172478728e-06 | 1
  4, 14 |   9.5327674117383582e-05 |   9.5327674117383582e-05 | 1
  5,  1 |   3.8191166079567905e-05 |   3.8191166079567905e-05 | 1
  5,  2 |   1.1088120780009205e-04 |   1.1088120780009205e-04 | 1
  5,  3 |  -1.3535018404618184e-03 |  -1.3535018404618184e-03 | 1
  5,  4 |  -6.7283229786858716e-05 |  -6.7283229786858716e-05 | 1
  5,  5 |   1.3514948981832265e-02 |   1.3514948981832265e-02 | 1
  5,  6 |   1.5040357972818121e-05 |   1.5040357972818121e-05 | 1
  5,  7 |   6.8846517599850416e-05 |   6.8846517599850416e-05 | 1
  5,  8 |   1.9937936509905805e-04 |   1.9937936509905805e-04 | 1
  5,  9 |  -7.3234419194918485e-04 |  -7.3234419194918485e-04 | 1
  5, 10 |   8.2385895082434961e-04 |   8.2385895082434961e-04 | 1
  5, 11 |  -5.9505129002464439e-05 |  -5.9505129002464439e-05 | 1
  5, 12 |  -6.1020872824474773e-05 |  -6.1020872824474773e-05 | 1
  5, 13 |   5.4788949591290133e-05 |   5.4788949591290133e-05 | 1
  5, 14 |  -1.9719103174403393e-04 |  -1.9719103174403393e-04 | 1
  6,  1 |   1.5753331605354154e-05 |   1.5753331605354154e-05 | 1
  6,  2 |  -8.1038817154898234e-06 |  -8.1038817154898234e-06 | 1
  6,  3 |   1.1727666304526289e-03 |   1.1727666304526289e-03 | 1
  6,  4 |   2.7945847619438909e-05 |   2.7945847619438909e-05 | 1
  6,  5 |   1.5040357972818121e-05 |   1.5040357972818121e-05 | 1
  6,  6 |   8.9200757414047913e-03 |   8.9200757414047913e-03 | 1
  6,  7 |   1.6763278841725780e-05 |   1.6763278841725780e-05 | 1
  6,  8 |  -6.5353274414125127e-05 |  -6.5353274414125127e-05 | 1
  6,  9 |   7.4510682143727610e-04 |   7.4510682143727610e-04 | 1
  6, 10 |  -1.0995831881284576e-03 |  -1.0995831881284576e-03 | 1
  6, 11 |  -3.5197159641287103e-05 |  -3.5197159641287103e-05 | 1
  6, 12 |  -1.1789848860871507e-05 |  -1.1789848860871507e-05 | 1
  6, 13 |   2.3956170927794673e-05 |   2.3956170927794673e-05 | 1
  6, 14 |   6.2108255007383898e-05 |   6.2108255007383898e-05 | 1
  7,  1 |   2.0412161217475317e-05 |   2.0412161217475317e-05 | 1
  7,  2 |   1.0082929800123525e-05 |   1.0082929800123525e-05 | 1
  7,  3 |  -6.7403520175903523e-05 |  -6.7403520175903523e-05 | 1
  7,  4 |  -9.0585790416667662e-06 |  -9.0585790416667662e-06 | 1
  7,  5 |   6.8846517599850416e-05 |   6.8846517599850416e-05 | 1
  7,  6 |   1.6763278841725780e-05 |   1.6763278841725780e-05 | 1
  7,  7 |   6.9140721456541709e-04 |   6.9140721456541709e-04 | 1
  7,  8 |   3.3588459472227244e-05 |   3.3588459472227244e-05 | 1
  7,  9 |  -2.2798660639429610e-05 |  -2.2798660639429610e-05 | 1
  7, 10 |   1.2941012756629927e-05 |   1.2941012756629927e-05 | 1
  7, 11 |  -2.0245940757215300e-05 |  -2.0245940757215300e-05 | 1
  7, 12 |  -4.6315724275975261e-05 |  -4.6315724275975261e-05 | 1
  7, 13 |   2.8173117360137772e-05 |   2.8173117360137772e-05 | 1
  7, 14 |  -2.9524605014590724e-05 |  -2.9524605014590724e-05 | 1
  8,  1 |   6.8544565553639601e-06 |   6.8544565553639601e-06 | 1
  8,  2 |  -2.1791595194874613e-04 |  -2.1791595194874613e-04 | 1
  8,  3 |  -1.8743881290921574e-03 |  -1.8743881290921574e-03 | 1
  8,  4 |  -9.5308577582517556e-05 |  -9.5308577582517556e-05 | 1
  8,  5 |   1.9937936509905805e-04 |   1.9937936509905805e-04 | 1
  8,  6 |  -6.5353274414125127e-05 |  -6.5353274414125127e-05 | 1
  8,  7 |   3.3588459472227244e-05 |   3.3588459472227244e-05 | 1
  8,  8 |   3.9496421731554943e-04 |   3.9496421731554943e-04 | 1
  8,  9 |  -1.0016903014337236e-03 |  -1.0016903014337236e-03 | 1
  8, 10 |   1.1564873724437474e-03 |   1.1564873724437474e-03 | 1
  8, 11 |  -2.6483140511984708e-06 |  -2.6483140511984708e-06 | 1
  8, 12 |  -2.0671977723681055e-05 |  -2.0671977723681055e-05 | 1
  8, 13 |   9.0062370719124770e-06 |   9.0062370719124770e-06 | 1
  8, 14 |  -3.9221838675085330e-04 |  -3.9221838675085330e-04 | 1
  9,  1 |  -3.6989268240979417e-05 |  -3.6989268240979417e-05 | 1
  9,  2 |  -4.3776190922263506e-04 |  -4.3776190922263506e-04 | 1
  9,  3 |   1.3236396434967743e-02 |   1.3236396434967743e-02 | 1
  9,  4 |   2.8249708137060247e-04 |   2.8249708137060247e-04 | 1
  9,  5 |  -7.3234419194918485e-04 |  -7.3234419194918485e-04 | 1
  9,  6 |   7.4510682143727610e-04 |   7.4510682143727610e-04 | 1
  9,  7 |  -2.2798660639429610e-05 |  -2.2798660639429610e-05 | 1
  9,  8 |  -1.0016903014337236e-03 |  -1.0016903014337236e-03 | 1
  9,  9 |   8.3029272242722222e-03 |   8.3029272242722222e-03 | 1
  9, 10 |  -1.1829952513726535e-02 |  -1.1829952513726535e-02 | 1
  9, 11 |   2.2250040762567091e-05 |   2.2250040762567091e-05 | 1
  9, 12 |   1.0136348305533813e-04 |   1.0136348305533813e-04 | 1
  9, 13 |  -4.9525412783534815e-05 |  -4.9525412783534815e-05 | 1
  9, 14 |   9.9008530680841735e-04 |   9.9008530680841735e-04 | 1
 10,  1 |   7.4869158975989902e-05 |   7.4869158975989902e-05 | 1
 10,  2 |   5.0410145152269084e-04 |   5.0410145152269084e-04 | 1
 10,  3 |  -1.8109763429555926e-02 |  -1.8109763429555926e-02 | 1
 10,  4 |  -2.3899192251541340e-04 |  -2.3899192251541340e-04 | 1
 10,  5 |   8.2385895082434961e-04 |   8.2385895082434961e-04 | 1
 10,  6 |  -1.0995831881284576e-03 |  -1.0995831881284576e-03 | 1
 10,  7 |   1.2941012756629927e-05 |   1.2941012756629927e-05 | 1
 10,  8 |   1.1564873724437474e-03 |   1.1564873724437474e-03 | 1
 10,  9 |  -1.1829952513726535e-02 |  -1.1829952513726535e-02 | 1
 10, 10 |   1.8391681553079648e-02 |   1.8391681553079648e-02 | 1
 10, 11 |  -6.3049438348062654e-05 |  -6.3049438348062654e-05 | 1
 10, 12 |  -1.8201919159943156e-04 |  -1.8201919159943156e-04 | 1
 10, 13 |   1.0182073301252774e-04 |   1.0182073301252774e-04 | 1
 10, 14 |  -1.1395926824481657e-03 |  -1.1395926824481657e-03 | 1
 11,  1 |  -2.1041604230189053e-05 |  -2.1041604230189053e-05 | 1
 11,  2 |  -1.8339148707951103e-05 |  -1.8339148707951103e-05 | 1
 11,  3 |  -2.3826985599372456e-05 |  -2.3826985599372456e-05 | 1
 11,  4 |  -1.5408315920078284e-05 |  -1.5408315920078284e-05 | 1
 11,  5 |  -5.9505129002464439e-05 |  -5.9505129002464439e-05 | 1
 11,  6 |  -3.5197159641287103e-05 |  -3.5197159641287103e-05 | 1
 11,  7 |  -2.0245940757215300e-05 |  -2.0245940757215300e-05 | 1
 11,  8 |  -2.6483140511984708e-06 |  -2.6483140511984708e-06 | 1
 11,  9 |   2.2250040762567091e-05 |   2.2250040762567091e-05 | 1
 11, 10 |  -6.3049438348062654e-05 |  -6.3049438348062654e-05 | 1
 11, 11 |   3.7540212909923778e-05 |   3.7540212909923778e-05 | 1
 11, 12 |   2.6659025296548144e-05 |   2.6659025296548144e-05 | 1
 11, 13 |  -3.0803620647935575e-05 |  -3.0803620647935575e-05 | 1
 11, 14 |   4.5872328107991020e-06 |   4.5872328107991020e-06 | 1
 12,  1 |  -2.3220196814117458e-05 |  -2.3220196814117458e-05 | 1
 12,  2 |  -7.9721241581454356e-06 |  -7.9721241581454356e-06 | 1
 12,  3 |   1.2711272180924847e-04 |   1.2711272180924847e-04 | 1
 12,  4 |  -2.2253861930459821e-06 |  -2.2253861930459821e-06 | 1
 12,  5 |  -6.1020872824474773e-05 |  -6.1020872824474773e-05 | 1
 12,  6 |  -1.1789848860871507e-05 |  -1.1789848860871507e-05 | 1
 12,  7 |  -4.6315724275975261e-05 |  -4.6315724275975261e-05 | 1
 12,  8 |  -2.0671977723681055e-05 |  -2.0671977723681055e-05 | 1
 12,  9 |   1.0136348305533813e-04 |   1.0136348305533813e-04 | 1
 12, 10 |  -1.8201919159943156e-04 |  -1.8201919159943156e-04 | 1
 12, 11 |   2.6659025296548144e-05 |   2.6659025296548144e-05 | 1
 12, 12 |   4.8019680542208682e-05 |   4.8019680542208682e-05 | 1
 12, 13 |  -3.2247942916864114e-05 |  -3.2247942916864114e-05 | 1
 12, 14 |   1.7203649857055712e-05 |   1.7203649857055712e-05 | 1
 13,  1 |   2.0135519904996499e-05 |   2.0135519904996499e-05 | 1
 13,  2 |   1.3255931401835923e-05 |   1.3255931401835923e-05 | 1
 13,  3 |  -3.3064932682759699e-05 |  -3.3064932682759699e-05 | 1
 13,  4 |   8.7249251172478728e-06 |   8.7249251172478728e-06 | 1
 13,  5 |   5.4788949591290133e-05 |   5.4788949591290133e-05 | 1
 13,  6 |   2.3956170927794673e-05 |   2.3956170927794673e-05 | 1
 13,  7 |   2.8173117360137772e-05 |   2.8173117360137772e-05 | 1
 13,  8 |   9.0062370719124770e-06 |   9.0062370719124770e-06 | 1
 13,  9 |  -4.9525412783534815e-05 |  -4.9525412783534815e-05 | 1
 13, 10 |   1.0182073301252774e-04 |   1.0182073301252774e-04 | 1
 13, 11 |  -3.0803620647935575e-05 |  -3.0803620647935575e-05 | 1
 13, 12 |  -3.2247942916864114e-05 |  -3.2247942916864114e-05 | 1
 13, 13 |   1.7517183338912914e-04 |   1.7517183338912914e-04 | 1
 13, 14 |  -1.5279791327365492e-04 |  -1.5279791327365492e-04 | 1
 14,  1 |  -6.2797104714186864e-06 |  -6.2797104714186864e-06 | 1
 14,  2 |   2.1607717726621680e-04 |   2.1607717726621680e-04 | 1
 14,  3 |   1.8516358949712264e-03 |   1.8516358949712264e-03 | 1
 14,  4 |   9.5327674117383582e-05 |   9.5327674117383582e-05 | 1
 14,  5 |  -1.9719103174403393e-04 |  -1.9719103174403393e-04 | 1
 14,  6 |   6.2108255007383898e-05 |   6.2108255007383898e-05 | 1
 14,  7 |  -2.9524605014590724e-05 |  -2.9524605014590724e-05 | 1
 14,  8 |  -3.9221838675085330e-04 |  -3.9221838675085330e-04 | 1
 14,  9 |   9.9008530680841735e-04 |   9.9008530680841735e-04 | 1
 14, 10 |  -1.1395926824481657e-03 |  -1.1395926824481657e-03 | 1
 14, 11 |   4.5872328107991020e-06 |   4.5872328107991020e-06 | 1
 14, 12 |   1.7203649857055712e-05 |   1.7203649857055712e-05 | 1
 14, 13 |  -1.5279791327365492e-04 |  -1.5279791327365492e-04 | 1
 14, 14 |   8.7939068421920860e-04 |   8.7939068421920860e-04 | 1
