row,col | V_base                   | V_new                    | equal
  1,  1 |   6.3667192555132328e-03 |   6.3667192555132328e-03 | 1
  1,  2 |   1.3599014271867774e-03 |   1.3599014271867774e-03 | 1
  1,  3 |   1.1657249261081211e-03 |   1.1657249261081211e-03 | 1
  1,  4 |  -6.1959924232591716e-03 |  -6.1959924232591716e-03 | 1
  1,  5 |  -7.3216158831498706e-04 |  -7.3216158831498706e-04 | 1
  1,  6 |  -3.2505592942719236e-04 |  -3.2505592942719236e-04 | 1
  1,  7 |   2.2686590181646357e-03 |   2.2686590181646357e-03 | 1
  1,  8 |   1.0291005582148574e-03 |   1.0291005582148574e-03 | 1
  2,  1 |   1.3599014271867774e-03 |   1.3599014271867774e-03 | 1
  2,  2 |   2.4043692529586106e-02 |   2.4043692529586106e-02 | 1
  2,  3 |  -4.3014593792145071e-05 |  -4.3014593792145071e-05 | 1
  2,  4 |   1.9092538383216467e-01 |   1.9092538383216467e-01 | 1
  2,  5 |   1.4881833046996658e-03 |   1.4881833046996658e-03 | 1
  2,  6 |  -4.6575399200126065e-03 |  -4.6575399200126065e-03 | 1
  2,  7 |   8.3514060289105879e-03 |   8.3514060289105879e-03 | 1
  2,  8 |   2.1488514520192239e-03 |   2.1488514520192239e-03 | 1
  3,  1 |   1.1657249261081211e-03 |   1.1657249261081211e-03 | 1
  3,  2 |  -4.3014593792145071e-05 |  -4.3014593792145071e-05 | 1
  3,  3 |   5.0239418630150627e-03 |   5.0239418630150627e-03 | 1
  3,  4 |  -1.3966439117833334e-02 |  -1.3966439117833334e-02 | 1
  3,  5 |  -5.3106661510472146e-04 |  -5.3106661510472146e-04 | 1
  3,  6 |  -1.2769676192148535e-05 |  -1.2769676192148535e-05 | 1
  3,  7 |   1.0743475512651828e-03 |   1.0743475512651828e-03 | 1
  3,  8 |   5.5690233176076379e-04 |   5.5690233176076379e-04 | 1
  4,  1 |  -6.1959924232591716e-03 |  -6.1959924232591716e-03 | 1
  4,  2 |   1.9092538383216467e-01 |   1.9092538383216467e-01 | 1
  4,  3 |  -1.3966439117833334e-02 |  -1.3966439117833334e-02 | 1
  4,  4 |   2.2134264663626624e+00 |   2.2134264663626624e+00 | 1
  4,  5 |   2.5370627444967382e-02 |   2.5370627444967382e-02 | 1
  4,  6 |  -4.8944002503757203e-02 |  -4.8944002503757203e-02 | 1
  4,  7 |   6.6928120518201850e-02 |   6.6928120518201850e-02 | 1
  4,  8 |   1.1716219612708866e-02 |   1.1716219612708866e-02 | 1
  5,  1 |  -7.3216158831498706e-04 |  -7.3216158831498706e-04 | 1
  5,  2 |   1.4881833046996658e-03 |   1.4881833046996658e-03 | 1
  5,  3 |  -5.3106661510472146e-04 |  -5.3106661510472146e-04 | 1
  5,  4 |   2.5370627444967382e-02 |   2.5370627444967382e-02 | 1
  5,  5 |   2.3865859563699510e-02 |   2.3865859563699510e-02 | 1
  5,  6 |  -3.8526940232704932e-04 |  -3.8526940232704932e-04 | 1
  5,  7 |  -1.5712853405537791e-04 |  -1.5712853405537791e-04 | 1
  5,  8 |  -2.8988946216357986e-04 |  -2.8988946216357986e-04 | 1
  6,  1 |  -3.2505592942719236e-04 |  -3.2505592942719236e-04 | 1
  6,  2 |  -4.6575399200126065e-03 |  -4.6575399200126065e-03 | 1
  6,  3 |  -1.2769676192148535e-05 |  -1.2769676192148535e-05 | 1
  6,  4 |  -4.8944002503757203e-02 |  -4.8944002503757203e-02 | 1
  6,  5 |  -3.8526940232704932e-04 |  -3.8526940232704932e-04 | 1
  6,  6 |   1.4904914883121061e-02 |   1.4904914883121061e-02 | 1
  6,  7 |  -2.0642696367401941e-03 |  -2.0642696367401941e-03 | 1
  6,  8 |  -4.9180312696200338e-04 |  -4.9180312696200338e-04 | 1
  7,  1 |   2.2686590181646357e-03 |   2.2686590181646357e-03 | 1
  7,  2 |   8.3514060289105879e-03 |   8.3514060289105879e-03 | 1
  7,  3 |   1.0743475512651828e-03 |   1.0743475512651828e-03 | 1
  7,  4 |   6.6928120518201850e-02 |   6.6928120518201850e-02 | 1
  7,  5 |  -1.5712853405537791e-04 |  -1.5712853405537791e-04 | 1
  7,  6 |  -2.0642696367401941e-03 |  -2.0642696367401941e-03 | 1
  7,  7 |   3.1961661391359426e-02 |   3.1961661391359426e-02 | 1
  7,  8 |   1.8309944741796195e-03 |   1.8309944741796195e-03 | 1
  8,  1 |   1.0291005582148574e-03 |   1.0291005582148574e-03 | 1
  8,  2 |   2.1488514520192239e-03 |   2.1488514520192239e-03 | 1
  8,  3 |   5.5690233176076379e-04 |   5.5690233176076379e-04 | 1
  8,  4 |   1.1716219612708866e-02 |   1.1716219612708866e-02 | 1
  8,  5 |  -2.8988946216357986e-04 |  -2.8988946216357986e-04 | 1
  8,  6 |  -4.9180312696200338e-04 |  -4.9180312696200338e-04 | 1
  8,  7 |   1.8309944741796195e-03 |   1.8309944741796195e-03 | 1
  8,  8 |   3.3512930165437903e-02 |   3.3512930165437903e-02 | 1
