row,col | V_base                   | V_new                    | equal
  1,  1 |   8.1198946002241062e-04 |   8.1198946002241062e-04 | 1
  1,  2 |  -7.8686497301977130e-05 |  -7.8686497301977130e-05 | 1
  1,  3 |   3.6759362118171608e-04 |   3.6759362118171608e-04 | 1
  1,  4 |   6.3984017180229290e-04 |   6.3984017180229290e-04 | 1
  1,  5 |   4.6008845896481861e-04 |   4.6008845896481861e-04 | 1
  1,  6 |   1.7735209137562813e-04 |   1.7735209137562813e-04 | 1
  2,  1 |  -7.8686497301977130e-05 |  -7.8686497301977130e-05 | 1
  2,  2 |   2.8944732581971059e-03 |   2.8944732581971059e-03 | 1
  2,  3 |  -1.7560913026877072e-04 |  -1.7560913026877072e-04 | 1
  2,  4 |   2.4675054670478366e-04 |   2.4675054670478366e-04 | 1
  2,  5 |  -3.7651532678387020e-03 |  -3.7651532678387020e-03 | 1
  2,  6 |  -1.5456094537545477e-04 |  -1.5456094537545477e-04 | 1
  3,  1 |   3.6759362118171608e-04 |   3.6759362118171608e-04 | 1
  3,  2 |  -1.7560913026877072e-04 |  -1.7560913026877072e-04 | 1
  3,  3 |   1.4342029003470680e-02 |   1.4342029003470680e-02 | 1
  3,  4 |  -1.1158906427867845e-03 |  -1.1158906427867845e-03 | 1
  3,  5 |   1.3426077757445090e-03 |   1.3426077757445090e-03 | 1
  3,  6 |   3.0065249824003028e-04 |   3.0065249824003028e-04 | 1
  4,  1 |   6.3984017180229290e-04 |   6.3984017180229290e-04 | 1
  4,  2 |   2.4675054670478366e-04 |   2.4675054670478366e-04 | 1
  4,  3 |  -1.1158906427867845e-03 |  -1.1158906427867845e-03 | 1
  4,  4 |   1.6877884455966112e-03 |   1.6877884455966112e-03 | 1
  4,  5 |   1.1215151490431481e-03 |   1.1215151490431481e-03 | 1
  4,  6 |   2.4034866930217503e-04 |   2.4034866930217503e-04 | 1
  5,  1 |   4.6008845896481861e-04 |   4.6008845896481861e-04 | 1
  5,  2 |  -3.7651532678387020e-03 |  -3.7651532678387020e-03 | 1
  5,  3 |   1.3426077757445090e-03 |   1.3426077757445090e-03 | 1
  5,  4 |   1.1215151490431481e-03 |   1.1215151490431481e-03 | 1
  5,  5 |   8.2220964983773515e-03 |   8.2220964983773515e-03 | 1
  5,  6 |   7.0358785485639963e-04 |   7.0358785485639963e-04 | 1
  6,  1 |   1.7735209137562813e-04 |   1.7735209137562813e-04 | 1
  6,  2 |  -1.5456094537545477e-04 |  -1.5456094537545477e-04 | 1
  6,  3 |   3.0065249824003028e-04 |   3.0065249824003028e-04 | 1
  6,  4 |   2.4034866930217503e-04 |   2.4034866930217503e-04 | 1
  6,  5 |   7.0358785485639963e-04 |   7.0358785485639963e-04 | 1
  6,  6 |   1.0603835995736527e-03 |   1.0603835995736527e-03 | 1
