row,col | V_base                   | V_new                    | equal
  1,  1 |   5.3565955243346211e-04 |   5.3565955243346211e-04 | 1
  1,  2 |   3.1352213914447816e-04 |   3.1352213914447816e-04 | 1
  1,  3 |   3.3628047938096152e-04 |   3.3628047938096152e-04 | 1
  1,  4 |   5.8702591038433598e-04 |   5.8702591038433598e-04 | 1
  1,  5 |   8.1472428793694551e-04 |   8.1472428793694551e-04 | 1
  1,  6 |  -5.8117255571781727e-05 |  -5.8117255571781727e-05 | 1
  1,  7 |   6.7158518252585515e-04 |   6.7158518252585515e-04 | 1
  1,  8 |   5.1555651127041806e-04 |   5.1555651127041806e-04 | 1
  1,  9 |   1.5387096112110229e-04 |   1.5387096112110229e-04 | 1
  1, 10 |  -1.5768990173293184e-04 |  -1.5768990173293184e-04 | 1
  1, 11 |   1.5656297589870444e-04 |   1.5656297589870444e-04 | 1
  1, 12 |   4.6252369292692727e-04 |   4.6252369292692727e-04 | 1
  2,  1 |   3.1352213914447816e-04 |   3.1352213914447816e-04 | 1
  2,  2 |   8.3549420393990218e-04 |   8.3549420393990218e-04 | 1
  2,  3 |   7.0078758655084481e-04 |   7.0078758655084481e-04 | 1
  2,  4 |   1.5655036754058226e-04 |   1.5655036754058226e-04 | 1
  2,  5 |  -4.7166231704342382e-04 |  -4.7166231704342382e-04 | 1
  2,  6 |   1.5164179917176136e-03 |   1.5164179917176136e-03 | 1
  2,  7 |  -9.6836747771476188e-05 |  -9.6836747771476188e-05 | 1
  2,  8 |   3.0284144681609718e-04 |   3.0284144681609718e-04 | 1
  2,  9 |   1.0836546673815167e-03 |   1.0836546673815167e-03 | 1
  2, 10 |   1.7678126651751317e-03 |   1.7678126651751317e-03 | 1
  2, 11 |   1.1312519955094221e-03 |   1.1312519955094221e-03 | 1
  2, 12 |   3.2439996850972268e-04 |   3.2439996850972268e-04 | 1
  3,  1 |   3.3628047938096152e-04 |   3.3628047938096152e-04 | 1
  3,  2 |   7.0078758655084481e-04 |   7.0078758655084481e-04 | 1
  3,  3 |   6.5395967099904980e-04 |   6.5395967099904980e-04 | 1
  3,  4 |   2.1245872631398395e-04 |   2.1245872631398395e-04 | 1
  3,  5 |  -2.8733658776677396e-04 |  -2.8733658776677396e-04 | 1
  3,  6 |   1.2735899237733095e-03 |   1.2735899237733095e-03 | 1
  3,  7 |   9.8743549752326602e-06 |   9.8743549752326602e-06 | 1
  3,  8 |   3.2636632468858393e-04 |   3.2636632468858393e-04 | 1
  3,  9 |   9.3683688984398585e-04 |   9.3683688984398585e-04 | 1
  3, 10 |   1.4724884637013790e-03 |   1.4724884637013790e-03 | 1
  3, 11 |   9.7741491996109430e-04 |   9.7741491996109430e-04 | 1
  3, 12 |   3.3731416731418227e-04 |   3.3731416731418227e-04 | 1
  4,  1 |   5.8702591038433598e-04 |   5.8702591038433598e-04 | 1
  4,  2 |   1.5655036754058226e-04 |   1.5655036754058226e-04 | 1
  4,  3 |   2.1245872631398395e-04 |   2.1245872631398395e-04 | 1
  4,  4 |   8.3797665188422438e-04 |   8.3797665188422438e-04 | 1
  4,  5 |   1.2347843935044439e-03 |   1.2347843935044439e-03 | 1
  4,  6 |  -5.8016070147645410e-04 |  -5.8016070147645410e-04 | 1
  4,  7 |   9.2094941528598671e-04 |   9.2094941528598671e-04 | 1
  4,  8 |   5.8178372938260346e-04 |   5.8178372938260346e-04 | 1
  4,  9 |  -1.5602639553277640e-04 |  -1.5602639553277640e-04 | 1
  4, 10 |  -7.9542764166196794e-04 |  -7.9542764166196794e-04 | 1
  4, 11 |  -1.6820249436875942e-04 |  -1.6820249436875942e-04 | 1
  4, 12 |   5.0447044332777523e-04 |   5.0447044332777523e-04 | 1
  5,  1 |   8.1472428793694551e-04 |   8.1472428793694551e-04 | 1
  5,  2 |  -4.7166231704342382e-04 |  -4.7166231704342382e-04 | 1
  5,  3 |  -2.8733658776677396e-04 |  -2.8733658776677396e-04 | 1
  5,  4 |   1.2347843935044439e-03 |   1.2347843935044439e-03 | 1
  5,  5 |   2.8352958430875848e-03 |   2.8352958430875848e-03 | 1
  5,  6 |  -2.6158351091462020e-03 |  -2.6158351091462020e-03 | 1
  5,  7 |   1.8617831493566964e-03 |   1.8617831493566964e-03 | 1
  5,  8 |   8.1533619899087613e-04 |   8.1533619899087613e-04 | 1
  5,  9 |  -1.3734140792251482e-03 |  -1.3734140792251482e-03 | 1
  5, 10 |  -3.2775755938323574e-03 |  -3.2775755938323574e-03 | 1
  5, 11 |  -1.4439513930890528e-03 |  -1.4439513930890528e-03 | 1
  5, 12 |   6.4564312265461877e-04 |   6.4564312265461877e-04 | 1
  6,  1 |  -5.8117255571781727e-05 |  -5.8117255571781727e-05 | 1
  6,  2 |   1.5164179917176136e-03 |   1.5164179917176136e-03 | 1
  6,  3 |   1.2735899237733095e-03 |   1.2735899237733095e-03 | 1
  6,  4 |  -5.8016070147645410e-04 |  -5.8016070147645410e-04 | 1
  6,  5 |  -2.6158351091462020e-03 |  -2.6158351091462020e-03 | 1
  6,  6 |   4.0833844239807392e-03 |   4.0833844239807392e-03 | 1
  6,  7 |  -1.3889092158064827e-03 |  -1.3889092158064827e-03 | 1
  6,  8 |  -7.5052430406432851e-05 |  -7.5052430406432851e-05 | 1
  6,  9 |   2.5879018655395360e-03 |   2.5879018655395360e-03 | 1
  6, 10 |   4.9121200416017575e-03 |   4.9121200416017575e-03 | 1
  6, 11 |   2.7083161385047525e-03 |   2.7083161385047525e-03 | 1
  6, 12 |   7.1190357259358464e-05 |   7.1190357259358464e-05 | 1
  7,  1 |   6.7158518252585515e-04 |   6.7158518252585515e-04 | 1
  7,  2 |  -9.6836747771476188e-05 |  -9.6836747771476188e-05 | 1
  7,  3 |   9.8743549752326602e-06 |   9.8743549752326602e-06 | 1
  7,  4 |   9.2094941528598671e-04 |   9.2094941528598671e-04 | 1
  7,  5 |   1.8617831493566964e-03 |   1.8617831493566964e-03 | 1
  7,  6 |  -1.3889092158064827e-03 |  -1.3889092158064827e-03 | 1
  7,  7 |   1.3030716768781445e-03 |   1.3030716768781445e-03 | 1
  7,  8 |   6.6872840772957682e-04 |   6.6872840772957682e-04 | 1
  7,  9 |  -6.4186151340836300e-04 |  -6.4186151340836300e-04 | 1
  7, 10 |  -1.7805956761803485e-03 |  -1.7805956761803485e-03 | 1
  7, 11 |  -6.7727040839061321e-04 |  -6.7727040839061321e-04 | 1
  7, 12 |   5.5532644500273310e-04 |   5.5532644500273310e-04 | 1
  8,  1 |   5.1555651127041806e-04 |   5.1555651127041806e-04 | 1
  8,  2 |   3.0284144681609718e-04 |   3.0284144681609718e-04 | 1
  8,  3 |   3.2636632468858393e-04 |   3.2636632468858393e-04 | 1
  8,  4 |   5.8178372938260346e-04 |   5.8178372938260346e-04 | 1
  8,  5 |   8.1533619899087613e-04 |   8.1533619899087613e-04 | 1
  8,  6 |  -7.5052430406432851e-05 |  -7.5052430406432851e-05 | 1
  8,  7 |   6.6872840772957682e-04 |   6.6872840772957682e-04 | 1
  8,  8 |   7.4043031623065628e-04 |   7.4043031623065628e-04 | 1
  8,  9 |   1.4066754240026644e-04 |   1.4066754240026644e-04 | 1
  8, 10 |  -1.7676664541967882e-04 |  -1.7676664541967882e-04 | 1
  8, 11 |   1.4283121327437597e-04 |   1.4283121327437597e-04 | 1
  8, 12 |   4.5613140153070444e-04 |   4.5613140153070444e-04 | 1
  9,  1 |   1.5387096112110229e-04 |   1.5387096112110229e-04 | 1
  9,  2 |   1.0836546673815167e-03 |   1.0836546673815167e-03 | 1
  9,  3 |   9.3683688984398585e-04 |   9.3683688984398585e-04 | 1
  9,  4 |  -1.5602639553277640e-04 |  -1.5602639553277640e-04 | 1
  9,  5 |  -1.3734140792251482e-03 |  -1.3734140792251482e-03 | 1
  9,  6 |   2.5879018655395360e-03 |   2.5879018655395360e-03 | 1
  9,  7 |  -6.4186151340836300e-04 |  -6.4186151340836300e-04 | 1
  9,  8 |   1.4066754240026644e-04 |   1.4066754240026644e-04 | 1
  9,  9 |   2.0985476388421949e-03 |   2.0985476388421949e-03 | 1
  9, 10 |   3.0811250307509301e-03 |   3.0811250307509301e-03 | 1
  9, 11 |   1.7878849619549497e-03 |   1.7878849619549497e-03 | 1
  9, 12 |   2.1466517832046400e-04 |   2.1466517832046400e-04 | 1
 10,  1 |  -1.5768990173293184e-04 |  -1.5768990173293184e-04 | 1
 10,  2 |   1.7678126651751317e-03 |   1.7678126651751317e-03 | 1
 10,  3 |   1.4724884637013790e-03 |   1.4724884637013790e-03 | 1
 10,  4 |  -7.9542764166196794e-04 |  -7.9542764166196794e-04 | 1
 10,  5 |  -3.2775755938323574e-03 |  -3.2775755938323574e-03 | 1
 10,  6 |   4.9121200416017575e-03 |   4.9121200416017575e-03 | 1
 10,  7 |  -1.7805956761803485e-03 |  -1.7805956761803485e-03 | 1
 10,  8 |  -1.7676664541967882e-04 |  -1.7676664541967882e-04 | 1
 10,  9 |   3.0811250307509301e-03 |   3.0811250307509301e-03 | 1
 10, 10 |   6.7999862832766175e-03 |   6.7999862832766175e-03 | 1
 10, 11 |   3.2255348829049240e-03 |   3.2255348829049240e-03 | 1
 10, 12 |   7.6841870408238586e-06 |   7.6841870408238586e-06 | 1
 11,  1 |   1.5656297589870444e-04 |   1.5656297589870444e-04 | 1
 11,  2 |   1.1312519955094221e-03 |   1.1312519955094221e-03 | 1
 11,  3 |   9.7741491996109430e-04 |   9.7741491996109430e-04 | 1
 11,  4 |  -1.6820249436875942e-04 |  -1.6820249436875942e-04 | 1
 11,  5 |  -1.4439513930890528e-03 |  -1.4439513930890528e-03 | 1
 11,  6 |   2.7083161385047525e-03 |   2.7083161385047525e-03 | 1
 11,  7 |  -6.7727040839061321e-04 |  -6.7727040839061321e-04 | 1
 11,  8 |   1.4283121327437597e-04 |   1.4283121327437597e-04 | 1
 11,  9 |   1.7878849619549497e-03 |   1.7878849619549497e-03 | 1
 11, 10 |   3.2255348829049240e-03 |   3.2255348829049240e-03 | 1
 11, 11 |   1.9677793180301441e-03 |   1.9677793180301441e-03 | 1
 11, 12 |   2.2074450492172749e-04 |   2.2074450492172749e-04 | 1
 12,  1 |   4.6252369292692727e-04 |   4.6252369292692727e-04 | 1
 12,  2 |   3.2439996850972268e-04 |   3.2439996850972268e-04 | 1
 12,  3 |   3.3731416731418227e-04 |   3.3731416731418227e-04 | 1
 12,  4 |   5.0447044332777523e-04 |   5.0447044332777523e-04 | 1
 12,  5 |   6.4564312265461877e-04 |   6.4564312265461877e-04 | 1
 12,  6 |   7.1190357259358464e-05 |   7.1190357259358464e-05 | 1
 12,  7 |   5.5532644500273310e-04 |   5.5532644500273310e-04 | 1
 12,  8 |   4.5613140153070444e-04 |   4.5613140153070444e-04 | 1
 12,  9 |   2.1466517832046400e-04 |   2.1466517832046400e-04 | 1
 12, 10 |   7.6841870408238586e-06 |   7.6841870408238586e-06 | 1
 12, 11 |   2.2074450492172749e-04 |   2.2074450492172749e-04 | 1
 12, 12 |   5.1008113287176980e-04 |   5.1008113287176980e-04 | 1
