row,col | V_base                   | V_new                    | equal
  1,  1 |   4.0440182239733961e-04 |   4.0440182239733961e-04 | 1
  1,  2 |   1.7942454032241996e-03 |   1.7942454032241996e-03 | 1
  1,  3 |   2.7916656771259001e-04 |   2.7916656771259001e-04 | 1
  1,  4 |   1.2147233404523675e-04 |   1.2147233404523675e-04 | 1
  1,  5 |  -2.8255109515854470e-04 |  -2.8255109515854470e-04 | 1
  1,  6 |   4.9383123292038550e-05 |   4.9383123292038550e-05 | 1
  2,  1 |   1.7942454032241996e-03 |   1.7942454032241996e-03 | 1
  2,  2 |   1.8858435473418655e-02 |   1.8858435473418655e-02 | 1
  2,  3 |   1.8626371924934963e-03 |   1.8626371924934963e-03 | 1
  2,  4 |   7.5770521414063210e-04 |   7.5770521414063210e-04 | 1
  2,  5 |  -4.4978640723530670e-03 |  -4.4978640723530670e-03 | 1
  2,  6 |  -4.7823719279971766e-04 |  -4.7823719279971766e-04 | 1
  3,  1 |   2.7916656771259001e-04 |   2.7916656771259001e-04 | 1
  3,  2 |   1.8626371924934963e-03 |   1.8626371924934963e-03 | 1
  3,  3 |   9.2572798234278279e-03 |   9.2572798234278279e-03 | 1
  3,  4 |   1.5313885022630848e-04 |   1.5313885022630848e-04 | 1
  3,  5 |  -2.1371166458917617e-04 |  -2.1371166458917617e-04 | 1
  3,  6 |   1.0828529128533853e-04 |   1.0828529128533853e-04 | 1
  4,  1 |   1.2147233404523675e-04 |   1.2147233404523675e-04 | 1
  4,  2 |   7.5770521414063210e-04 |   7.5770521414063210e-04 | 1
  4,  3 |   1.5313885022630848e-04 |   1.5313885022630848e-04 | 1
  4,  4 |   3.5534085913501634e-03 |   3.5534085913501634e-03 | 1
  4,  5 |  -5.2214796818827010e-05 |  -5.2214796818827010e-05 | 1
  4,  6 |   6.5629181962633984e-05 |   6.5629181962633984e-05 | 1
  5,  1 |  -2.8255109515854470e-04 |  -2.8255109515854470e-04 | 1
  5,  2 |  -4.4978640723530670e-03 |  -4.4978640723530670e-03 | 1
  5,  3 |  -2.1371166458917617e-04 |  -2.1371166458917617e-04 | 1
  5,  4 |  -5.2214796818827010e-05 |  -5.2214796818827010e-05 | 1
  5,  5 |   3.8946083416443703e-03 |   3.8946083416443703e-03 | 1
  5,  6 |   3.4062059706260273e-04 |   3.4062059706260273e-04 | 1
  6,  1 |   4.9383123292038550e-05 |   4.9383123292038550e-05 | 1
  6,  2 |  -4.7823719279971766e-04 |  -4.7823719279971766e-04 | 1
  6,  3 |   1.0828529128533853e-04 |   1.0828529128533853e-04 | 1
  6,  4 |   6.5629181962633984e-05 |   6.5629181962633984e-05 | 1
  6,  5 |   3.4062059706260273e-04 |   3.4062059706260273e-04 | 1
  6,  6 |   3.5407549423362432e-04 |   3.5407549423362432e-04 | 1
