row,col | V_base                   | V_new                    | equal
  1,  1 |   1.5465640755607344e-03 |   1.5465640755607344e-03 | 1
  1,  2 |   1.9964604827207404e-03 |   1.9964604827207404e-03 | 1
  1,  3 |  -8.9682109176023771e-05 |  -8.9682109176023771e-05 | 1
  1,  4 |   4.1591611884054421e-03 |   4.1591611884054421e-03 | 1
  1,  5 |   1.2081072864229630e-03 |   1.2081072864229630e-03 | 1
  1,  6 |   2.9176018781819297e-03 |   2.9176018781819297e-03 | 1
  1,  7 |   5.1906398746792118e-04 |   5.1906398746792118e-04 | 1
  1,  8 |  -1.9507859041190985e-04 |  -1.9507859041190985e-04 | 1
  1,  9 |  -1.4613104476627345e-03 |  -1.4613104476627345e-03 | 1
  1, 10 |   4.3678125664857927e-03 |   4.3678125664857927e-03 | 1
  1, 11 |  -2.3019725209924560e-04 |  -2.3019725209924560e-04 | 1
  1, 12 |  -2.2994016271665106e-04 |  -2.2994016271665106e-04 | 1
  1, 13 |   1.8289816613754246e-03 |   1.8289816613754246e-03 | 1
  1, 14 |   5.2583497918122328e-04 |   5.2583497918122328e-04 | 1
  2,  1 |   1.9964604827207404e-03 |   1.9964604827207404e-03 | 1
  2,  2 |   1.0628305483057866e-02 |   1.0628305483057866e-02 | 1
  2,  3 |  -6.1414107443101865e-05 |  -6.1414107443101865e-05 | 1
  2,  4 |   5.8540643149506532e-03 |   5.8540643149506532e-03 | 1
  2,  5 |   7.7417607604333867e-03 |   7.7417607604333867e-03 | 1
  2,  6 |   1.0085009742681719e-02 |   1.0085009742681719e-02 | 1
  2,  7 |   2.2891336031069247e-03 |   2.2891336031069247e-03 | 1
  2,  8 |  -2.0999950905321836e-03 |  -2.0999950905321836e-03 | 1
  2,  9 |  -5.6558931632564383e-03 |  -5.6558931632564383e-03 | 1
  2, 10 |   3.1339481792737392e-02 |   3.1339481792737392e-02 | 1
  2, 11 |  -9.2436422111791131e-04 |  -9.2436422111791131e-04 | 1
  2, 12 |  -1.4656370579412140e-03 |  -1.4656370579412140e-03 | 1
  2, 13 |   3.7711304483349062e-03 |   3.7711304483349062e-03 | 1
  2, 14 |   1.4197528579961214e-02 |   1.4197528579961214e-02 | 1
  3,  1 |  -8.9682109176023771e-05 |  -8.9682109176023771e-05 | 1
  3,  2 |  -6.1414107443101865e-05 |  -6.1414107443101865e-05 | 1
  3,  3 |   1.9214875686716207e-04 |   1.9214875686716207e-04 | 1
  3,  4 |  -6.4759182388488662e-04 |  -6.4759182388488662e-04 | 1
  3,  5 |   1.2675657609599307e-04 |   1.2675657609599307e-04 | 1
  3,  6 |  -1.5156761218053670e-04 |  -1.5156761218053670e-04 | 1
  3,  7 |   1.7880976434761492e-04 |   1.7880976434761492e-04 | 1
  3,  8 |  -1.4704504667208877e-04 |  -1.4704504667208877e-04 | 1
  3,  9 |   1.4338413654748114e-03 |   1.4338413654748114e-03 | 1
  3, 10 |  -3.7352648837832509e-04 |  -3.7352648837832509e-04 | 1
  3, 11 |  -6.9996441910714007e-05 |  -6.9996441910714007e-05 | 1
  3, 12 |  -9.8334693841082432e-05 |  -9.8334693841082432e-05 | 1
  3, 13 |  -4.0215429243688262e-05 |  -4.0215429243688262e-05 | 1
  3, 14 |   7.2952476732363720e-04 |   7.2952476732363720e-04 | 1
  4,  1 |   4.1591611884054421e-03 |   4.1591611884054421e-03 | 1
  4,  2 |   5.8540643149506532e-03 |   5.8540643149506532e-03 | 1
  4,  3 |  -6.4759182388488662e-04 |  -6.4759182388488662e-04 | 1
  4,  4 |   8.1426399721225340e-02 |   8.1426399721225340e-02 | 1
  4,  5 |  -4.0826140926101089e-03 |  -4.0826140926101089e-03 | 1
  4,  6 |   8.8412707775288712e-03 |   8.8412707775288712e-03 | 1
  4,  7 |   7.9902681143970947e-04 |   7.9902681143970947e-04 | 1
  4,  8 |  -1.1426519405588411e-03 |  -1.1426519405588411e-03 | 1
  4,  9 |  -3.3452313107786257e-03 |  -3.3452313107786257e-03 | 1
  4, 10 |   1.0705707577181662e-02 |   1.0705707577181662e-02 | 1
  4, 11 |  -1.1155714518112846e-04 |  -1.1155714518112846e-04 | 1
  4, 12 |   4.8540970083156413e-04 |   4.8540970083156413e-04 | 1
  4, 13 |   3.5238906139399579e-03 |   3.5238906139399579e-03 | 1
  4, 14 |   2.6158030291636731e-03 |   2.6158030291636731e-03 | 1
  5,  1 |   1.2081072864229630e-03 |   1.2081072864229630e-03 | 1
  5,  2 |   7.7417607604333867e-03 |   7.7417607604333867e-03 | 1
  5,  3 |   1.2675657609599307e-04 |   1.2675657609599307e-04 | 1
  5,  4 |  -4.0826140926101089e-03 |  -4.0826140926101089e-03 | 1
  5,  5 |   1.1227982020709850e-02 |   1.1227982020709850e-02 | 1
  5,  6 |   1.1849400908460050e-02 |   1.1849400908460050e-02 | 1
  5,  7 |   9.0499275334029615e-04 |   9.0499275334029615e-04 | 1
  5,  8 |  -1.7657643350701782e-03 |  -1.7657643350701782e-03 | 1
  5,  9 |  -4.0372216301891948e-03 |  -4.0372216301891948e-03 | 1
  5, 10 |   2.7529246229736831e-02 |   2.7529246229736831e-02 | 1
  5, 11 |  -7.6956397081359468e-04 |  -7.6956397081359468e-04 | 1
  5, 12 |  -1.2848307732202216e-03 |  -1.2848307732202216e-03 | 1
  5, 13 |   3.0636285417512902e-03 |   3.0636285417512902e-03 | 1
  5, 14 |   1.2989773108385921e-02 |   1.2989773108385921e-02 | 1
  6,  1 |   2.9176018781819297e-03 |   2.9176018781819297e-03 | 1
  6,  2 |   1.0085009742681719e-02 |   1.0085009742681719e-02 | 1
  6,  3 |  -1.5156761218053670e-04 |  -1.5156761218053670e-04 | 1
  6,  4 |   8.8412707775288712e-03 |   8.8412707775288712e-03 | 1
  6,  5 |   1.1849400908460050e-02 |   1.1849400908460050e-02 | 1
  6,  6 |   2.4931849246493779e-02 |   2.4931849246493779e-02 | 1
  6,  7 |   1.4308613280543936e-03 |   1.4308613280543936e-03 | 1
  6,  8 |  -1.2839636853179503e-03 |  -1.2839636853179503e-03 | 1
  6,  9 |  -6.0445585398343979e-03 |  -6.0445585398343979e-03 | 1
  6, 10 |   3.2698274921061483e-02 |   3.2698274921061483e-02 | 1
  6, 11 |  -1.1661545113648311e-03 |  -1.1661545113648311e-03 | 1
  6, 12 |  -1.4629048055455418e-03 |  -1.4629048055455418e-03 | 1
  6, 13 |   5.0152884311531346e-03 |   5.0152884311531346e-03 | 1
  6, 14 |   1.3550559600088889e-02 |   1.3550559600088889e-02 | 1
  7,  1 |   5.1906398746792118e-04 |   5.1906398746792118e-04 | 1
  7,  2 |   2.2891336031069247e-03 |   2.2891336031069247e-03 | 1
  7,  3 |   1.7880976434761492e-04 |   1.7880976434761492e-04 | 1
  7,  4 |   7.9902681143970947e-04 |   7.9902681143970947e-04 | 1
  7,  5 |   9.0499275334029615e-04 |   9.0499275334029615e-04 | 1
  7,  6 |   1.4308613280543936e-03 |   1.4308613280543936e-03 | 1
  7,  7 |   4.2993171386280392e-03 |   4.2993171386280392e-03 | 1
  7,  8 |  -7.2242030846334632e-04 |  -7.2242030846334632e-04 | 1
  7,  9 |   1.6474185175753434e-03 |   1.6474185175753434e-03 | 1
  7, 10 |   3.6408496907326549e-03 |   3.6408496907326549e-03 | 1
  7, 11 |  -2.4333381763555585e-05 |  -2.4333381763555585e-05 | 1
  7, 12 |  -2.8130729041212161e-04 |  -2.8130729041212161e-04 | 1
  7, 13 |   1.5463850397939402e-03 |   1.5463850397939402e-03 | 1
  7, 14 |   2.5027851177988952e-03 |   2.5027851177988952e-03 | 1
  8,  1 |  -1.9507859041190985e-04 |  -1.9507859041190985e-04 | 1
  8,  2 |  -2.0999950905321836e-03 |  -2.0999950905321836e-03 | 1
  8,  3 |  -1.4704504667208877e-04 |  -1.4704504667208877e-04 | 1
  8,  4 |  -1.1426519405588411e-03 |  -1.1426519405588411e-03 | 1
  8,  5 |  -1.7657643350701782e-03 |  -1.7657643350701782e-03 | 1
  8,  6 |  -1.2839636853179503e-03 |  -1.2839636853179503e-03 | 1
  8,  7 |  -7.2242030846334632e-04 |  -7.2242030846334632e-04 | 1
  8,  8 |   7.7896937100732752e-04 |   7.7896937100732752e-04 | 1
  8,  9 |  -7.5838362953790234e-05 |  -7.5838362953790234e-05 | 1
  8, 10 |  -6.4547855893725093e-03 |  -6.4547855893725093e-03 | 1
  8, 11 |   1.5105009067997344e-04 |   1.5105009067997344e-04 | 1
  8, 12 |   2.9336212678424665e-04 |   2.9336212678424665e-04 | 1
  8, 13 |  -6.8499580925696166e-04 |  -6.8499580925696166e-04 | 1
  8, 14 |  -3.7411130524462287e-03 |  -3.7411130524462287e-03 | 1
  9,  1 |  -1.4613104476627345e-03 |  -1.4613104476627345e-03 | 1
  9,  2 |  -5.6558931632564383e-03 |  -5.6558931632564383e-03 | 1
  9,  3 |   1.4338413654748114e-03 |   1.4338413654748114e-03 | 1
  9,  4 |  -3.3452313107786257e-03 |  -3.3452313107786257e-03 | 1
  9,  5 |  -4.0372216301891948e-03 |  -4.0372216301891948e-03 | 1
  9,  6 |  -6.0445585398343979e-03 |  -6.0445585398343979e-03 | 1
  9,  7 |   1.6474185175753434e-03 |   1.6474185175753434e-03 | 1
  9,  8 |  -7.5838362953790234e-05 |  -7.5838362953790234e-05 | 1
  9,  9 |   2.0856365569762340e-02 |   2.0856365569762340e-02 | 1
  9, 10 |  -3.1697360044474751e-02 |  -3.1697360044474751e-02 | 1
  9, 11 |   6.3643447226903796e-04 |   6.3643447226903796e-04 | 1
  9, 12 |   7.5136342814976879e-04 |   7.5136342814976879e-04 | 1
  9, 13 |  -2.1838339707614994e-03 |  -2.1838339707614994e-03 | 1
  9, 14 |  -3.4004674865193017e-03 |  -3.4004674865193017e-03 | 1
 10,  1 |   4.3678125664857927e-03 |   4.3678125664857927e-03 | 1
 10,  2 |   3.1339481792737392e-02 |   3.1339481792737392e-02 | 1
 10,  3 |  -3.7352648837832509e-04 |  -3.7352648837832509e-04 | 1
 10,  4 |   1.0705707577181662e-02 |   1.0705707577181662e-02 | 1
 10,  5 |   2.7529246229736831e-02 |   2.7529246229736831e-02 | 1
 10,  6 |   3.2698274921061483e-02 |   3.2698274921061483e-02 | 1
 10,  7 |   3.6408496907326549e-03 |   3.6408496907326549e-03 | 1
 10,  8 |  -6.4547855893725093e-03 |  -6.4547855893725093e-03 | 1
 10,  9 |  -3.1697360044474751e-02 |  -3.1697360044474751e-02 | 1
 10, 10 |   1.2708098092747419e-01 |   1.2708098092747419e-01 | 1
 10, 11 |  -3.5042941409747425e-03 |  -3.5042941409747425e-03 | 1
 10, 12 |  -5.4844733847801645e-03 |  -5.4844733847801645e-03 | 1
 10, 13 |   1.0232150044155661e-02 |   1.0232150044155661e-02 | 1
 10, 14 |   5.0399257035560738e-02 |   5.0399257035560738e-02 | 1
 11,  1 |  -2.3019725209924560e-04 |  -2.3019725209924560e-04 | 1
 11,  2 |  -9.2436422111791131e-04 |  -9.2436422111791131e-04 | 1
 11,  3 |  -6.9996441910714007e-05 |  -6.9996441910714007e-05 | 1
 11,  4 |  -1.1155714518112846e-04 |  -1.1155714518112846e-04 | 1
 11,  5 |  -7.6956397081359468e-04 |  -7.6956397081359468e-04 | 1
 11,  6 |  -1.1661545113648311e-03 |  -1.1661545113648311e-03 | 1
 11,  7 |  -2.4333381763555585e-05 |  -2.4333381763555585e-05 | 1
 11,  8 |   1.5105009067997344e-04 |   1.5105009067997344e-04 | 1
 11,  9 |   6.3643447226903796e-04 |   6.3643447226903796e-04 | 1
 11, 10 |  -3.5042941409747425e-03 |  -3.5042941409747425e-03 | 1
 11, 11 |   2.6824907606424071e-04 |   2.6824907606424071e-04 | 1
 11, 12 |   2.3514544727165111e-04 |   2.3514544727165111e-04 | 1
 11, 13 |  -3.9389088541354179e-04 |  -3.9389088541354179e-04 | 1
 11, 14 |  -1.4434845954888606e-03 |  -1.4434845954888606e-03 | 1
 12,  1 |  -2.2994016271665106e-04 |  -2.2994016271665106e-04 | 1
 12,  2 |  -1.4656370579412140e-03 |  -1.4656370579412140e-03 | 1
 12,  3 |  -9.8334693841082432e-05 |  -9.8334693841082432e-05 | 1
 12,  4 |   4.8540970083156413e-04 |   4.8540970083156413e-04 | 1
 12,  5 |  -1.2848307732202216e-03 |  -1.2848307732202216e-03 | 1
 12,  6 |  -1.4629048055455418e-03 |  -1.4629048055455418e-03 | 1
 12,  7 |  -2.8130729041212161e-04 |  -2.8130729041212161e-04 | 1
 12,  8 |   2.9336212678424665e-04 |   2.9336212678424665e-04 | 1
 12,  9 |   7.5136342814976879e-04 |   7.5136342814976879e-04 | 1
 12, 10 |  -5.4844733847801645e-03 |  -5.4844733847801645e-03 | 1
 12, 11 |   2.3514544727165111e-04 |   2.3514544727165111e-04 | 1
 12, 12 |   3.8649746835359307e-04 |   3.8649746835359307e-04 | 1
 12, 13 |  -4.9659719564618056e-04 |  -4.9659719564618056e-04 | 1
 12, 14 |  -2.5805652852868535e-03 |  -2.5805652852868535e-03 | 1
 13,  1 |   1.8289816613754246e-03 |   1.8289816613754246e-03 | 1
 13,  2 |   3.7711304483349062e-03 |   3.7711304483349062e-03 | 1
 13,  3 |  -4.0215429243688262e-05 |  -4.0215429243688262e-05 | 1
 13,  4 |   3.5238906139399579e-03 |   3.5238906139399579e-03 | 1
 13,  5 |   3.0636285417512902e-03 |   3.0636285417512902e-03 | 1
 13,  6 |   5.0152884311531346e-03 |   5.0152884311531346e-03 | 1
 13,  7 |   1.5463850397939402e-03 |   1.5463850397939402e-03 | 1
 13,  8 |  -6.8499580925696166e-04 |  -6.8499580925696166e-04 | 1
 13,  9 |  -2.1838339707614994e-03 |  -2.1838339707614994e-03 | 1
 13, 10 |   1.0232150044155661e-02 |   1.0232150044155661e-02 | 1
 13, 11 |  -3.9389088541354179e-04 |  -3.9389088541354179e-04 | 1
 13, 12 |  -4.9659719564618056e-04 |  -4.9659719564618056e-04 | 1
 13, 13 |   2.9047864689249556e-03 |   2.9047864689249556e-03 | 1
 13, 14 |   2.9291409208252002e-03 |   2.9291409208252002e-03 | 1
 14,  1 |   5.2583497918122328e-04 |   5.2583497918122328e-04 | 1
 14,  2 |   1.4197528579961214e-02 |   1.4197528579961214e-02 | 1
 14,  3 |   7.2952476732363720e-04 |   7.2952476732363720e-04 | 1
 14,  4 |   2.6158030291636731e-03 |   2.6158030291636731e-03 | 1
 14,  5 |   1.2989773108385921e-02 |   1.2989773108385921e-02 | 1
 14,  6 |   1.3550559600088889e-02 |   1.3550559600088889e-02 | 1
 14,  7 |   2.5027851177988952e-03 |   2.5027851177988952e-03 | 1
 14,  8 |  -3.7411130524462287e-03 |  -3.7411130524462287e-03 | 1
 14,  9 |  -3.4004674865193017e-03 |  -3.4004674865193017e-03 | 1
 14, 10 |   5.0399257035560738e-02 |   5.0399257035560738e-02 | 1
 14, 11 |  -1.4434845954888606e-03 |  -1.4434845954888606e-03 | 1
 14, 12 |  -2.5805652852868535e-03 |  -2.5805652852868535e-03 | 1
 14, 13 |   2.9291409208252002e-03 |   2.9291409208252002e-03 | 1
 14, 14 |   2.8316135427308171e-02 |   2.8316135427308171e-02 | 1
