row,col | V_base                   | V_new                    | equal
  1,  1 |   4.4982047347104354e-04 |   4.4982047347104354e-04 | 1
  1,  2 |   3.2625582419076914e-04 |   3.2625582419076914e-04 | 1
  1,  3 |   3.4272929346908698e-04 |   3.4272929346908698e-04 | 1
  1,  4 |   6.1903834511449680e-04 |   6.1903834511449680e-04 | 1
  1,  5 |   8.9998826545283745e-04 |   8.9998826545283745e-04 | 1
  1,  6 |   7.6608461063455748e-05 |   7.6608461063455748e-05 | 1
  1,  7 |   5.6099343745865781e-04 |   5.6099343745865781e-04 | 1
  1,  8 |   4.1100872555180758e-04 |   4.1100872555180758e-04 | 1
  1,  9 |   2.5245436067075687e-04 |   2.5245436067075687e-04 | 1
  1, 10 |  -1.9246578226357912e-04 |  -1.9246578226357912e-04 | 1
  1, 11 |   1.4643301392277093e-04 |   1.4643301392277093e-04 | 1
  1, 12 |   4.0917994297555026e-04 |   4.0917994297555026e-04 | 1
  2,  1 |   3.2625582419076914e-04 |   3.2625582419076914e-04 | 1
  2,  2 |   6.8505923928886760e-04 |   6.8505923928886760e-04 | 1
  2,  3 |   5.0166958742074914e-04 |   5.0166958742074914e-04 | 1
  2,  4 |   3.6864722576950481e-05 |   3.6864722576950481e-05 | 1
  2,  5 |  -2.3913399958025894e-04 |  -2.3913399958025894e-04 | 1
  2,  6 |   1.2018300233676794e-03 |   1.2018300233676794e-03 | 1
  2,  7 |   1.9048492982540454e-04 |   1.9048492982540454e-04 | 1
  2,  8 |   3.6009937745939394e-04 |   3.6009937745939394e-04 | 1
  2,  9 |   6.4214331960243541e-04 |   6.4214331960243541e-04 | 1
  2, 10 |   1.3259943923078716e-03 |   1.3259943923078716e-03 | 1
  2, 11 |   9.2965814672142178e-04 |   9.2965814672142178e-04 | 1
  2, 12 |   4.8160640931268854e-04 |   4.8160640931268854e-04 | 1
  3,  1 |   3.4272929346908698e-04 |   3.4272929346908698e-04 | 1
  3,  2 |   5.0166958742074914e-04 |   5.0166958742074914e-04 | 1
  3,  3 |   5.6028560482050162e-04 |   5.6028560482050162e-04 | 1
  3,  4 |   9.3442263959721760e-05 |   9.3442263959721760e-05 | 1
  3,  5 |  -1.3662531107169805e-04 |  -1.3662531107169805e-04 | 1
  3,  6 |   1.1232286648418545e-03 |   1.1232286648418545e-03 | 1
  3,  7 |   2.3086529376740628e-04 |   2.3086529376740628e-04 | 1
  3,  8 |   3.7388002534003789e-04 |   3.7388002534003789e-04 | 1
  3,  9 |   6.2060254507361736e-04 |   6.2060254507361736e-04 | 1
  3, 10 |   1.2138390348840884e-03 |   1.2138390348840884e-03 | 1
  3, 11 |   8.7816440377335163e-04 |   8.7816440377335163e-04 | 1
  3, 12 |   4.8698597571442397e-04 |   4.8698597571442397e-04 | 1
  4,  1 |   6.1903834511449680e-04 |   6.1903834511449680e-04 | 1
  4,  2 |   3.6864722576950481e-05 |   3.6864722576950481e-05 | 1
  4,  3 |   9.3442263959721760e-05 |   9.3442263959721760e-05 | 1
  4,  4 |   2.4840570306041642e-03 |   2.4840570306041642e-03 | 1
  4,  5 |   3.1068457566933031e-03 |   3.1068457566933031e-03 | 1
  4,  6 |  -1.9761851665122320e-03 |  -1.9761851665122320e-03 | 1
  4,  7 |   1.3110176968185454e-03 |   1.3110176968185454e-03 | 1
  4,  8 |   5.5712677235862781e-04 |   5.5712677235862781e-04 | 1
  4,  9 |  -4.2998924773444416e-04 |  -4.2998924773444416e-04 | 1
  4, 10 |  -3.0047690650743769e-03 |  -3.0047690650743769e-03 | 1
  4, 11 |  -1.2738579207803526e-03 |  -1.2738579207803526e-03 | 1
  4, 12 |   3.2617824730336696e-04 |   3.2617824730336696e-04 | 1
  5,  1 |   8.9998826545283745e-04 |   8.9998826545283745e-04 | 1
  5,  2 |  -2.3913399958025894e-04 |  -2.3913399958025894e-04 | 1
  5,  3 |  -1.3662531107169805e-04 |  -1.3662531107169805e-04 | 1
  5,  4 |   3.1068457566933031e-03 |   3.1068457566933031e-03 | 1
  5,  5 |   5.6524125252819055e-03 |   5.6524125252819055e-03 | 1
  5,  6 |  -4.2242435763254864e-03 |  -4.2242435763254864e-03 | 1
  5,  7 |   2.2083444339084154e-03 |   2.2083444339084154e-03 | 1
  5,  8 |   7.7167202589801371e-04 |   7.7167202589801371e-04 | 1
  5,  9 |  -1.1482013607005508e-03 |  -1.1482013607005508e-03 | 1
  5, 10 |  -6.1258557424065749e-03 |  -6.1258557424065749e-03 | 1
  5, 11 |  -2.8170863711848215e-03 |  -2.8170863711848215e-03 | 1
  5, 12 |   2.8983097927239021e-04 |   2.8983097927239021e-04 | 1
  6,  1 |   7.6608461063455748e-05 |   7.6608461063455748e-05 | 1
  6,  2 |   1.2018300233676794e-03 |   1.2018300233676794e-03 | 1
  6,  3 |   1.1232286648418545e-03 |   1.1232286648418545e-03 | 1
  6,  4 |  -1.9761851665122320e-03 |  -1.9761851665122320e-03 | 1
  6,  5 |  -4.2242435763254864e-03 |  -4.2242435763254864e-03 | 1
  6,  6 |   5.2742813557127601e-03 |   5.2742813557127601e-03 | 1
  6,  7 |  -1.0675054427773741e-03 |  -1.0675054427773741e-03 | 1
  6,  8 |   2.3340188609098848e-04 |   2.3340188609098848e-04 | 1
  6,  9 |   2.0835066658761552e-03 |   2.0835066658761552e-03 | 1
  6, 10 |   6.7772419085812934e-03 |   6.7772419085812934e-03 | 1
  6, 11 |   3.7762884809076948e-03 |   3.7762884809076948e-03 | 1
  6, 12 |   8.0064496659610685e-04 |   8.0064496659610685e-04 | 1
  7,  1 |   5.6099343745865781e-04 |   5.6099343745865781e-04 | 1
  7,  2 |   1.9048492982540454e-04 |   1.9048492982540454e-04 | 1
  7,  3 |   2.3086529376740628e-04 |   2.3086529376740628e-04 | 1
  7,  4 |   1.3110176968185454e-03 |   1.3110176968185454e-03 | 1
  7,  5 |   2.2083444339084154e-03 |   2.2083444339084154e-03 | 1
  7,  6 |  -1.0675054427773741e-03 |  -1.0675054427773741e-03 | 1
  7,  7 |   1.1005250294746237e-03 |   1.1005250294746237e-03 | 1
  7,  8 |   5.2603531895668398e-04 |   5.2603531895668398e-04 | 1
  7,  9 |  -1.1006997687284564e-04 |  -1.1006997687284564e-04 | 1
  7, 10 |  -1.7842095961612793e-03 |  -1.7842095961612793e-03 | 1
  7, 11 |  -6.3722331127409907e-04 |  -6.3722331127409907e-04 | 1
  7, 12 |   3.9646124145671879e-04 |   3.9646124145671879e-04 | 1
  8,  1 |   4.1100872555180758e-04 |   4.1100872555180758e-04 | 1
  8,  2 |   3.6009937745939394e-04 |   3.6009937745939394e-04 | 1
  8,  3 |   3.7388002534003789e-04 |   3.7388002534003789e-04 | 1
  8,  4 |   5.5712677235862781e-04 |   5.5712677235862781e-04 | 1
  8,  5 |   7.7167202589801371e-04 |   7.7167202589801371e-04 | 1
  8,  6 |   2.3340188609098848e-04 |   2.3340188609098848e-04 | 1
  8,  7 |   5.2603531895668398e-04 |   5.2603531895668398e-04 | 1
  8,  8 |   1.0231516096212575e-03 |   1.0231516096212575e-03 | 1
  8,  9 |   3.1306943199312337e-04 |   3.1306943199312337e-04 | 1
  8, 10 |   7.8690655110804221e-06 |   7.8690655110804221e-06 | 1
  8, 11 |   2.5715704955762059e-04 |   2.5715704955762059e-04 | 1
  8, 12 |   4.3069256823128255e-04 |   4.3069256823128255e-04 | 1
  9,  1 |   2.5245436067075687e-04 |   2.5245436067075687e-04 | 1
  9,  2 |   6.4214331960243541e-04 |   6.4214331960243541e-04 | 1
  9,  3 |   6.2060254507361736e-04 |   6.2060254507361736e-04 | 1
  9,  4 |  -4.2998924773444416e-04 |  -4.2998924773444416e-04 | 1
  9,  5 |  -1.1482013607005508e-03 |  -1.1482013607005508e-03 | 1
  9,  6 |   2.0835066658761552e-03 |   2.0835066658761552e-03 | 1
  9,  7 |  -1.1006997687284564e-04 |  -1.1006997687284564e-04 | 1
  9,  8 |   3.1306943199312337e-04 |   3.1306943199312337e-04 | 1
  9,  9 |   6.3013681929659166e-03 |   6.3013681929659166e-03 | 1
  9, 10 |   2.5212649947141882e-03 |   2.5212649947141882e-03 | 1
  9, 11 |   1.5418293756784573e-03 |   1.5418293756784573e-03 | 1
  9, 12 |   5.3147516976787912e-04 |   5.3147516976787912e-04 | 1
 10,  1 |  -1.9246578226357912e-04 |  -1.9246578226357912e-04 | 1
 10,  2 |   1.3259943923078716e-03 |   1.3259943923078716e-03 | 1
 10,  3 |   1.2138390348840884e-03 |   1.2138390348840884e-03 | 1
 10,  4 |  -3.0047690650743769e-03 |  -3.0047690650743769e-03 | 1
 10,  5 |  -6.1258557424065749e-03 |  -6.1258557424065749e-03 | 1
 10,  6 |   6.7772419085812934e-03 |   6.7772419085812934e-03 | 1
 10,  7 |  -1.7842095961612793e-03 |  -1.7842095961612793e-03 | 1
 10,  8 |   7.8690655110804221e-06 |   7.8690655110804221e-06 | 1
 10,  9 |   2.5212649947141882e-03 |   2.5212649947141882e-03 | 1
 10, 10 |   1.0938034414014808e-02 |   1.0938034414014808e-02 | 1
 10, 11 |   4.7966784835343831e-03 |   4.7966784835343831e-03 | 1
 10, 12 |   7.4834202990676341e-04 |   7.4834202990676341e-04 | 1
 11,  1 |   1.4643301392277093e-04 |   1.4643301392277093e-04 | 1
 11,  2 |   9.2965814672142178e-04 |   9.2965814672142178e-04 | 1
 11,  3 |   8.7816440377335163e-04 |   8.7816440377335163e-04 | 1
 11,  4 |  -1.2738579207803526e-03 |  -1.2738579207803526e-03 | 1
 11,  5 |  -2.8170863711848215e-03 |  -2.8170863711848215e-03 | 1
 11,  6 |   3.7762884809076948e-03 |   3.7762884809076948e-03 | 1
 11,  7 |  -6.3722331127409907e-04 |  -6.3722331127409907e-04 | 1
 11,  8 |   2.5715704955762059e-04 |   2.5715704955762059e-04 | 1
 11,  9 |   1.5418293756784573e-03 |   1.5418293756784573e-03 | 1
 11, 10 |   4.7966784835343831e-03 |   4.7966784835343831e-03 | 1
 11, 11 |   3.1427482375379354e-03 |   3.1427482375379354e-03 | 1
 11, 12 |   6.6279936188053785e-04 |   6.6279936188053785e-04 | 1
 12,  1 |   4.0917994297555026e-04 |   4.0917994297555026e-04 | 1
 12,  2 |   4.8160640931268854e-04 |   4.8160640931268854e-04 | 1
 12,  3 |   4.8698597571442397e-04 |   4.8698597571442397e-04 | 1
 12,  4 |   3.2617824730336696e-04 |   3.2617824730336696e-04 | 1
 12,  5 |   2.8983097927239021e-04 |   2.8983097927239021e-04 | 1
 12,  6 |   8.0064496659610685e-04 |   8.0064496659610685e-04 | 1
 12,  7 |   3.9646124145671879e-04 |   3.9646124145671879e-04 | 1
 12,  8 |   4.3069256823128255e-04 |   4.3069256823128255e-04 | 1
 12,  9 |   5.3147516976787912e-04 |   5.3147516976787912e-04 | 1
 12, 10 |   7.4834202990676341e-04 |   7.4834202990676341e-04 | 1
 12, 11 |   6.6279936188053785e-04 |   6.6279936188053785e-04 | 1
 12, 12 |   9.3225666566842187e-04 |   9.3225666566842187e-04 | 1
