row,col | V_base                   | V_new                    | equal
  1,  1 |   4.3094038024525650e-04 |   4.3094038024525650e-04 | 1
  1,  2 |   1.0073011204400163e-04 |   1.0073011204400163e-04 | 1
  1,  3 |   3.4023577918243573e-04 |   3.4023577918243573e-04 | 1
  1,  4 |   1.3224272821790300e-04 |   1.3224272821790300e-04 | 1
  1,  5 |   3.3153783462528828e-04 |   3.3153783462528828e-04 | 1
  1,  6 |   2.5164040326938286e-04 |   2.5164040326938286e-04 | 1
  1,  7 |   2.4093472596234947e-04 |   2.4093472596234947e-04 | 1
  1,  8 |   3.5234291033075789e-04 |   3.5234291033075789e-04 | 1
  1,  9 |   3.1950151914999537e-04 |   3.1950151914999537e-04 | 1
  1, 10 |  -2.6208678750148267e-04 |  -2.6208678750148267e-04 | 1
  1, 11 |   9.7253655699366479e-05 |   9.7253655699366479e-05 | 1
  1, 12 |   7.0711964992913859e-04 |   7.0711964992913859e-04 | 1
  1, 13 |   5.6653172586331683e-04 |   5.6653172586331683e-04 | 1
  1, 14 |   4.6206694608369377e-04 |   4.6206694608369377e-04 | 1
  1, 15 |   2.0830363609761763e-04 |   2.0830363609761763e-04 | 1
  1, 16 |   2.9202145275379458e-04 |   2.9202145275379458e-04 | 1
  1, 17 |   1.4981897278234482e-04 |   1.4981897278234482e-04 | 1
  1, 18 |   4.3421458682166183e-04 |   4.3421458682166183e-04 | 1
  1, 19 |   1.8825811879021059e-04 |   1.8825811879021059e-04 | 1
  1, 20 |   3.3120757990750741e-04 |   3.3120757990750741e-04 | 1
  1, 21 |  -1.5876559503428986e-04 |  -1.5876559503428986e-04 | 1
  1, 22 |   2.5294890669092353e-04 |   2.5294890669092353e-04 | 1
  1, 23 |   8.8007987303568801e-05 |   8.8007987303568801e-05 | 1
  1, 24 |   1.5525490095320463e-04 |   1.5525490095320463e-04 | 1
  1, 25 |   2.0575685541774266e-04 |   2.0575685541774266e-04 | 1
  1, 26 |  -6.9463978408227517e-04 |  -6.9463978408227517e-04 | 1
  1, 27 |  -6.8795138796286430e-05 |  -6.8795138796286430e-05 | 1
  1, 28 |   2.8383652794382254e-04 |   2.8383652794382254e-04 | 1
  1, 29 |  -1.2532179761895435e-04 |  -1.2532179761895435e-04 | 1
  1, 30 |  -1.7874611794677856e-04 |  -1.7874611794677856e-04 | 1
  2,  1 |   1.0073011204400163e-04 |   1.0073011204400163e-04 | 1
  2,  2 |   1.3593140335633868e-03 |   1.3593140335633868e-03 | 1
  2,  3 |   1.0018156907555095e-04 |   1.0018156907555095e-04 | 1
  2,  4 |   1.5677691891847456e-04 |   1.5677691891847456e-04 | 1
  2,  5 |   6.4437122863355659e-05 |   6.4437122863355659e-05 | 1
  2,  6 |   1.7213081353202857e-04 |   1.7213081353202857e-04 | 1
  2,  7 |   1.7799575686931111e-04 |   1.7799575686931111e-04 | 1
  2,  8 |   6.7909733866948645e-05 |   6.7909733866948645e-05 | 1
  2,  9 |   2.1256663884891924e-04 |   2.1256663884891924e-04 | 1
  2, 10 |   6.7156976356985720e-04 |   6.7156976356985720e-04 | 1
  2, 11 |   2.9756808764298158e-04 |   2.9756808764298158e-04 | 1
  2, 12 |  -1.5731347580116514e-04 |  -1.5731347580116514e-04 | 1
  2, 13 |  -5.0979947609756506e-05 |  -5.0979947609756506e-05 | 1
  2, 14 |   6.0141541439621342e-04 |   6.0141541439621342e-04 | 1
  2, 15 |   2.2926258498532243e-04 |   2.2926258498532243e-04 | 1
  2, 16 |   1.1978465706309713e-04 |   1.1978465706309713e-04 | 1
  2, 17 |   1.9936920303800164e-04 |   1.9936920303800164e-04 | 1
  2, 18 |   7.8775232898928500e-05 |   7.8775232898928500e-05 | 1
  2, 19 |   2.0843540155037350e-04 |   2.0843540155037350e-04 | 1
  2, 20 |   3.9887864600602524e-05 |   3.9887864600602524e-05 | 1
  2, 21 |   4.8945283171164772e-04 |   4.8945283171164772e-04 | 1
  2, 22 |   1.2014492116587724e-04 |   1.2014492116587724e-04 | 1
  2, 23 |   3.1801276150056628e-04 |   3.1801276150056628e-04 | 1
  2, 24 |   2.4561851529594016e-04 |   2.4561851529594016e-04 | 1
  2, 25 |   1.6153004963362607e-04 |   1.6153004963362607e-04 | 1
  2, 26 |   9.9366943529574170e-04 |   9.9366943529574170e-04 | 1
  2, 27 |   4.3192799543879484e-04 |   4.3192799543879484e-04 | 1
  2, 28 |   1.5780189812512381e-04 |   1.5780189812512381e-04 | 1
  2, 29 |   4.6078512939233546e-04 |   4.6078512939233546e-04 | 1
  2, 30 |   5.1868749406183505e-04 |   5.1868749406183505e-04 | 1
  3,  1 |   3.4023577918243573e-04 |   3.4023577918243573e-04 | 1
  3,  2 |   1.0018156907555095e-04 |   1.0018156907555095e-04 | 1
  3,  3 |   5.3193335634399007e-04 |   5.3193335634399007e-04 | 1
  3,  4 |   1.3739335975870734e-04 |   1.3739335975870734e-04 | 1
  3,  5 |   3.5559073092615009e-04 |   3.5559073092615009e-04 | 1
  3,  6 |   2.6587866963054225e-04 |   2.6587866963054225e-04 | 1
  3,  7 |   2.5411386091896680e-04 |   2.5411386091896680e-04 | 1
  3,  8 |   3.7783621596474521e-04 |   3.7783621596474521e-04 | 1
  3,  9 |   3.3781804266483069e-04 |   3.3781804266483069e-04 | 1
  3, 10 |  -3.0541175193517727e-04 |  -3.0541175193517727e-04 | 1
  3, 11 |   9.5061884882432319e-05 |   9.5061884882432319e-05 | 1
  3, 12 |   7.6823852615277724e-04 |   7.6823852615277724e-04 | 1
  3, 13 |   6.1286373970202853e-04 |   6.1286373970202853e-04 | 1
  3, 14 |   4.7759445955388423e-04 |   4.7759445955388423e-04 | 1
  3, 15 |   2.1713382932060586e-04 |   2.1713382932060586e-04 | 1
  3, 16 |   3.1102680016700633e-04 |   3.1102680016700633e-04 | 1
  3, 17 |   1.5486294981775464e-04 |   1.5486294981775464e-04 | 1
  3, 18 |   4.6577657455772084e-04 |   4.6577657455772084e-04 | 1
  3, 19 |   1.9617943528678962e-04 |   1.9617943528678962e-04 | 1
  3, 20 |   3.5592154790036390e-04 |   3.5592154790036390e-04 | 1
  3, 21 |  -1.8764175918047288e-04 |  -1.8764175918047288e-04 | 1
  3, 22 |   2.6910720896934604e-04 |   2.6910720896934604e-04 | 1
  3, 23 |   8.4352391198252985e-05 |   8.4352391198252985e-05 | 1
  3, 24 |   1.5925863423907680e-04 |   1.5925863423907680e-04 | 1
  3, 25 |   2.1635388803105474e-04 |   2.1635388803105474e-04 | 1
  3, 26 |  -7.8282765110380416e-04 |  -7.8282765110380416e-04 | 1
  3, 27 |  -8.8739326133910139e-05 |  -8.8739326133910139e-05 | 1
  3, 28 |   3.0088897745844141e-04 |   3.0088897745844141e-04 | 1
  3, 29 |  -1.5084111540877854e-04 |  -1.5084111540877854e-04 | 1
  3, 30 |  -2.1019593589773853e-04 |  -2.1019593589773853e-04 | 1
  4,  1 |   1.3224272821790300e-04 |   1.3224272821790300e-04 | 1
  4,  2 |   1.5677691891847456e-04 |   1.5677691891847456e-04 | 1
  4,  3 |   1.3739335975870734e-04 |   1.3739335975870734e-04 | 1
  4,  4 |   2.3639583494014151e-03 |   2.3639583494014151e-03 | 1
  4,  5 |   1.1796763056797703e-04 |   1.1796763056797703e-04 | 1
  4,  6 |   1.5178290345488208e-04 |   1.5178290345488208e-04 | 1
  4,  7 |   1.5244771036172479e-04 |   1.5244771036172479e-04 | 1
  4,  8 |   1.2425890501237513e-04 |   1.2425890501237513e-04 | 1
  4,  9 |   1.9125347312676889e-04 |   1.9125347312676889e-04 | 1
  4, 10 |   2.7756699631713560e-04 |   2.7756699631713560e-04 | 1
  4, 11 |   1.7655068379553645e-04 |   1.7655068379553645e-04 | 1
  4, 12 |   9.9262249099275508e-05 |   9.9262249099275508e-05 | 1
  4, 13 |   1.1743445248415575e-04 |   1.1743445248415575e-04 | 1
  4, 14 |   4.2523310336889890e-04 |   4.2523310336889890e-04 | 1
  4, 15 |   1.6965134983413019e-04 |   1.6965134983413019e-04 | 1
  4, 16 |   1.3556742326258892e-04 |   1.3556742326258892e-04 | 1
  4, 17 |   1.3988800672511635e-04 |   1.3988800672511635e-04 | 1
  4, 18 |   1.5039449361707385e-04 |   1.5039449361707385e-04 | 1
  4, 19 |   1.5414349826311271e-04 |   1.5414349826311271e-04 | 1
  4, 20 |   1.0624770205567866e-04 |   1.0624770205567866e-04 | 1
  4, 21 |   2.1069113783174644e-04 |   2.1069113783174644e-04 | 1
  4, 22 |   1.2709464461617271e-04 |   1.2709464461617271e-04 | 1
  4, 23 |   1.8566388765893873e-04 |   1.8566388765893873e-04 | 1
  4, 24 |   1.6526645065225012e-04 |   1.6526645065225012e-04 | 1
  4, 25 |   1.3459880003933964e-04 |   1.3459880003933964e-04 | 1
  4, 26 |   3.3182755163712360e-04 |   3.3182755163712360e-04 | 1
  4, 27 |   2.0259134974060357e-04 |   2.0259134974060357e-04 | 1
  4, 28 |   1.5281669592548701e-04 |   1.5281669592548701e-04 | 1
  4, 29 |   2.0424746569666326e-04 |   2.0424746569666326e-04 | 1
  4, 30 |   2.2000772066566398e-04 |   2.2000772066566398e-04 | 1
  5,  1 |   3.3153783462528828e-04 |   3.3153783462528828e-04 | 1
  5,  2 |   6.4437122863355659e-05 |   6.4437122863355659e-05 | 1
  5,  3 |   3.5559073092615009e-04 |   3.5559073092615009e-04 | 1
  5,  4 |   1.1796763056797703e-04 |   1.1796763056797703e-04 | 1
  5,  5 |   2.2645921859069558e-03 |   2.2645921859069558e-03 | 1
  5,  6 |   2.4537704866365391e-04 |   2.4537704866365391e-04 | 1
  5,  7 |   2.3293849471510170e-04 |   2.3293849471510170e-04 | 1
  5,  8 |   3.7477794692218099e-04 |   3.7477794692218099e-04 | 1
  5,  9 |   3.1310007763781758e-04 |   3.1310007763781758e-04 | 1
  5, 10 |  -4.0891471353473664e-04 |  -4.0891471353473664e-04 | 1
  5, 11 |   5.3054615653114884e-05 |   5.3054615653114884e-05 | 1
  5, 12 |   8.0487857388054831e-04 |   8.0487857388054831e-04 | 1
  5, 13 |   6.3119458385951809e-04 |   6.3119458385951809e-04 | 1
  5, 14 |   3.9583224628442844e-04 |   3.9583224628442844e-04 | 1
  5, 15 |   1.8779605896785027e-04 |   1.8779605896785027e-04 | 1
  5, 16 |   2.9884393001832399e-04 |   2.9884393001832399e-04 | 1
  5, 17 |   1.2794810655154489e-04 |   1.2794810655154489e-04 | 1
  5, 18 |   4.6304359944624449e-04 |   4.6304359944624449e-04 | 1
  5, 19 |   1.6870562480752300e-04 |   1.6870562480752300e-04 | 1
  5, 20 |   3.5623956368998651e-04 |   3.5623956368998651e-04 | 1
  5, 21 |  -2.6217804004434730e-04 |  -2.6217804004434730e-04 | 1
  5, 22 |   2.5647643935824179e-04 |   2.5647643935824179e-04 | 1
  5, 23 |   3.9464723614056032e-05 |   3.9464723614056032e-05 | 1
  5, 24 |   1.2614795756183057e-04 |   1.2614795756183057e-04 | 1
  5, 25 |   1.9609985043220885e-04 |   1.9609985043220885e-04 | 1
  5, 26 |  -9.4213604475857347e-04 |  -9.4213604475857347e-04 | 1
  5, 27 |  -1.5415602305526624e-04 |  -1.5415602305526624e-04 | 1
  5, 28 |   2.8305188603067655e-04 |   2.8305188603067655e-04 | 1
  5, 29 |  -2.2069568393949033e-04 |  -2.2069568393949033e-04 | 1
  5, 30 |  -2.8983389631699337e-04 |  -2.8983389631699337e-04 | 1
  6,  1 |   2.5164040326938286e-04 |   2.5164040326938286e-04 | 1
  6,  2 |   1.7213081353202857e-04 |   1.7213081353202857e-04 | 1
  6,  3 |   2.6587866963054225e-04 |   2.6587866963054225e-04 | 1
  6,  4 |   1.5178290345488208e-04 |   1.5178290345488208e-04 | 1
  6,  5 |   2.4537704866365391e-04 |   2.4537704866365391e-04 | 1
  6,  6 |   2.4367564784480203e-03 |   2.4367564784480203e-03 | 1
  6,  7 |   2.3232305764471460e-04 |   2.3232305764471460e-04 | 1
  6,  8 |   2.6079471652635725e-04 |   2.6079471652635725e-04 | 1
  6,  9 |   2.9838576447351701e-04 |   2.9838576447351701e-04 | 1
  6, 10 |   1.0226673339400405e-04 |   1.0226673339400405e-04 | 1
  6, 11 |   1.8680348586452413e-04 |   1.8680348586452413e-04 | 1
  6, 12 |   4.0245459294833426e-04 |   4.0245459294833426e-04 | 1
  6, 13 |   3.5318098411141403e-04 |   3.5318098411141403e-04 | 1
  6, 14 |   5.4900917450473514e-04 |   5.4900917450473514e-04 | 1
  6, 15 |   2.3211391514300046e-04 |   2.3211391514300046e-04 | 1
  6, 16 |   2.4200900484537514e-04 |   2.4200900484537514e-04 | 1
  6, 17 |   1.8042584692751958e-04 |   1.8042584692751958e-04 | 1
  6, 18 |   3.1914406914009582e-04 |   3.1914406914009582e-04 | 1
  6, 19 |   2.0981887242192449e-04 |   2.0981887242192449e-04 | 1
  6, 20 |   2.3478474687845744e-04 |   2.3478474687845744e-04 | 1
  6, 21 |   9.6175868377355896e-05 |   9.6175868377355896e-05 | 1
  6, 22 |   2.1628018533310326e-04 |   2.1628018533310326e-04 | 1
  6, 23 |   1.8860755283107251e-04 |   1.8860755283107251e-04 | 1
  6, 24 |   2.0355375045889686e-04 |   2.0355375045889686e-04 | 1
  6, 25 |   2.0214378985298538e-04 |   2.0214378985298538e-04 | 1
  6, 26 |  -5.0441421385569586e-05 |  -5.0441421385569586e-05 | 1
  6, 27 |   1.3215048297483578e-04 |   1.3215048297483578e-04 | 1
  6, 28 |   2.5230435138883260e-04 |   2.5230435138883260e-04 | 1
  6, 29 |   1.0644184067493698e-04 |   1.0644184067493698e-04 | 1
  6, 30 |   9.5355411749922119e-05 |   9.5355411749922119e-05 | 1
  7,  1 |   2.4093472596234947e-04 |   2.4093472596234947e-04 | 1
  7,  2 |   1.7799575686931111e-04 |   1.7799575686931111e-04 | 1
  7,  3 |   2.5411386091896680e-04 |   2.5411386091896680e-04 | 1
  7,  4 |   1.5244771036172479e-04 |   1.5244771036172479e-04 | 1
  7,  5 |   2.3293849471510170e-04 |   2.3293849471510170e-04 | 1
  7,  6 |   2.3232305764471460e-04 |   2.3232305764471460e-04 | 1
  7,  7 |   4.4525841168344853e-04 |   4.4525841168344853e-04 | 1
  7,  8 |   2.4688646765845843e-04 |   2.4688646765845843e-04 | 1
  7,  9 |   2.9244292070572538e-04 |   2.9244292070572538e-04 | 1
  7, 10 |   1.4281267625508229e-04 |   1.4281267625508229e-04 | 1
  7, 11 |   1.9437004650868354e-04 |   1.9437004650868354e-04 | 1
  7, 12 |   3.6246985061267890e-04 |   3.6246985061267890e-04 | 1
  7, 13 |   3.2436526336336580e-04 |   3.2436526336336580e-04 | 1
  7, 14 |   5.5233693503350164e-04 |   5.5233693503350164e-04 | 1
  7, 15 |   2.3193121740476081e-04 |   2.3193121740476081e-04 | 1
  7, 16 |   2.3302949461104005e-04 |   2.3302949461104005e-04 | 1
  7, 17 |   1.8161941006153572e-04 |   1.8161941006153572e-04 | 1
  7, 18 |   3.0191544397893113e-04 |   3.0191544397893113e-04 | 1
  7, 19 |   2.0946625320415781e-04 |   2.0946625320415781e-04 | 1
  7, 20 |   2.2104737564621280e-04 |   2.2104737564621280e-04 | 1
  7, 21 |   1.2431367613001417e-04 |   1.2431367613001417e-04 | 1
  7, 22 |   2.0988659444472991e-04 |   2.0988659444472991e-04 | 1
  7, 23 |   1.9787423807357332e-04 |   1.9787423807357332e-04 | 1
  7, 24 |   2.0623957871912925e-04 |   2.0623957871912925e-04 | 1
  7, 25 |   1.9864551645459532e-04 |   1.9864551645459532e-04 | 1
  7, 26 |   2.3683279602988315e-05 |   2.3683279602988315e-05 | 1
  7, 27 |   1.5273788673897444e-04 |   1.5273788673897444e-04 | 1
  7, 28 |   2.4520331726427799e-04 |   2.4520331726427799e-04 | 1
  7, 29 |   1.3141358053742240e-04 |   1.3141358053742240e-04 | 1
  7, 30 |   1.2487829461518314e-04 |   1.2487829461518314e-04 | 1
  8,  1 |   3.5234291033075789e-04 |   3.5234291033075789e-04 | 1
  8,  2 |   6.7909733866948645e-05 |   6.7909733866948645e-05 | 1
  8,  3 |   3.7783621596474521e-04 |   3.7783621596474521e-04 | 1
  8,  4 |   1.2425890501237513e-04 |   1.2425890501237513e-04 | 1
  8,  5 |   3.7477794692218099e-04 |   3.7477794692218099e-04 | 1
  8,  6 |   2.6079471652635725e-04 |   2.6079471652635725e-04 | 1
  8,  7 |   2.4688646765845843e-04 |   2.4688646765845843e-04 | 1
  8,  8 |   1.2897773469598090e-03 |   1.2897773469598090e-03 | 1
  8,  9 |   3.3201548322286413e-04 |   3.3201548322286413e-04 | 1
  8, 10 |  -4.3642948982163421e-04 |  -4.3642948982163421e-04 | 1
  8, 11 |   5.6161700205901805e-05 |   5.6161700205901805e-05 | 1
  8, 12 |   8.5647272968543300e-04 |   8.5647272968543300e-04 | 1
  8, 13 |   6.7159136494107543e-04 |   6.7159136494107543e-04 | 1
  8, 14 |   4.2114750092258474e-04 |   4.2114750092258474e-04 | 1
  8, 15 |   1.9902599392000709e-04 |   1.9902599392000709e-04 | 1
  8, 16 |   3.1792374452355388e-04 |   3.1792374452355388e-04 | 1
  8, 17 |   1.3613467965748391e-04 |   1.3613467965748391e-04 | 1
  8, 18 |   4.9182520391826919e-04 |   4.9182520391826919e-04 | 1
  8, 19 |   1.7917974261395851e-04 |   1.7917974261395851e-04 | 1
  8, 20 |   3.7912517492238150e-04 |   3.7912517492238150e-04 | 1
  8, 21 |  -2.8044829358077664e-04 |  -2.8044829358077664e-04 | 1
  8, 22 |   2.7175500571229792e-04 |   2.7175500571229792e-04 | 1
  8, 23 |   4.0949150281425125e-05 |   4.0949150281425125e-05 | 1
  8, 24 |   1.3392143227878835e-04 |   1.3392143227878835e-04 | 1
  8, 25 |   2.0885383996501882e-04 |   2.0885383996501882e-04 | 1
  8, 26 |  -1.0037683145613847e-03 |  -1.0037683145613847e-03 | 1
  8, 27 |  -1.6399121180900650e-04 |  -1.6399121180900650e-04 | 1
  8, 28 |   3.0114998769441412e-04 |   3.0114998769441412e-04 | 1
  8, 29 |  -2.3548752000717034e-04 |  -2.3548752000717034e-04 | 1
  8, 30 |  -3.0881088735330007e-04 |  -3.0881088735330007e-04 | 1
  9,  1 |   3.1950151914999537e-04 |   3.1950151914999537e-04 | 1
  9,  2 |   2.1256663884891924e-04 |   2.1256663884891924e-04 | 1
  9,  3 |   3.3781804266483069e-04 |   3.3781804266483069e-04 | 1
  9,  4 |   1.9125347312676889e-04 |   1.9125347312676889e-04 | 1
  9,  5 |   3.1310007763781758e-04 |   3.1310007763781758e-04 | 1
  9,  6 |   2.9838576447351701e-04 |   2.9838576447351701e-04 | 1
  9,  7 |   2.9244292070572538e-04 |   2.9244292070572538e-04 | 1
  9,  8 |   3.3201548322286413e-04 |   3.3201548322286413e-04 | 1
  9,  9 |   2.6210685480296835e-03 |   2.6210685480296835e-03 | 1
  9, 10 |   1.1044434713690985e-04 |   1.1044434713690985e-04 | 1
  9, 11 |   2.2975069980871106e-04 |   2.2975069980871106e-04 | 1
  9, 12 |   5.2171446825589191e-04 |   5.2171446825589191e-04 | 1
  9, 13 |   4.5482227404192090e-04 |   4.5482227404192090e-04 | 1
  9, 14 |   6.8580470174338544e-04 |   6.8580470174338544e-04 | 1
  9, 15 |   2.9014716221131387e-04 |   2.9014716221131387e-04 | 1
  9, 16 |   3.0677532271276581e-04 |   3.0677532271276581e-04 | 1
  9, 17 |   2.2511872220696487e-04 |   2.2511872220696487e-04 | 1
  9, 18 |   4.0708613868887329e-04 |   4.0708613868887329e-04 | 1
  9, 19 |   2.6287586702826568e-04 |   2.6287586702826568e-04 | 1
  9, 20 |   3.0070882863002441e-04 |   3.0070882863002441e-04 | 1
  9, 21 |   1.0776697159038918e-04 |   1.0776697159038918e-04 | 1
  9, 22 |   2.7426681539791711e-04 |   2.7426681539791711e-04 | 1
  9, 23 |   2.3246649348708788e-04 |   2.3246649348708788e-04 | 1
  9, 24 |   2.5308103679090295e-04 |   2.5308103679090295e-04 | 1
  9, 25 |   2.5416193463992213e-04 |   2.5416193463992213e-04 | 1
  9, 26 |  -9.6174730817012136e-05 |  -9.6174730817012136e-05 | 1
  9, 27 |   1.5530695139016150e-04 |   1.5530695139016150e-04 | 1
  9, 28 |   3.1881896309151963e-04 |   3.1881896309151963e-04 | 1
  9, 29 |   1.2174509745005294e-04 |   1.2174509745005294e-04 | 1
  9, 30 |   1.0562694495261138e-04 |   1.0562694495261138e-04 | 1
 10,  1 |  -2.6208678750148267e-04 |  -2.6208678750148267e-04 | 1
 10,  2 |   6.7156976356985720e-04 |   6.7156976356985720e-04 | 1
 10,  3 |  -3.0541175193517727e-04 |  -3.0541175193517727e-04 | 1
 10,  4 |   2.7756699631713560e-04 |   2.7756699631713560e-04 | 1
 10,  5 |  -4.0891471353473664e-04 |  -4.0891471353473664e-04 | 1
 10,  6 |   1.0226673339400405e-04 |   1.0226673339400405e-04 | 1
 10,  7 |   1.4281267625508229e-04 |   1.4281267625508229e-04 | 1
 10,  8 |  -4.3642948982163421e-04 |  -4.3642948982163421e-04 | 1
 10,  9 |   1.1044434713690985e-04 |   1.1044434713690985e-04 | 1
 10, 10 |   2.7533446960341657e-03 |   2.7533446960341657e-03 | 1
 10, 11 |   8.1517989165280440e-04 |   8.1517989165280440e-04 | 1
 10, 12 |  -1.8625575602846728e-03 |  -1.8625575602846728e-03 | 1
 10, 13 |  -1.2392856832964859e-03 |  -1.2392856832964859e-03 | 1
 10, 14 |   1.1635750523258050e-03 |   1.1635750523258050e-03 | 1
 10, 15 |   3.7616447277458642e-04 |   3.7616447277458642e-04 | 1
 10, 16 |  -1.4784197547250351e-04 |  -1.4784197547250351e-04 | 1
 10, 17 |   3.8916023682167056e-04 |   3.8916023682167056e-04 | 1
 10, 18 |  -5.5365676656449572e-04 |  -5.5365676656449572e-04 | 1
 10, 19 |   3.4608965568854550e-04 |   3.4608965568854550e-04 | 1
 10, 20 |  -4.8917064827100581e-04 |  -4.8917064827100581e-04 | 1
 10, 21 |   1.9444509623531222e-03 |   1.9444509623531222e-03 | 1
 10, 22 |  -7.3688958803631342e-05 |  -7.3688958803631342e-05 | 1
 10, 23 |   9.0324981527450054e-04 |   9.0324981527450054e-04 | 1
 10, 24 |   5.3244592953605890e-04 |   5.3244592953605890e-04 | 1
 10, 25 |   1.5718821053545477e-04 |   1.5718821053545477e-04 | 1
 10, 26 |   4.6496917547907760e-03 |   4.6496917547907760e-03 | 1
 10, 27 |   1.5814570294419451e-03 |   1.5814570294419451e-03 | 1
 10, 28 |  -4.8310659513244611e-06 |  -4.8310659513244611e-06 | 1
 10, 29 |   1.7861431059427169e-03 |   1.7861431059427169e-03 | 1
 10, 30 |   2.0788992911015538e-03 |   2.0788992911015538e-03 | 1
 11,  1 |   9.7253655699366479e-05 |   9.7253655699366479e-05 | 1
 11,  2 |   2.9756808764298158e-04 |   2.9756808764298158e-04 | 1
 11,  3 |   9.5061884882432319e-05 |   9.5061884882432319e-05 | 1
 11,  4 |   1.7655068379553645e-04 |   1.7655068379553645e-04 | 1
 11,  5 |   5.3054615653114884e-05 |   5.3054615653114884e-05 | 1
 11,  6 |   1.8680348586452413e-04 |   1.8680348586452413e-04 | 1
 11,  7 |   1.9437004650868354e-04 |   1.9437004650868354e-04 | 1
 11,  8 |   5.6161700205901805e-05 |   5.6161700205901805e-05 | 1
 11,  9 |   2.2975069980871106e-04 |   2.2975069980871106e-04 | 1
 11, 10 |   8.1517989165280440e-04 |   8.1517989165280440e-04 | 1
 11, 11 |   1.8267434968074169e-03 |   1.8267434968074169e-03 | 1
 11, 12 |  -2.3642550207485954e-04 |  -2.3642550207485954e-04 | 1
 11, 13 |  -1.0009269066659838e-04 |  -1.0009269066659838e-04 | 1
 11, 14 |   6.7971503102707328e-04 |   6.7971503102707328e-04 | 1
 11, 15 |   2.5783847237295209e-04 |   2.5783847237295209e-04 | 1
 11, 16 |   1.2166656614991824e-04 |   1.2166656614991824e-04 | 1
 11, 17 |   2.2597713955764301e-04 |   2.2597713955764301e-04 | 1
 11, 18 |   6.3114229618528760e-05 |   6.3114229618528760e-05 | 1
 11, 19 |   2.3389598951058558e-04 |   2.3389598951058558e-04 | 1
 11, 20 |   2.3884616515151963e-05 |   2.3884616515151963e-05 | 1
 11, 21 |   5.9198354701750608e-04 |   5.9198354701750608e-04 | 1
 11, 22 |   1.2458915186691719e-04 |   1.2458915186691719e-04 | 1
 11, 23 |   3.7094736998352981e-04 |   3.7094736998352981e-04 | 1
 11, 24 |   2.8077740798547202e-04 |   2.8077740798547202e-04 | 1
 11, 25 |   1.7716706812871843e-04 |   1.7716706812871843e-04 | 1
 11, 26 |   1.2281844292848449e-03 |   1.2281844292848449e-03 | 1
 11, 27 |   5.1762251435003839e-04 |   5.1762251435003839e-04 | 1
 11, 28 |   1.6747630000892954e-04 |   1.6747630000892954e-04 | 1
 11, 29 |   5.5581163013645541e-04 |   5.5581163013645541e-04 | 1
 11, 30 |   6.2845345854932650e-04 |   6.2845345854932650e-04 | 1
 12,  1 |   7.0711964992913859e-04 |   7.0711964992913859e-04 | 1
 12,  2 |  -1.5731347580116514e-04 |  -1.5731347580116514e-04 | 1
 12,  3 |   7.6823852615277724e-04 |   7.6823852615277724e-04 | 1
 12,  4 |   9.9262249099275508e-05 |   9.9262249099275508e-05 | 1
 12,  5 |   8.0487857388054831e-04 |   8.0487857388054831e-04 | 1
 12,  6 |   4.0245459294833426e-04 |   4.0245459294833426e-04 | 1
 12,  7 |   3.6246985061267890e-04 |   3.6246985061267890e-04 | 1
 12,  8 |   8.5647272968543300e-04 |   8.5647272968543300e-04 | 1
 12,  9 |   5.2171446825589191e-04 |   5.2171446825589191e-04 | 1
 12, 10 |  -1.8625575602846728e-03 |  -1.8625575602846728e-03 | 1
 12, 11 |  -2.3642550207485954e-04 |  -2.3642550207485954e-04 | 1
 12, 12 |   3.9154289447931173e-03 |   3.9154289447931173e-03 | 1
 12, 13 |   1.6484984830243746e-03 |   1.6484984830243746e-03 | 1
 12, 14 |   2.5041994974414269e-04 |   2.5041994974414269e-04 | 1
 12, 15 |   1.8522700770486194e-04 |   1.8522700770486194e-04 | 1
 12, 16 |   6.0239528736851823e-04 |   6.0239528736851823e-04 | 1
 12, 17 |   7.4478454801502937e-05 |   7.4478454801502937e-05 | 1
 12, 18 |   1.0635778017938833e-03 |   1.0635778017938833e-03 | 1
 12, 19 |   1.6553029017866552e-04 |   1.6553029017866552e-04 | 1
 12, 20 |   8.4645235860997562e-04 |   8.4645235860997562e-04 | 1
 12, 21 |  -1.2682550805585635e-03 |  -1.2682550805585635e-03 | 1
 12, 22 |   4.9471823535087627e-04 |   4.9471823535087627e-04 | 1
 12, 23 |  -2.9665903559790397e-04 |  -2.9665903559790397e-04 | 1
 12, 24 |   1.1722326691129803e-05 |   1.1722326691129803e-05 | 1
 12, 25 |   2.9285265665491569e-04 |   2.9285265665491569e-04 | 1
 12, 26 |  -3.6020634546944461e-03 |  -3.6020634546944461e-03 | 1
 12, 27 |  -9.2264474961473413e-04 |  -9.2264474961473413e-04 | 1
 12, 28 |   5.1543040856025452e-04 |   5.1543040856025452e-04 | 1
 12, 29 |  -1.1276577933549909e-03 |  -1.1276577933549909e-03 | 1
 12, 30 |  -1.3720003347241546e-03 |  -1.3720003347241546e-03 | 1
 13,  1 |   5.6653172586331683e-04 |   5.6653172586331683e-04 | 1
 13,  2 |  -5.0979947609756506e-05 |  -5.0979947609756506e-05 | 1
 13,  3 |   6.1286373970202853e-04 |   6.1286373970202853e-04 | 1
 13,  4 |   1.1743445248415575e-04 |   1.1743445248415575e-04 | 1
 13,  5 |   6.3119458385951809e-04 |   6.3119458385951809e-04 | 1
 13,  6 |   3.5318098411141403e-04 |   3.5318098411141403e-04 | 1
 13,  7 |   3.2436526336336580e-04 |   3.2436526336336580e-04 | 1
 13,  8 |   6.7159136494107543e-04 |   6.7159136494107543e-04 | 1
 13,  9 |   4.5482227404192090e-04 |   4.5482227404192090e-04 | 1
 13, 10 |  -1.2392856832964859e-03 |  -1.2392856832964859e-03 | 1
 13, 11 |  -1.0009269066659838e-04 |  -1.0009269066659838e-04 | 1
 13, 12 |   1.6484984830243746e-03 |   1.6484984830243746e-03 | 1
 13, 13 |   2.7796104208621091e-03 |   2.7796104208621091e-03 | 1
 13, 14 |   3.5516079090652352e-04 |   3.5516079090652352e-04 | 1
 13, 15 |   2.0307017350460079e-04 |   2.0307017350460079e-04 | 1
 13, 16 |   4.9160993710904298e-04 |   4.9160993710904298e-04 | 1
 13, 17 |   1.1077462915849472e-04 |   1.1077462915849472e-04 | 1
 13, 18 |   8.3249391688415336e-04 |   8.3249391688415336e-04 | 1
 13, 19 |   1.8224105323903908e-04 |   1.8224105323903908e-04 | 1
 13, 20 |   6.5584942165368171e-04 |   6.5584942165368171e-04 | 1
 13, 21 |  -8.3512873254189171e-04 |  -8.3512873254189171e-04 | 1
 13, 22 |   4.0903028418702082e-04 |   4.0903028418702082e-04 | 1
 13, 23 |  -1.4071510019953489e-04 |  -1.4071510019953489e-04 | 1
 13, 24 |   7.5180625967141045e-05 |   7.5180625967141045e-05 | 1
 13, 25 |   2.6715276886901549e-04 |   2.6715276886901549e-04 | 1
 13, 26 |  -2.4794157027510340e-03 |  -2.4794157027510340e-03 | 1
 13, 27 |  -5.8717688909090378e-04 |  -5.8717688909090378e-04 | 1
 13, 28 |   4.3546588229975019e-04 |   4.3546588229975019e-04 | 1
 13, 29 |  -7.3542483830626158e-04 |  -7.3542483830626158e-04 | 1
 13, 30 |  -9.0682794046559561e-04 |  -9.0682794046559561e-04 | 1
 14,  1 |   4.6206694608369377e-04 |   4.6206694608369377e-04 | 1
 14,  2 |   6.0141541439621342e-04 |   6.0141541439621342e-04 | 1
 14,  3 |   4.7759445955388423e-04 |   4.7759445955388423e-04 | 1
 14,  4 |   4.2523310336889890e-04 |   4.2523310336889890e-04 | 1
 14,  5 |   3.9583224628442844e-04 |   3.9583224628442844e-04 | 1
 14,  6 |   5.4900917450473514e-04 |   5.4900917450473514e-04 | 1
 14,  7 |   5.5233693503350164e-04 |   5.5233693503350164e-04 | 1
 14,  8 |   4.2114750092258474e-04 |   4.2114750092258474e-04 | 1
 14,  9 |   6.8580470174338544e-04 |   6.8580470174338544e-04 | 1
 14, 10 |   1.1635750523258050e-03 |   1.1635750523258050e-03 | 1
 14, 11 |   6.7971503102707328e-04 |   6.7971503102707328e-04 | 1
 14, 12 |   2.5041994974414269e-04 |   2.5041994974414269e-04 | 1
 14, 13 |   3.5516079090652352e-04 |   3.5516079090652352e-04 | 1
 14, 14 |   7.1512846482795602e-03 |   7.1512846482795602e-03 | 1
 14, 15 |   6.2869124147882100e-04 |   6.2869124147882100e-04 | 1
 14, 16 |   4.8172489107173018e-04 |   4.8172489107173018e-04 | 1
 14, 17 |   5.3398789535596632e-04 |   5.3398789535596632e-04 | 1
 14, 18 |   5.1264773224780707e-04 |   5.1264773224780707e-04 | 1
 14, 19 |   5.8108598552788940e-04 |   5.8108598552788940e-04 | 1
 14, 20 |   3.5283557596856377e-04 |   3.5283557596856377e-04 | 1
 14, 21 |   8.6833002936918336e-04 |   8.6833002936918336e-04 | 1
 14, 22 |   4.4834504627741864e-04 |   4.4834504627741864e-04 | 1
 14, 23 |   7.2053127469087850e-04 |   7.2053127469087850e-04 | 1
 14, 24 |   6.2457178068940069e-04 |   6.2457178068940069e-04 | 1
 14, 25 |   5.0431301303054360e-04 |   5.0431301303054360e-04 | 1
 14, 26 |   1.4619176308398158e-03 |   1.4619176308398158e-03 | 1
 14, 27 |   8.2651576650644306e-04 |   8.2651576650644306e-04 | 1
 14, 28 |   5.5228092494807185e-04 |   5.5228092494807185e-04 | 1
 14, 29 |   8.4038377736442619e-04 |   8.4038377736442619e-04 | 1
 14, 30 |   9.0863508558418793e-04 |   9.0863508558418793e-04 | 1
 15,  1 |   2.0830363609761763e-04 |   2.0830363609761763e-04 | 1
 15,  2 |   2.2926258498532243e-04 |   2.2926258498532243e-04 | 1
 15,  3 |   2.1713382932060586e-04 |   2.1713382932060586e-04 | 1
 15,  4 |   1.6965134983413019e-04 |   1.6965134983413019e-04 | 1
 15,  5 |   1.8779605896785027e-04 |   1.8779605896785027e-04 | 1
 15,  6 |   2.3211391514300046e-04 |   2.3211391514300046e-04 | 1
 15,  7 |   2.3193121740476081e-04 |   2.3193121740476081e-04 | 1
 15,  8 |   1.9902599392000709e-04 |   1.9902599392000709e-04 | 1
 15,  9 |   2.9014716221131387e-04 |   2.9014716221131387e-04 | 1
 15, 10 |   3.7616447277458642e-04 |   3.7616447277458642e-04 | 1
 15, 11 |   2.5783847237295209e-04 |   2.5783847237295209e-04 | 1
 15, 12 |   1.8522700770486194e-04 |   1.8522700770486194e-04 | 1
 15, 13 |   2.0307017350460079e-04 |   2.0307017350460079e-04 | 1
 15, 14 |   6.2869124147882100e-04 |   6.2869124147882100e-04 | 1
 15, 15 |   5.5323700153717451e-04 |   5.5323700153717451e-04 | 1
 15, 16 |   2.1051393547303921e-04 |   2.1051393547303921e-04 | 1
 15, 17 |   2.0782561700769881e-04 |   2.0782561700769881e-04 | 1
 15, 18 |   2.4113623695068285e-04 |   2.4113623695068285e-04 | 1
 15, 19 |   2.3052703353585593e-04 |   2.3052703353585593e-04 | 1
 15, 20 |   1.6892475223268265e-04 |   1.6892475223268265e-04 | 1
 15, 21 |   2.8848572305936542e-04 |   2.8848572305936542e-04 | 1
 15, 22 |   1.9436767396223761e-04 |   1.9436767396223761e-04 | 1
 15, 23 |   2.6796070234640817e-04 |   2.6796070234640817e-04 | 1
 15, 24 |   2.4438100909418613e-04 |   2.4438100909418613e-04 | 1
 15, 25 |   2.0373137186990525e-04 |   2.0373137186990525e-04 | 1
 15, 26 |   4.2757421345098644e-04 |   4.2757421345098644e-04 | 1
 15, 27 |   2.8432665713199118e-04 |   2.8432665713199118e-04 | 1
 15, 28 |   2.3466662126397133e-04 |   2.3466662126397133e-04 | 1
 15, 29 |   2.8162009766959280e-04 |   2.8162009766959280e-04 | 1
 15, 30 |   3.0115939893934516e-04 |   3.0115939893934516e-04 | 1
 16,  1 |   2.9202145275379458e-04 |   2.9202145275379458e-04 | 1
 16,  2 |   1.1978465706309713e-04 |   1.1978465706309713e-04 | 1
 16,  3 |   3.1102680016700633e-04 |   3.1102680016700633e-04 | 1
 16,  4 |   1.3556742326258892e-04 |   1.3556742326258892e-04 | 1
 16,  5 |   2.9884393001832399e-04 |   2.9884393001832399e-04 | 1
 16,  6 |   2.4200900484537514e-04 |   2.4200900484537514e-04 | 1
 16,  7 |   2.3302949461104005e-04 |   2.3302949461104005e-04 | 1
 16,  8 |   3.1792374452355388e-04 |   3.1792374452355388e-04 | 1
 16,  9 |   3.0677532271276581e-04 |   3.0677532271276581e-04 | 1
 16, 10 |  -1.4784197547250351e-04 |  -1.4784197547250351e-04 | 1
 16, 11 |   1.2166656614991824e-04 |   1.2166656614991824e-04 | 1
 16, 12 |   6.0239528736851823e-04 |   6.0239528736851823e-04 | 1
 16, 13 |   4.9160993710904298e-04 |   4.9160993710904298e-04 | 1
 16, 14 |   4.8172489107173018e-04 |   4.8172489107173018e-04 | 1
 16, 15 |   2.1051393547303921e-04 |   2.1051393547303921e-04 | 1
 16, 16 |   6.6615179659721844e-04 |   6.6615179659721844e-04 | 1
 16, 17 |   1.5629932751726796e-04 |   1.5629932751726796e-04 | 1
 16, 18 |   3.9132586560008693e-04 |   3.9132586560008693e-04 | 1
 16, 19 |   1.9116036153882091e-04 |   1.9116036153882091e-04 | 1
 16, 20 |   2.9644414900090795e-04 |   2.9644414900090795e-04 | 1
 16, 21 |  -7.9765058238063887e-05 |  -7.9765058238063887e-05 | 1
 16, 22 |   2.3697752017267114e-04 |   2.3697752017267114e-04 | 1
 16, 23 |   1.1630293701005479e-04 |   1.1630293701005479e-04 | 1
 16, 24 |   1.6662257365745981e-04 |   1.6662257365745981e-04 | 1
 16, 25 |   2.0124892357022416e-04 |   2.0124892357022416e-04 | 1
 16, 26 |  -4.8911378223691229e-04 |  -4.8911378223691229e-04 | 1
 16, 27 |  -7.3722028098832299e-06 |  -7.3722028098832299e-06 | 1
 16, 28 |   2.6913818659834337e-04 |   2.6913818659834337e-04 | 1
 16, 29 |  -5.3467769881963236e-05 |  -5.3467769881963236e-05 | 1
 16, 30 |  -9.3340360493983688e-05 |  -9.3340360493983688e-05 | 1
 17,  1 |   1.4981897278234482e-04 |   1.4981897278234482e-04 | 1
 17,  2 |   1.9936920303800164e-04 |   1.9936920303800164e-04 | 1
 17,  3 |   1.5486294981775464e-04 |   1.5486294981775464e-04 | 1
 17,  4 |   1.3988800672511635e-04 |   1.3988800672511635e-04 | 1
 17,  5 |   1.2794810655154489e-04 |   1.2794810655154489e-04 | 1
 17,  6 |   1.8042584692751958e-04 |   1.8042584692751958e-04 | 1
 17,  7 |   1.8161941006153572e-04 |   1.8161941006153572e-04 | 1
 17,  8 |   1.3613467965748391e-04 |   1.3613467965748391e-04 | 1
 17,  9 |   2.2511872220696487e-04 |   2.2511872220696487e-04 | 1
 17, 10 |   3.8916023682167056e-04 |   3.8916023682167056e-04 | 1
 17, 11 |   2.2597713955764301e-04 |   2.2597713955764301e-04 | 1
 17, 12 |   7.4478454801502937e-05 |   7.4478454801502937e-05 | 1
 17, 13 |   1.1077462915849472e-04 |   1.1077462915849472e-04 | 1
 17, 14 |   5.3398789535596632e-04 |   5.3398789535596632e-04 | 1
 17, 15 |   2.0782561700769881e-04 |   2.0782561700769881e-04 | 1
 17, 16 |   1.5629932751726796e-04 |   1.5629932751726796e-04 | 1
 17, 17 |   1.9297481848975684e-03 |   1.9297481848975684e-03 | 1
 17, 18 |   1.6504740126839769e-04 |   1.6504740126839769e-04 | 1
 17, 19 |   1.9011557206798254e-04 |   1.9011557206798254e-04 | 1
 17, 20 |   1.1216181699868920e-04 |   1.1216181699868920e-04 | 1
 17, 21 |   2.9094616463905357e-04 |   2.9094616463905357e-04 | 1
 17, 22 |   1.4572994183230847e-04 |   1.4572994183230847e-04 | 1
 17, 23 |   2.3824551818296582e-04 |   2.3824551818296582e-04 | 1
 17, 24 |   2.0619820991219003e-04 |   2.0619820991219003e-04 | 1
 17, 25 |   1.6369991837993542e-04 |   1.6369991837993542e-04 | 1
 17, 26 |   4.9578378117276153e-04 |   4.9578378117276153e-04 | 1
 17, 27 |   2.7563609671166819e-04 |   2.7563609671166819e-04 | 1
 17, 28 |   1.7994616189446070e-04 |   1.7994616189446070e-04 | 1
 17, 29 |   2.8078064616803781e-04 |   2.8078064616803781e-04 | 1
 17, 30 |   3.0537054472691929e-04 |   3.0537054472691929e-04 | 1
 18,  1 |   4.3421458682166183e-04 |   4.3421458682166183e-04 | 1
 18,  2 |   7.8775232898928500e-05 |   7.8775232898928500e-05 | 1
 18,  3 |   4.6577657455772084e-04 |   4.6577657455772084e-04 | 1
 18,  4 |   1.5039449361707385e-04 |   1.5039449361707385e-04 | 1
 18,  5 |   4.6304359944624449e-04 |   4.6304359944624449e-04 | 1
 18,  6 |   3.1914406914009582e-04 |   3.1914406914009582e-04 | 1
 18,  7 |   3.0191544397893113e-04 |   3.0191544397893113e-04 | 1
 18,  8 |   4.9182520391826919e-04 |   4.9182520391826919e-04 | 1
 18,  9 |   4.0708613868887329e-04 |   4.0708613868887329e-04 | 1
 18, 10 |  -5.5365676656449572e-04 |  -5.5365676656449572e-04 | 1
 18, 11 |   6.3114229618528760e-05 |   6.3114229618528760e-05 | 1
 18, 12 |   1.0635778017938833e-03 |   1.0635778017938833e-03 | 1
 18, 13 |   8.3249391688415336e-04 |   8.3249391688415336e-04 | 1
 18, 14 |   5.1264773224780707e-04 |   5.1264773224780707e-04 | 1
 18, 15 |   2.4113623695068285e-04 |   2.4113623695068285e-04 | 1
 18, 16 |   3.9132586560008693e-04 |   3.9132586560008693e-04 | 1
 18, 17 |   1.6504740126839769e-04 |   1.6504740126839769e-04 | 1
 18, 18 |   2.6436932754621287e-03 |   2.6436932754621287e-03 | 1
 18, 19 |   2.1795949365240565e-04 |   2.1795949365240565e-04 | 1
 18, 20 |   4.6989974286051059e-04 |   4.6989974286051059e-04 | 1
 18, 21 |  -3.5699907086924042e-04 |  -3.5699907086924042e-04 | 1
 18, 22 |   3.3508451559122947e-04 |   3.3508451559122947e-04 | 1
 18, 23 |   4.4552738846121725e-05 |   4.4552738846121725e-05 | 1
 18, 24 |   1.6073896002656666e-04 |   1.6073896002656666e-04 | 1
 18, 25 |   2.5558801701068058e-04 |   2.5558801701068058e-04 | 1
 18, 26 |  -1.2630001053965554e-03 |  -1.2630001053965554e-03 | 1
 18, 27 |  -2.1195756349523005e-04 |  -2.1195756349523005e-04 | 1
 18, 28 |   3.6957929649838182e-04 |   3.6957929649838182e-04 | 1
 18, 29 |  -3.0100036697374149e-04 |  -3.0100036697374149e-04 | 1
 18, 30 |  -3.9329588116859593e-04 |  -3.9329588116859593e-04 | 1
 19,  1 |   1.8825811879021059e-04 |   1.8825811879021059e-04 | 1
 19,  2 |   2.0843540155037350e-04 |   2.0843540155037350e-04 | 1
 19,  3 |   1.9617943528678962e-04 |   1.9617943528678962e-04 | 1
 19,  4 |   1.5414349826311271e-04 |   1.5414349826311271e-04 | 1
 19,  5 |   1.6870562480752300e-04 |   1.6870562480752300e-04 | 1
 19,  6 |   2.0981887242192449e-04 |   2.0981887242192449e-04 | 1
 19,  7 |   2.0946625320415781e-04 |   2.0946625320415781e-04 | 1
 19,  8 |   1.7917974261395851e-04 |   1.7917974261395851e-04 | 1
 19,  9 |   2.6287586702826568e-04 |   2.6287586702826568e-04 | 1
 19, 10 |   3.4608965568854550e-04 |   3.4608965568854550e-04 | 1
 19, 11 |   2.3389598951058558e-04 |   2.3389598951058558e-04 | 1
 19, 12 |   1.6553029017866552e-04 |   1.6553029017866552e-04 | 1
 19, 13 |   1.8224105323903908e-04 |   1.8224105323903908e-04 | 1
 19, 14 |   5.8108598552788940e-04 |   5.8108598552788940e-04 | 1
 19, 15 |   2.3052703353585593e-04 |   2.3052703353585593e-04 | 1
 19, 16 |   1.9116036153882091e-04 |   1.9116036153882091e-04 | 1
 19, 17 |   1.9011557206798254e-04 |   1.9011557206798254e-04 | 1
 19, 18 |   2.1795949365240565e-04 |   2.1795949365240565e-04 | 1
 19, 19 |   1.1504606002306964e-03 |   1.1504606002306964e-03 | 1
 19, 20 |   1.5343811830032509e-04 |   1.5343811830032509e-04 | 1
 19, 21 |   2.6402114975521455e-04 |   2.6402114975521455e-04 | 1
 19, 22 |   1.7667532316253823e-04 |   1.7667532316253823e-04 | 1
 19, 23 |   2.4482226523207427e-04 |   2.4482226523207427e-04 | 1
 19, 24 |   2.2202926706205807e-04 |   2.2202926706205807e-04 | 1
 19, 25 |   1.8639954104414787e-04 |   1.8639954104414787e-04 | 1
 19, 26 |   3.9348412253464632e-04 |   3.9348412253464632e-04 | 1
 19, 27 |   2.6041537846360318e-04 |   2.6041537846360318e-04 | 1
 19, 28 |   2.1311919933037258e-04 |   2.1311919933037258e-04 | 1
 19, 29 |   2.5780334982153472e-04 |   2.5780334982153472e-04 | 1
 19, 30 |   2.7553511970922770e-04 |   2.7553511970922770e-04 | 1
 20,  1 |   3.3120757990750741e-04 |   3.3120757990750741e-04 | 1
 20,  2 |   3.9887864600602524e-05 |   3.9887864600602524e-05 | 1
 20,  3 |   3.5592154790036390e-04 |   3.5592154790036390e-04 | 1
 20,  4 |   1.0624770205567866e-04 |   1.0624770205567866e-04 | 1
 20,  5 |   3.5623956368998651e-04 |   3.5623956368998651e-04 | 1
 20,  6 |   2.3478474687845744e-04 |   2.3478474687845744e-04 | 1
 20,  7 |   2.2104737564621280e-04 |   2.2104737564621280e-04 | 1
 20,  8 |   3.7912517492238150e-04 |   3.7912517492238150e-04 | 1
 20,  9 |   3.0070882863002441e-04 |   3.0070882863002441e-04 | 1
 20, 10 |  -4.8917064827100581e-04 |  -4.8917064827100581e-04 | 1
 20, 11 |   2.3884616515151963e-05 |   2.3884616515151963e-05 | 1
 20, 12 |   8.4645235860997562e-04 |   8.4645235860997562e-04 | 1
 20, 13 |   6.5584942165368171e-04 |   6.5584942165368171e-04 | 1
 20, 14 |   3.5283557596856377e-04 |   3.5283557596856377e-04 | 1
 20, 15 |   1.6892475223268265e-04 |   1.6892475223268265e-04 | 1
 20, 16 |   2.9644414900090795e-04 |   2.9644414900090795e-04 | 1
 20, 17 |   1.1216181699868920e-04 |   1.1216181699868920e-04 | 1
 20, 18 |   4.6989974286051059e-04 |   4.6989974286051059e-04 | 1
 20, 19 |   1.5343811830032509e-04 |   1.5343811830032509e-04 | 1
 20, 20 |   5.0440119864140556e-03 |   5.0440119864140556e-03 | 1
 20, 21 |  -3.2056961052928304e-04 |  -3.2056961052928304e-04 | 1
 20, 22 |   2.5149101629082487e-04 |   2.5149101629082487e-04 | 1
 20, 23 |   8.6446784702404596e-06 |   8.6446784702404596e-06 | 1
 20, 24 |   1.0507889116226533e-04 |   1.0507889116226533e-04 | 1
 20, 25 |   1.8734019612621014e-04 |   1.8734019612621014e-04 | 1
 20, 26 |  -1.0732825693056218e-03 |  -1.0732825693056218e-03 | 1
 20, 27 |  -2.0246357777923846e-04 |  -2.0246357777923846e-04 | 1
 20, 28 |   2.7637598963701056e-04 |   2.7637598963701056e-04 | 1
 20, 29 |  -2.7403570765200313e-04 |  -2.7403570765200313e-04 | 1
 20, 30 |  -3.5155913800103604e-04 |  -3.5155913800103604e-04 | 1
 21,  1 |  -1.5876559503428986e-04 |  -1.5876559503428986e-04 | 1
 21,  2 |   4.8945283171164772e-04 |   4.8945283171164772e-04 | 1
 21,  3 |  -1.8764175918047288e-04 |  -1.8764175918047288e-04 | 1
 21,  4 |   2.1069113783174644e-04 |   2.1069113783174644e-04 | 1
 21,  5 |  -2.6217804004434730e-04 |  -2.6217804004434730e-04 | 1
 21,  6 |   9.6175868377355896e-05 |   9.6175868377355896e-05 | 1
 21,  7 |   1.2431367613001417e-04 |   1.2431367613001417e-04 | 1
 21,  8 |  -2.8044829358077664e-04 |  -2.8044829358077664e-04 | 1
 21,  9 |   1.0776697159038918e-04 |   1.0776697159038918e-04 | 1
 21, 10 |   1.9444509623531222e-03 |   1.9444509623531222e-03 | 1
 21, 11 |   5.9198354701750608e-04 |   5.9198354701750608e-04 | 1
 21, 12 |  -1.2682550805585635e-03 |  -1.2682550805585635e-03 | 1
 21, 13 |  -8.3512873254189171e-04 |  -8.3512873254189171e-04 | 1
 21, 14 |   8.6833002936918336e-04 |   8.6833002936918336e-04 | 1
 21, 15 |   2.8848572305936542e-04 |   2.8848572305936542e-04 | 1
 21, 16 |  -7.9765058238063887e-05 |  -7.9765058238063887e-05 | 1
 21, 17 |   2.9094616463905357e-04 |   2.9094616463905357e-04 | 1
 21, 18 |  -3.5699907086924042e-04 |  -3.5699907086924042e-04 | 1
 21, 19 |   2.6402114975521455e-04 |   2.6402114975521455e-04 | 1
 21, 20 |  -3.2056961052928304e-04 |  -3.2056961052928304e-04 | 1
 21, 21 |   6.6060244237495175e-03 |   6.6060244237495175e-03 | 1
 21, 22 |  -3.0149835561891702e-05 |  -3.0149835561891702e-05 | 1
 21, 23 |   6.5360436336123662e-04 |   6.5360436336123662e-04 | 1
 21, 24 |   3.9453363416316585e-04 |   3.9453363416316585e-04 | 1
 21, 25 |   1.2978934140124126e-04 |   1.2978934140124126e-04 | 1
 21, 26 |   3.2629042407254392e-03 |   3.2629042407254392e-03 | 1
 21, 27 |   1.1243196845401953e-03 |   1.1243196845401953e-03 | 1
 21, 28 |   2.1796582286095215e-05 |   2.1796582286095215e-05 | 1
 21, 29 |   1.2652583518875020e-03 |   1.2652583518875020e-03 | 1
 21, 30 |   1.4704931755342939e-03 |   1.4704931755342939e-03 | 1
 22,  1 |   2.5294890669092353e-04 |   2.5294890669092353e-04 | 1
 22,  2 |   1.2014492116587724e-04 |   1.2014492116587724e-04 | 1
 22,  3 |   2.6910720896934604e-04 |   2.6910720896934604e-04 | 1
 22,  4 |   1.2709464461617271e-04 |   1.2709464461617271e-04 | 1
 22,  5 |   2.5647643935824179e-04 |   2.5647643935824179e-04 | 1
 22,  6 |   2.1628018533310326e-04 |   2.1628018533310326e-04 | 1
 22,  7 |   2.0988659444472991e-04 |   2.0988659444472991e-04 | 1
 22,  8 |   2.7175500571229792e-04 |   2.7175500571229792e-04 | 1
 22,  9 |   2.7426681539791711e-04 |   2.7426681539791711e-04 | 1
 22, 10 |  -7.3688958803631342e-05 |  -7.3688958803631342e-05 | 1
 22, 11 |   1.2458915186691719e-04 |   1.2458915186691719e-04 | 1
 22, 12 |   4.9471823535087627e-04 |   4.9471823535087627e-04 | 1
 22, 13 |   4.0903028418702082e-04 |   4.0903028418702082e-04 | 1
 22, 14 |   4.4834504627741864e-04 |   4.4834504627741864e-04 | 1
 22, 15 |   1.9436767396223761e-04 |   1.9436767396223761e-04 | 1
 22, 16 |   2.3697752017267114e-04 |   2.3697752017267114e-04 | 1
 22, 17 |   1.4572994183230847e-04 |   1.4572994183230847e-04 | 1
 22, 18 |   3.3508451559122947e-04 |   3.3508451559122947e-04 | 1
 22, 19 |   1.7667532316253823e-04 |   1.7667532316253823e-04 | 1
 22, 20 |   2.5149101629082487e-04 |   2.5149101629082487e-04 | 1
 22, 21 |  -3.0149835561891702e-05 |  -3.0149835561891702e-05 | 1
 22, 22 |   2.6514774690084551e-03 |   2.6514774690084551e-03 | 1
 22, 23 |   1.2244697994465994e-04 |   1.2244697994465994e-04 | 1
 22, 24 |   1.5805846985654959e-04 |   1.5805846985654959e-04 | 1
 22, 25 |   1.8053111865500211e-04 |   1.8053111865500211e-04 | 1
 22, 26 |  -3.3611886455835193e-04 |  -3.3611886455835193e-04 | 1
 22, 27 |   2.5626793023297625e-05 |   2.5626793023297625e-05 | 1
 22, 28 |   2.3757652354484675e-04 |   2.3757652354484675e-04 | 1
 22, 29 |  -1.1083797634321990e-05 |  -1.1083797634321990e-05 | 1
 22, 30 |  -3.9984884541209987e-05 |  -3.9984884541209987e-05 | 1
 23,  1 |   8.8007987303568801e-05 |   8.8007987303568801e-05 | 1
 23,  2 |   3.1801276150056628e-04 |   3.1801276150056628e-04 | 1
 23,  3 |   8.4352391198252985e-05 |   8.4352391198252985e-05 | 1
 23,  4 |   1.8566388765893873e-04 |   1.8566388765893873e-04 | 1
 23,  5 |   3.9464723614056032e-05 |   3.9464723614056032e-05 | 1
 23,  6 |   1.8860755283107251e-04 |   1.8860755283107251e-04 | 1
 23,  7 |   1.9787423807357332e-04 |   1.9787423807357332e-04 | 1
 23,  8 |   4.0949150281425125e-05 |   4.0949150281425125e-05 | 1
 23,  9 |   2.3246649348708788e-04 |   2.3246649348708788e-04 | 1
 23, 10 |   9.0324981527450054e-04 |   9.0324981527450054e-04 | 1
 23, 11 |   3.7094736998352981e-04 |   3.7094736998352981e-04 | 1
 23, 12 |  -2.9665903559790397e-04 |  -2.9665903559790397e-04 | 1
 23, 13 |  -1.4071510019953489e-04 |  -1.4071510019953489e-04 | 1
 23, 14 |   7.2053127469087850e-04 |   7.2053127469087850e-04 | 1
 23, 15 |   2.6796070234640817e-04 |   2.6796070234640817e-04 | 1
 23, 16 |   1.1630293701005479e-04 |   1.1630293701005479e-04 | 1
 23, 17 |   2.3824551818296582e-04 |   2.3824551818296582e-04 | 1
 23, 18 |   4.4552738846121725e-05 |   4.4552738846121725e-05 | 1
 23, 19 |   2.4482226523207427e-04 |   2.4482226523207427e-04 | 1
 23, 20 |   8.6446784702404596e-06 |   8.6446784702404596e-06 | 1
 23, 21 |   6.5360436336123662e-04 |   6.5360436336123662e-04 | 1
 23, 22 |   1.2244697994465994e-04 |   1.2244697994465994e-04 | 1
 23, 23 |   7.6801521711127529e-04 |   7.6801521711127529e-04 | 1
 23, 24 |   2.9665554739960768e-04 |   2.9665554739960768e-04 | 1
 23, 25 |   1.8212895559091498e-04 |   1.8212895559091498e-04 | 1
 23, 26 |   1.3757448718505355e-03 |   1.3757448718505355e-03 | 1
 23, 27 |   5.6689789441164036e-04 |   5.6689789441164036e-04 | 1
 23, 28 |   1.6642533461316220e-04 |   1.6642533461316220e-04 | 1
 23, 29 |   6.1214406595058312e-04 |   6.1214406595058312e-04 | 1
 23, 30 |   6.9329452541832984e-04 |   6.9329452541832984e-04 | 1
 24,  1 |   1.5525490095320463e-04 |   1.5525490095320463e-04 | 1
 24,  2 |   2.4561851529594016e-04 |   2.4561851529594016e-04 | 1
 24,  3 |   1.5925863423907680e-04 |   1.5925863423907680e-04 | 1
 24,  4 |   1.6526645065225012e-04 |   1.6526645065225012e-04 | 1
 24,  5 |   1.2614795756183057e-04 |   1.2614795756183057e-04 | 1
 24,  6 |   2.0355375045889686e-04 |   2.0355375045889686e-04 | 1
 24,  7 |   2.0623957871912925e-04 |   2.0623957871912925e-04 | 1
 24,  8 |   1.3392143227878835e-04 |   1.3392143227878835e-04 | 1
 24,  9 |   2.5308103679090295e-04 |   2.5308103679090295e-04 | 1
 24, 10 |   5.3244592953605890e-04 |   5.3244592953605890e-04 | 1
 24, 11 |   2.8077740798547202e-04 |   2.8077740798547202e-04 | 1
 24, 12 |   1.1722326691129803e-05 |   1.1722326691129803e-05 | 1
 24, 13 |   7.5180625967141045e-05 |   7.5180625967141045e-05 | 1
 24, 14 |   6.2457178068940069e-04 |   6.2457178068940069e-04 | 1
 24, 15 |   2.4438100909418613e-04 |   2.4438100909418613e-04 | 1
 24, 16 |   1.6662257365745981e-04 |   1.6662257365745981e-04 | 1
 24, 17 |   2.0619820991219003e-04 |   2.0619820991219003e-04 | 1
 24, 18 |   1.6073896002656666e-04 |   1.6073896002656666e-04 | 1
 24, 19 |   2.2202926706205807e-04 |   2.2202926706205807e-04 | 1
 24, 20 |   1.0507889116226533e-04 |   1.0507889116226533e-04 | 1
 24, 21 |   3.9453363416316585e-04 |   3.9453363416316585e-04 | 1
 24, 22 |   1.5805846985654959e-04 |   1.5805846985654959e-04 | 1
 24, 23 |   2.9665554739960768e-04 |   2.9665554739960768e-04 | 1
 24, 24 |   1.4857151221283702e-03 |   1.4857151221283702e-03 | 1
 24, 25 |   1.8530053787822124e-04 |   1.8530053787822124e-04 | 1
 24, 26 |   7.2283479152496113e-04 |   7.2283479152496113e-04 | 1
 24, 27 |   3.6359719801800001e-04 |   3.6359719801800001e-04 | 1
 24, 28 |   1.9832197725412593e-04 |   1.9832197725412593e-04 | 1
 24, 29 |   3.7712704170919350e-04 |   3.7712704170919350e-04 | 1
 24, 30 |   4.1632455812595169e-04 |   4.1632455812595169e-04 | 1
 25,  1 |   2.0575685541774266e-04 |   2.0575685541774266e-04 | 1
 25,  2 |   1.6153004963362607e-04 |   1.6153004963362607e-04 | 1
 25,  3 |   2.1635388803105474e-04 |   2.1635388803105474e-04 | 1
 25,  4 |   1.3459880003933964e-04 |   1.3459880003933964e-04 | 1
 25,  5 |   1.9609985043220885e-04 |   1.9609985043220885e-04 | 1
 25,  6 |   2.0214378985298538e-04 |   2.0214378985298538e-04 | 1
 25,  7 |   1.9864551645459532e-04 |   1.9864551645459532e-04 | 1
 25,  8 |   2.0885383996501882e-04 |   2.0885383996501882e-04 | 1
 25,  9 |   2.5416193463992213e-04 |   2.5416193463992213e-04 | 1
 25, 10 |   1.5718821053545477e-04 |   1.5718821053545477e-04 | 1
 25, 11 |   1.7716706812871843e-04 |   1.7716706812871843e-04 | 1
 25, 12 |   2.9285265665491569e-04 |   2.9285265665491569e-04 | 1
 25, 13 |   2.6715276886901549e-04 |   2.6715276886901549e-04 | 1
 25, 14 |   5.0431301303054360e-04 |   5.0431301303054360e-04 | 1
 25, 15 |   2.0373137186990525e-04 |   2.0373137186990525e-04 | 1
 25, 16 |   2.0124892357022416e-04 |   2.0124892357022416e-04 | 1
 25, 17 |   1.6369991837993542e-04 |   1.6369991837993542e-04 | 1
 25, 18 |   2.5558801701068058e-04 |   2.5558801701068058e-04 | 1
 25, 19 |   1.8639954104414787e-04 |   1.8639954104414787e-04 | 1
 25, 20 |   1.8734019612621014e-04 |   1.8734019612621014e-04 | 1
 25, 21 |   1.2978934140124126e-04 |   1.2978934140124126e-04 | 1
 25, 22 |   1.8053111865500211e-04 |   1.8053111865500211e-04 | 1
 25, 23 |   1.8212895559091498e-04 |   1.8212895559091498e-04 | 1
 25, 24 |   1.8530053787822124e-04 |   1.8530053787822124e-04 | 1
 25, 25 |   3.4213969245961663e-03 |   3.4213969245961663e-03 | 1
 25, 26 |   7.3732161055607047e-05 |   7.3732161055607047e-05 | 1
 25, 27 |   1.5174197146023788e-04 |   1.5174197146023788e-04 | 1
 25, 28 |   2.1348751586830597e-04 |   2.1348751586830597e-04 | 1
 25, 29 |   1.3556349327792215e-04 |   1.3556349327792215e-04 | 1
 25, 30 |   1.3260847828861687e-04 |   1.3260847828861687e-04 | 1
 26,  1 |  -6.9463978408227517e-04 |  -6.9463978408227517e-04 | 1
 26,  2 |   9.9366943529574170e-04 |   9.9366943529574170e-04 | 1
 26,  3 |  -7.8282765110380416e-04 |  -7.8282765110380416e-04 | 1
 26,  4 |   3.3182755163712360e-04 |   3.3182755163712360e-04 | 1
 26,  5 |  -9.4213604475857347e-04 |  -9.4213604475857347e-04 | 1
 26,  6 |  -5.0441421385569586e-05 |  -5.0441421385569586e-05 | 1
 26,  7 |   2.3683279602988315e-05 |   2.3683279602988315e-05 | 1
 26,  8 |  -1.0037683145613847e-03 |  -1.0037683145613847e-03 | 1
 26,  9 |  -9.6174730817012136e-05 |  -9.6174730817012136e-05 | 1
 26, 10 |   4.6496917547907760e-03 |   4.6496917547907760e-03 | 1
 26, 11 |   1.2281844292848449e-03 |   1.2281844292848449e-03 | 1
 26, 12 |  -3.6020634546944461e-03 |  -3.6020634546944461e-03 | 1
 26, 13 |  -2.4794157027510340e-03 |  -2.4794157027510340e-03 | 1
 26, 14 |   1.4619176308398158e-03 |   1.4619176308398158e-03 | 1
 26, 15 |   4.2757421345098644e-04 |   4.2757421345098644e-04 | 1
 26, 16 |  -4.8911378223691229e-04 |  -4.8911378223691229e-04 | 1
 26, 17 |   4.9578378117276153e-04 |   4.9578378117276153e-04 | 1
 26, 18 |  -1.2630001053965554e-03 |  -1.2630001053965554e-03 | 1
 26, 19 |   3.9348412253464632e-04 |   3.9348412253464632e-04 | 1
 26, 20 |  -1.0732825693056218e-03 |  -1.0732825693056218e-03 | 1
 26, 21 |   3.2629042407254392e-03 |   3.2629042407254392e-03 | 1
 26, 22 |  -3.3611886455835193e-04 |  -3.3611886455835193e-04 | 1
 26, 23 |   1.3757448718505355e-03 |   1.3757448718505355e-03 | 1
 26, 24 |   7.2283479152496113e-04 |   7.2283479152496113e-04 | 1
 26, 25 |   7.3732161055607047e-05 |   7.3732161055607047e-05 | 1
 26, 26 |   8.4200523303089442e-03 |   8.4200523303089442e-03 | 1
 26, 27 |   2.6011921300753797e-03 |   2.6011921300753797e-03 | 1
 26, 28 |  -2.5206616248372321e-04 |  -2.5206616248372321e-04 | 1
 26, 29 |   2.9786851811765009e-03 |   2.9786851811765009e-03 | 1
 26, 30 |   3.4964954281369578e-03 |   3.4964954281369578e-03 | 1
 27,  1 |  -6.8795138796286430e-05 |  -6.8795138796286430e-05 | 1
 27,  2 |   4.3192799543879484e-04 |   4.3192799543879484e-04 | 1
 27,  3 |  -8.8739326133910139e-05 |  -8.8739326133910139e-05 | 1
 27,  4 |   2.0259134974060357e-04 |   2.0259134974060357e-04 | 1
 27,  5 |  -1.5415602305526624e-04 |  -1.5415602305526624e-04 | 1
 27,  6 |   1.3215048297483578e-04 |   1.3215048297483578e-04 | 1
 27,  7 |   1.5273788673897444e-04 |   1.5273788673897444e-04 | 1
 27,  8 |  -1.6399121180900650e-04 |  -1.6399121180900650e-04 | 1
 27,  9 |   1.5530695139016150e-04 |   1.5530695139016150e-04 | 1
 27, 10 |   1.5814570294419451e-03 |   1.5814570294419451e-03 | 1
 27, 11 |   5.1762251435003839e-04 |   5.1762251435003839e-04 | 1
 27, 12 |  -9.2264474961473413e-04 |  -9.2264474961473413e-04 | 1
 27, 13 |  -5.8717688909090378e-04 |  -5.8717688909090378e-04 | 1
 27, 14 |   8.2651576650644306e-04 |   8.2651576650644306e-04 | 1
 27, 15 |   2.8432665713199118e-04 |   2.8432665713199118e-04 | 1
 27, 16 |  -7.3722028098832299e-06 |  -7.3722028098832299e-06 | 1
 27, 17 |   2.7563609671166819e-04 |   2.7563609671166819e-04 | 1
 27, 18 |  -2.1195756349523005e-04 |  -2.1195756349523005e-04 | 1
 27, 19 |   2.6041537846360318e-04 |   2.6041537846360318e-04 | 1
 27, 20 |  -2.0246357777923846e-04 |  -2.0246357777923846e-04 | 1
 27, 21 |   1.1243196845401953e-03 |   1.1243196845401953e-03 | 1
 27, 22 |   2.5626793023297625e-05 |   2.5626793023297625e-05 | 1
 27, 23 |   5.6689789441164036e-04 |   5.6689789441164036e-04 | 1
 27, 24 |   3.6359719801800001e-04 |   3.6359719801800001e-04 | 1
 27, 25 |   1.5174197146023788e-04 |   1.5174197146023788e-04 | 1
 27, 26 |   2.6011921300753797e-03 |   2.6011921300753797e-03 | 1
 27, 27 |   1.6222853057455129e-03 |   1.6222853057455129e-03 | 1
 27, 28 |   7.6474665632140945e-05 |   7.6474665632140945e-05 | 1
 27, 29 |   1.0387194044327486e-03 |   1.0387194044327486e-03 | 1
 27, 30 |   1.2006736147243896e-03 |   1.2006736147243896e-03 | 1
 28,  1 |   2.8383652794382254e-04 |   2.8383652794382254e-04 | 1
 28,  2 |   1.5780189812512381e-04 |   1.5780189812512381e-04 | 1
 28,  3 |   3.0088897745844141e-04 |   3.0088897745844141e-04 | 1
 28,  4 |   1.5281669592548701e-04 |   1.5281669592548701e-04 | 1
 28,  5 |   2.8305188603067655e-04 |   2.8305188603067655e-04 | 1
 28,  6 |   2.5230435138883260e-04 |   2.5230435138883260e-04 | 1
 28,  7 |   2.4520331726427799e-04 |   2.4520331726427799e-04 | 1
 28,  8 |   3.0114998769441412e-04 |   3.0114998769441412e-04 | 1
 28,  9 |   3.1881896309151963e-04 |   3.1881896309151963e-04 | 1
 28, 10 |  -4.8310659513244611e-06 |  -4.8310659513244611e-06 | 1
 28, 11 |   1.6747630000892954e-04 |   1.6747630000892954e-04 | 1
 28, 12 |   5.1543040856025452e-04 |   5.1543040856025452e-04 | 1
 28, 13 |   4.3546588229975019e-04 |   4.3546588229975019e-04 | 1
 28, 14 |   5.5228092494807185e-04 |   5.5228092494807185e-04 | 1
 28, 15 |   2.3466662126397133e-04 |   2.3466662126397133e-04 | 1
 28, 16 |   2.6913818659834337e-04 |   2.6913818659834337e-04 | 1
 28, 17 |   1.7994616189446070e-04 |   1.7994616189446070e-04 | 1
 28, 18 |   3.6957929649838182e-04 |   3.6957929649838182e-04 | 1
 28, 19 |   2.1311919933037258e-04 |   2.1311919933037258e-04 | 1
 28, 20 |   2.7637598963701056e-04 |   2.7637598963701056e-04 | 1
 28, 21 |   2.1796582286095215e-05 |   2.1796582286095215e-05 | 1
 28, 22 |   2.3757652354484675e-04 |   2.3757652354484675e-04 | 1
 28, 23 |   1.6642533461316220e-04 |   1.6642533461316220e-04 | 1
 28, 24 |   1.9832197725412593e-04 |   1.9832197725412593e-04 | 1
 28, 25 |   2.1348751586830597e-04 |   2.1348751586830597e-04 | 1
 28, 26 |  -2.5206616248372321e-04 |  -2.5206616248372321e-04 | 1
 28, 27 |   7.6474665632140945e-05 |   7.6474665632140945e-05 | 1
 28, 28 |   1.3540568577413126e-03 |   1.3540568577413126e-03 | 1
 28, 29 |   4.0343511276815952e-05 |   4.0343511276815952e-05 | 1
 28, 30 |   1.5376151537759361e-05 |   1.5376151537759361e-05 | 1
 29,  1 |  -1.2532179761895435e-04 |  -1.2532179761895435e-04 | 1
 29,  2 |   4.6078512939233546e-04 |   4.6078512939233546e-04 | 1
 29,  3 |  -1.5084111540877854e-04 |  -1.5084111540877854e-04 | 1
 29,  4 |   2.0424746569666326e-04 |   2.0424746569666326e-04 | 1
 29,  5 |  -2.2069568393949033e-04 |  -2.2069568393949033e-04 | 1
 29,  6 |   1.0644184067493698e-04 |   1.0644184067493698e-04 | 1
 29,  7 |   1.3141358053742240e-04 |   1.3141358053742240e-04 | 1
 29,  8 |  -2.3548752000717034e-04 |  -2.3548752000717034e-04 | 1
 29,  9 |   1.2174509745005294e-04 |   1.2174509745005294e-04 | 1
 29, 10 |   1.7861431059427169e-03 |   1.7861431059427169e-03 | 1
 29, 11 |   5.5581163013645541e-04 |   5.5581163013645541e-04 | 1
 29, 12 |  -1.1276577933549909e-03 |  -1.1276577933549909e-03 | 1
 29, 13 |  -7.3542483830626158e-04 |  -7.3542483830626158e-04 | 1
 29, 14 |   8.4038377736442619e-04 |   8.4038377736442619e-04 | 1
 29, 15 |   2.8162009766959280e-04 |   2.8162009766959280e-04 | 1
 29, 16 |  -5.3467769881963236e-05 |  -5.3467769881963236e-05 | 1
 29, 17 |   2.8078064616803781e-04 |   2.8078064616803781e-04 | 1
 29, 18 |  -3.0100036697374149e-04 |  -3.0100036697374149e-04 | 1
 29, 19 |   2.5780334982153472e-04 |   2.5780334982153472e-04 | 1
 29, 20 |  -2.7403570765200313e-04 |  -2.7403570765200313e-04 | 1
 29, 21 |   1.2652583518875020e-03 |   1.2652583518875020e-03 | 1
 29, 22 |  -1.1083797634321990e-05 |  -1.1083797634321990e-05 | 1
 29, 23 |   6.1214406595058312e-04 |   6.1214406595058312e-04 | 1
 29, 24 |   3.7712704170919350e-04 |   3.7712704170919350e-04 | 1
 29, 25 |   1.3556349327792215e-04 |   1.3556349327792215e-04 | 1
 29, 26 |   2.9786851811765009e-03 |   2.9786851811765009e-03 | 1
 29, 27 |   1.0387194044327486e-03 |   1.0387194044327486e-03 | 1
 29, 28 |   4.0343511276815952e-05 |   4.0343511276815952e-05 | 1
 29, 29 |   2.1059809389905853e-03 |   2.1059809389905853e-03 | 1
 29, 30 |   1.3522354006839830e-03 |   1.3522354006839830e-03 | 1
 30,  1 |  -1.7874611794677856e-04 |  -1.7874611794677856e-04 | 1
 30,  2 |   5.1868749406183505e-04 |   5.1868749406183505e-04 | 1
 30,  3 |  -2.1019593589773853e-04 |  -2.1019593589773853e-04 | 1
 30,  4 |   2.2000772066566398e-04 |   2.2000772066566398e-04 | 1
 30,  5 |  -2.8983389631699337e-04 |  -2.8983389631699337e-04 | 1
 30,  6 |   9.5355411749922119e-05 |   9.5355411749922119e-05 | 1
 30,  7 |   1.2487829461518314e-04 |   1.2487829461518314e-04 | 1
 30,  8 |  -3.0881088735330007e-04 |  -3.0881088735330007e-04 | 1
 30,  9 |   1.0562694495261138e-04 |   1.0562694495261138e-04 | 1
 30, 10 |   2.0788992911015538e-03 |   2.0788992911015538e-03 | 1
 30, 11 |   6.2845345854932650e-04 |   6.2845345854932650e-04 | 1
 30, 12 |  -1.3720003347241546e-03 |  -1.3720003347241546e-03 | 1
 30, 13 |  -9.0682794046559561e-04 |  -9.0682794046559561e-04 | 1
 30, 14 |   9.0863508558418793e-04 |   9.0863508558418793e-04 | 1
 30, 15 |   3.0115939893934516e-04 |   3.0115939893934516e-04 | 1
 30, 16 |  -9.3340360493983688e-05 |  -9.3340360493983688e-05 | 1
 30, 17 |   3.0537054472691929e-04 |   3.0537054472691929e-04 | 1
 30, 18 |  -3.9329588116859593e-04 |  -3.9329588116859593e-04 | 1
 30, 19 |   2.7553511970922770e-04 |   2.7553511970922770e-04 | 1
 30, 20 |  -3.5155913800103604e-04 |  -3.5155913800103604e-04 | 1
 30, 21 |   1.4704931755342939e-03 |   1.4704931755342939e-03 | 1
 30, 22 |  -3.9984884541209987e-05 |  -3.9984884541209987e-05 | 1
 30, 23 |   6.9329452541832984e-04 |   6.9329452541832984e-04 | 1
 30, 24 |   4.1632455812595169e-04 |   4.1632455812595169e-04 | 1
 30, 25 |   1.3260847828861687e-04 |   1.3260847828861687e-04 | 1
 30, 26 |   3.4964954281369578e-03 |   3.4964954281369578e-03 | 1
 30, 27 |   1.2006736147243896e-03 |   1.2006736147243896e-03 | 1
 30, 28 |   1.5376151537759361e-05 |   1.5376151537759361e-05 | 1
 30, 29 |   1.3522354006839830e-03 |   1.3522354006839830e-03 | 1
 30, 30 |   3.6151044585490191e-03 |   3.6151044585490191e-03 | 1
