row,col | V_base                   | V_new                    | equal
  1,  1 |   4.6569678655194024e-03 |   4.6569678655194024e-03 | 1
  1,  2 |   1.4778262797963309e-05 |   1.4778262797963309e-05 | 1
  1,  3 |   8.9319891264013794e-05 |   8.9319891264013794e-05 | 1
  1,  4 |   1.4363496557797630e-05 |   1.4363496557797630e-05 | 1
  1,  5 |   1.9971885303107854e-04 |   1.9971885303107854e-04 | 1
  1,  6 |  -1.0289165365055566e-06 |  -1.0289165365055566e-06 | 1
  1,  7 |   9.0152566043148280e-05 |   9.0152566043148280e-05 | 1
  1,  8 |   4.8843811291997776e-06 |   4.8843811291997776e-06 | 1
  1,  9 |   3.2896265415191064e-05 |   3.2896265415191064e-05 | 1
  1, 10 |   9.4247052032069809e-05 |   9.4247052032069809e-05 | 1
  1, 11 |   6.5843586420479694e-05 |   6.5843586420479694e-05 | 1
  1, 12 |   3.2389416057428137e-06 |   3.2389416057428137e-06 | 1
  1, 13 |   3.6542533822289842e-05 |   3.6542533822289842e-05 | 1
  1, 14 |   1.9330588499613400e-05 |   1.9330588499613400e-05 | 1
  1, 15 |   7.3257673600378269e-05 |   7.3257673600378269e-05 | 1
  1, 16 |   2.5043551531852419e-05 |   2.5043551531852419e-05 | 1
  1, 17 |   4.9932922030405377e-05 |   4.9932922030405377e-05 | 1
  1, 18 |   3.9603439131687389e-04 |   3.9603439131687389e-04 | 1
  1, 19 |   5.2047600294388645e-05 |   5.2047600294388645e-05 | 1
  1, 20 |   2.0037413709895097e-06 |   2.0037413709895097e-06 | 1
  1, 21 |   8.9347246125993674e-05 |   8.9347246125993674e-05 | 1
  1, 22 |   2.8935353279234618e-06 |   2.8935353279234618e-06 | 1
  1, 23 |   8.3705769870146880e-05 |   8.3705769870146880e-05 | 1
  1, 24 |   3.6355112405758075e-05 |   3.6355112405758075e-05 | 1
  1, 25 |   1.0858254434506825e-04 |   1.0858254434506825e-04 | 1
  1, 26 |   7.4230134066008687e-05 |   7.4230134066008687e-05 | 1
  1, 27 |   5.5685988874557522e-05 |   5.5685988874557522e-05 | 1
  1, 28 |   3.9638254303879633e-05 |   3.9638254303879633e-05 | 1
  1, 29 |   1.0556224212440258e-04 |   1.0556224212440258e-04 | 1
  1, 30 |   7.7064271409214919e-05 |   7.7064271409214919e-05 | 1
  2,  1 |   1.4778262797963309e-05 |   1.4778262797963309e-05 | 1
  2,  2 |   2.1386988930959559e-02 |   2.1386988930959559e-02 | 1
  2,  3 |   4.0146017493907545e-05 |   4.0146017493907545e-05 | 1
  2,  4 |   2.6280027053526139e-05 |   2.6280027053526139e-05 | 1
  2,  5 |  -3.4271927358680773e-04 |  -3.4271927358680773e-04 | 1
  2,  6 |   2.2945509807277466e-06 |   2.2945509807277466e-06 | 1
  2,  7 |  -5.2274850951587563e-05 |  -5.2274850951587563e-05 | 1
  2,  8 |   2.1398728394093252e-05 |   2.1398728394093252e-05 | 1
  2,  9 |   4.1467779208889145e-05 |   4.1467779208889145e-05 | 1
  2, 10 |   5.8382219590875192e-05 |   5.8382219590875192e-05 | 1
  2, 11 |   1.7449950178764599e-04 |   1.7449950178764599e-04 | 1
  2, 12 |   3.0982581101610552e-06 |   3.0982581101610552e-06 | 1
  2, 13 |   1.1269586495751653e-04 |   1.1269586495751653e-04 | 1
  2, 14 |   1.0072698531368848e-04 |   1.0072698531368848e-04 | 1
  2, 15 |  -1.0815160516763466e-05 |  -1.0815160516763466e-05 | 1
  2, 16 |   1.2250358901016653e-04 |   1.2250358901016653e-04 | 1
  2, 17 |   2.0530108437241298e-05 |   2.0530108437241298e-05 | 1
  2, 18 |  -1.3018738744031977e-03 |  -1.3018738744031977e-03 | 1
  2, 19 |   3.2683563202883512e-05 |   3.2683563202883512e-05 | 1
  2, 20 |   1.6428327514905576e-04 |   1.6428327514905576e-04 | 1
  2, 21 |   3.4166346217539591e-04 |   3.4166346217539591e-04 | 1
  2, 22 |   3.0035446287557908e-04 |   3.0035446287557908e-04 | 1
  2, 23 |   2.1185432804366518e-06 |   2.1185432804366518e-06 | 1
  2, 24 |  -1.3237552803751704e-05 |  -1.3237552803751704e-05 | 1
  2, 25 |  -5.8774636981805128e-05 |  -5.8774636981805128e-05 | 1
  2, 26 |   2.3065175005157869e-04 |   2.3065175005157869e-04 | 1
  2, 27 |   2.7030776660420157e-05 |   2.7030776660420157e-05 | 1
  2, 28 |   1.4941347137990260e-05 |   1.4941347137990260e-05 | 1
  2, 29 |   6.9511724458260518e-05 |   6.9511724458260518e-05 | 1
  2, 30 |   6.8570116262692618e-07 |   6.8570116262692618e-07 | 1
  3,  1 |   8.9319891264013794e-05 |   8.9319891264013794e-05 | 1
  3,  2 |   4.0146017493907545e-05 |   4.0146017493907545e-05 | 1
  3,  3 |   2.9313302755349406e-03 |   2.9313302755349406e-03 | 1
  3,  4 |   2.1351941960214547e-05 |   2.1351941960214547e-05 | 1
  3,  5 |   4.8154615829622879e-04 |   4.8154615829622879e-04 | 1
  3,  6 |   1.0775434464341339e-05 |   1.0775434464341339e-05 | 1
  3,  7 |   1.8567330417318178e-04 |   1.8567330417318178e-04 | 1
  3,  8 |   1.9504675955458404e-05 |   1.9504675955458404e-05 | 1
  3,  9 |   2.2472294027842056e-05 |   2.2472294027842056e-05 | 1
  3, 10 |   1.9008697037268434e-04 |   1.9008697037268434e-04 | 1
  3, 11 |   9.6603197375001769e-05 |   9.6603197375001769e-05 | 1
  3, 12 |   1.9243476977108653e-05 |   1.9243476977108653e-05 | 1
  3, 13 |   2.4051083546498039e-05 |   2.4051083546498039e-05 | 1
  3, 14 |   4.1061804947816415e-05 |   4.1061804947816415e-05 | 1
  3, 15 |   1.4959490376140541e-04 |   1.4959490376140541e-04 | 1
  3, 16 |   2.9019786923898685e-05 |   2.9019786923898685e-05 | 1
  3, 17 |   7.4366244447913435e-05 |   7.4366244447913435e-05 | 1
  3, 18 |   1.1725716039708324e-03 |   1.1725716039708324e-03 | 1
  3, 19 |   9.9851081482339840e-05 |   9.9851081482339840e-05 | 1
  3, 20 |  -2.4512069398077100e-05 |  -2.4512069398077100e-05 | 1
  3, 21 |   1.0311165217522520e-04 |   1.0311165217522520e-04 | 1
  3, 22 |  -5.8497531211931450e-05 |  -5.8497531211931450e-05 | 1
  3, 23 |   1.7354751978913949e-04 |   1.7354751978913949e-04 | 1
  3, 24 |   9.1004561171309723e-05 |   9.1004561171309723e-05 | 1
  3, 25 |   2.3211200529775315e-04 |   2.3211200529775315e-04 | 1
  3, 26 |   1.0988983881344313e-04 |   1.0988983881344313e-04 | 1
  3, 27 |   1.0431550025019341e-04 |   1.0431550025019341e-04 | 1
  3, 28 |   9.6747251587047962e-05 |   9.6747251587047962e-05 | 1
  3, 29 |   1.9730994551923195e-04 |   1.9730994551923195e-04 | 1
  3, 30 |   1.8590196609681738e-04 |   1.8590196609681738e-04 | 1
  4,  1 |   1.4363496557797630e-05 |   1.4363496557797630e-05 | 1
  4,  2 |   2.6280027053526139e-05 |   2.6280027053526139e-05 | 1
  4,  3 |   2.1351941960214547e-05 |   2.1351941960214547e-05 | 1
  4,  4 |   6.6743402788408644e-03 |   6.6743402788408644e-03 | 1
  4,  5 |  -1.7725678060317909e-04 |  -1.7725678060317909e-04 | 1
  4,  6 |   6.3872266003345843e-06 |   6.3872266003345843e-06 | 1
  4,  7 |  -1.5072837383080934e-05 |  -1.5072837383080934e-05 | 1
  4,  8 |   1.0801320061421113e-05 |   1.0801320061421113e-05 | 1
  4,  9 |   3.4238741236408861e-05 |   3.4238741236408861e-05 | 1
  4, 10 |   4.1311617491198241e-05 |   4.1311617491198241e-05 | 1
  4, 11 |   1.0690694469352429e-04 |   1.0690694469352429e-04 | 1
  4, 12 |   2.5443228911804761e-05 |   2.5443228911804761e-05 | 1
  4, 13 |   8.9707439658214851e-05 |   8.9707439658214851e-05 | 1
  4, 14 |   6.8174403134663945e-05 |   6.8174403134663945e-05 | 1
  4, 15 |   1.4648404510501402e-05 |   1.4648404510501402e-05 | 1
  4, 16 |   5.7840478614988328e-05 |   5.7840478614988328e-05 | 1
  4, 17 |   1.0850454310260089e-05 |   1.0850454310260089e-05 | 1
  4, 18 |  -7.8368903831842196e-04 |  -7.8368903831842196e-04 | 1
  4, 19 |   5.6628148401120793e-06 |   5.6628148401120793e-06 | 1
  4, 20 |   1.1408466606069746e-04 |   1.1408466606069746e-04 | 1
  4, 21 |   2.1940603134322587e-04 |   2.1940603134322587e-04 | 1
  4, 22 |   1.9091540707449201e-04 |   1.9091540707449201e-04 | 1
  4, 23 |   1.8945126352305059e-05 |   1.8945126352305059e-05 | 1
  4, 24 |  -2.0148585088835885e-05 |  -2.0148585088835885e-05 | 1
  4, 25 |  -2.8738881667236555e-05 |  -2.8738881667236555e-05 | 1
  4, 26 |   1.4460811303256384e-04 |   1.4460811303256384e-04 | 1
  4, 27 |  -2.9720162074201831e-06 |  -2.9720162074201831e-06 | 1
  4, 28 |   2.5160360532247540e-05 |   2.5160360532247540e-05 | 1
  4, 29 |   5.9673083767940795e-05 |   5.9673083767940795e-05 | 1
  4, 30 |   6.8411190840586382e-06 |   6.8411190840586382e-06 | 1
  5,  1 |   1.9971885303107854e-04 |   1.9971885303107854e-04 | 1
  5,  2 |  -3.4271927358680773e-04 |  -3.4271927358680773e-04 | 1
  5,  3 |   4.8154615829622879e-04 |   4.8154615829622879e-04 | 1
  5,  4 |  -1.7725678060317909e-04 |  -1.7725678060317909e-04 | 1
  5,  5 |   5.3522954431516334e-03 |   5.3522954431516334e-03 | 1
  5,  6 |   7.0440763106413302e-05 |   7.0440763106413302e-05 | 1
  5,  7 |   1.3054673506515159e-03 |   1.3054673506515159e-03 | 1
  5,  8 |  -1.0949663293983048e-04 |  -1.0949663293983048e-04 | 1
  5,  9 |  -3.7344991315201199e-04 |  -3.7344991315201199e-04 | 1
  5, 10 |   4.6039522042340734e-04 |   4.6039522042340734e-04 | 1
  5, 11 |  -9.0609434193514998e-04 |  -9.0609434193514998e-04 | 1
  5, 12 |  -1.5901686334105023e-06 |  -1.5901686334105023e-06 | 1
  5, 13 |  -8.9539841024436490e-04 |  -8.9539841024436490e-04 | 1
  5, 14 |  -5.7985927005620858e-04 |  -5.7985927005620858e-04 | 1
  5, 15 |   7.6527958178157149e-04 |   7.6527958178157149e-04 | 1
  5, 16 |  -7.1700384977049086e-04 |  -7.1700384977049086e-04 | 1
  5, 17 |   1.8818186707281041e-04 |   1.8818186707281041e-04 | 1
  5, 18 |   1.6397173680408550e-02 |   1.6397173680408550e-02 | 1
  5, 19 |   3.1238167423978079e-04 |   3.1238167423978079e-04 | 1
  5, 20 |  -1.3794434211274742e-03 |  -1.3794434211274742e-03 | 1
  5, 21 |  -2.2249441017668514e-03 |  -2.2249441017668514e-03 | 1
  5, 22 |  -2.6700848649312131e-03 |  -2.6700848649312131e-03 | 1
  5, 23 |   8.4320771994503968e-04 |   8.4320771994503968e-04 | 1
  5, 24 |   6.0326453290367697e-04 |   6.0326453290367697e-04 | 1
  5, 25 |   1.6166602239722008e-03 |   1.6166602239722008e-03 | 1
  5, 26 |  -1.2192037476953799e-03 |  -1.2192037476953799e-03 | 1
  5, 27 |   3.5987928003474931e-04 |   3.5987928003474931e-04 | 1
  5, 28 |   3.7305040978377613e-04 |   3.7305040978377613e-04 | 1
  5, 29 |   4.2688483032449643e-04 |   4.2688483032449643e-04 | 1
  5, 30 |   9.8909024526143072e-04 |   9.8909024526143072e-04 | 1
  6,  1 |  -1.0289165365055566e-06 |  -1.0289165365055566e-06 | 1
  6,  2 |   2.2945509807277466e-06 |   2.2945509807277466e-06 | 1
  6,  3 |   1.0775434464341339e-05 |   1.0775434464341339e-05 | 1
  6,  4 |   6.3872266003345843e-06 |   6.3872266003345843e-06 | 1
  6,  5 |   7.0440763106413302e-05 |   7.0440763106413302e-05 | 1
  6,  6 |   6.0000366820050308e-03 |   6.0000366820050308e-03 | 1
  6,  7 |   3.0632780461790953e-05 |   3.0632780461790953e-05 | 1
  6,  8 |  -2.4683643391402066e-05 |  -2.4683643391402066e-05 | 1
  6,  9 |  -2.2731225810459967e-05 |  -2.2731225810459967e-05 | 1
  6, 10 |  -5.1712966992425995e-06 |  -5.1712966992425995e-06 | 1
  6, 11 |  -2.4889046789483365e-05 |  -2.4889046789483365e-05 | 1
  6, 12 |  -7.5480025917263563e-06 |  -7.5480025917263563e-06 | 1
  6, 13 |  -2.8675398363856800e-05 |  -2.8675398363856800e-05 | 1
  6, 14 |  -1.2440941573693318e-05 |  -1.2440941573693318e-05 | 1
  6, 15 |   1.6644962974710997e-05 |   1.6644962974710997e-05 | 1
  6, 16 |  -4.0833310356879621e-05 |  -4.0833310356879621e-05 | 1
  6, 17 |  -1.4677838069724233e-05 |  -1.4677838069724233e-05 | 1
  6, 18 |   2.3890417001516673e-04 |   2.3890417001516673e-04 | 1
  6, 19 |   1.6215037036589188e-06 |   1.6215037036589188e-06 | 1
  6, 20 |  -2.9611005434477871e-05 |  -2.9611005434477871e-05 | 1
  6, 21 |  -4.8668899309027938e-05 |  -4.8668899309027938e-05 | 1
  6, 22 |  -6.9025171819076447e-05 |  -6.9025171819076447e-05 | 1
  6, 23 |   9.0718324808202085e-06 |   9.0718324808202085e-06 | 1
  6, 24 |  -1.9582168916303609e-05 |  -1.9582168916303609e-05 | 1
  6, 25 |   4.4425131859879632e-06 |   4.4425131859879632e-06 | 1
  6, 26 |  -4.4722097993339974e-05 |  -4.4722097993339974e-05 | 1
  6, 27 |  -7.4021682755808692e-06 |  -7.4021682755808692e-06 | 1
  6, 28 |  -1.0246141611415692e-05 |  -1.0246141611415692e-05 | 1
  6, 29 |  -7.0930985512904750e-06 |  -7.0930985512904750e-06 | 1
  6, 30 |   7.2617909361531036e-06 |   7.2617909361531036e-06 | 1
  7,  1 |   9.0152566043148280e-05 |   9.0152566043148280e-05 | 1
  7,  2 |  -5.2274850951587563e-05 |  -5.2274850951587563e-05 | 1
  7,  3 |   1.8567330417318178e-04 |   1.8567330417318178e-04 | 1
  7,  4 |  -1.5072837383080934e-05 |  -1.5072837383080934e-05 | 1
  7,  5 |   1.3054673506515159e-03 |   1.3054673506515159e-03 | 1
  7,  6 |   3.0632780461790953e-05 |   3.0632780461790953e-05 | 1
  7,  7 |   5.8979945370629151e-03 |   5.8979945370629151e-03 | 1
  7,  8 |  -2.1081789280095759e-05 |  -2.1081789280095759e-05 | 1
  7,  9 |  -6.6935623508340182e-05 |  -6.6935623508340182e-05 | 1
  7, 10 |   1.9320233855222777e-04 |   1.9320233855222777e-04 | 1
  7, 11 |  -1.3447613090765767e-04 |  -1.3447613090765767e-04 | 1
  7, 12 |   1.0283214246696809e-05 |   1.0283214246696809e-05 | 1
  7, 13 |  -1.6039100456835889e-04 |  -1.6039100456835889e-04 | 1
  7, 14 |  -9.6009167399875410e-05 |  -9.6009167399875410e-05 | 1
  7, 15 |   2.4185375894723426e-04 |   2.4185375894723426e-04 | 1
  7, 16 |  -1.4222008651068770e-04 |  -1.4222008651068770e-04 | 1
  7, 17 |   7.3100522774284326e-05 |   7.3100522774284326e-05 | 1
  7, 18 |   3.9814860837460303e-03 |   3.9814860837460303e-03 | 1
  7, 19 |   1.1419416961495009e-04 |   1.1419416961495009e-04 | 1
  7, 20 |  -2.9285321670311990e-04 |  -2.9285321670311990e-04 | 1
  7, 21 |  -3.9980360786413469e-04 |  -3.9980360786413469e-04 | 1
  7, 22 |  -5.6748210667284180e-04 |  -5.6748210667284180e-04 | 1
  7, 23 |   2.6710209405558100e-04 |   2.6710209405558100e-04 | 1
  7, 24 |   1.6213575094736407e-04 |   1.6213575094736407e-04 | 1
  7, 25 |   4.4948464550054711e-04 |   4.4948464550054711e-04 | 1
  7, 26 |  -1.9816237954321629e-04 |  -1.9816237954321629e-04 | 1
  7, 27 |   1.2313353039688862e-04 |   1.2313353039688862e-04 | 1
  7, 28 |   1.2548352580111317e-04 |   1.2548352580111317e-04 | 1
  7, 29 |   1.9220095884627723e-04 |   1.9220095884627723e-04 | 1
  7, 30 |   2.9867068019251604e-04 |   2.9867068019251604e-04 | 1
  8,  1 |   4.8843811291997776e-06 |   4.8843811291997776e-06 | 1
  8,  2 |   2.1398728394093252e-05 |   2.1398728394093252e-05 | 1
  8,  3 |   1.9504675955458404e-05 |   1.9504675955458404e-05 | 1
  8,  4 |   1.0801320061421113e-05 |   1.0801320061421113e-05 | 1
  8,  5 |  -1.0949663293983048e-04 |  -1.0949663293983048e-04 | 1
  8,  6 |  -2.4683643391402066e-05 |  -2.4683643391402066e-05 | 1
  8,  7 |  -2.1081789280095759e-05 |  -2.1081789280095759e-05 | 1
  8,  8 |   3.7061784996943311e-03 |   3.7061784996943311e-03 | 1
  8,  9 |   3.8027928918396786e-05 |   3.8027928918396786e-05 | 1
  8, 10 |   6.8435143516749908e-05 |   6.8435143516749908e-05 | 1
  8, 11 |   1.0347008699093641e-04 |   1.0347008699093641e-04 | 1
  8, 12 |   3.5898671441239496e-05 |   3.5898671441239496e-05 | 1
  8, 13 |   7.6586592238180821e-05 |   7.6586592238180821e-05 | 1
  8, 14 |   7.4238323367812904e-05 |   7.4238323367812904e-05 | 1
  8, 15 |   1.8312809050662873e-05 |   1.8312809050662873e-05 | 1
  8, 16 |   6.5705955392780617e-05 |   6.5705955392780617e-05 | 1
  8, 17 |   1.8269068698969118e-05 |   1.8269068698969118e-05 | 1
  8, 18 |  -5.0486126842053808e-04 |  -5.0486126842053808e-04 | 1
  8, 19 |   6.5552314194468049e-06 |   6.5552314194468049e-06 | 1
  8, 20 |   7.1338963815023235e-05 |   7.1338963815023235e-05 | 1
  8, 21 |   1.7220604503471472e-04 |   1.7220604503471472e-04 | 1
  8, 22 |   1.3797384198061587e-04 |   1.3797384198061587e-04 | 1
  8, 23 |   1.1379884747489736e-05 |   1.1379884747489736e-05 | 1
  8, 24 |   3.2732825790757333e-05 |   3.2732825790757333e-05 | 1
  8, 25 |   1.7008148487600034e-05 |   1.7008148487600034e-05 | 1
  8, 26 |   1.4876700099928524e-04 |   1.4876700099928524e-04 | 1
  8, 27 |   2.9083623869964809e-05 |   2.9083623869964809e-05 | 1
  8, 28 |   3.6357161093635411e-05 |   3.6357161093635411e-05 | 1
  8, 29 |   6.9518744657608993e-05 |   6.9518744657608993e-05 | 1
  8, 30 |   2.7968286724190357e-05 |   2.7968286724190357e-05 | 1
  9,  1 |   3.2896265415191064e-05 |   3.2896265415191064e-05 | 1
  9,  2 |   4.1467779208889145e-05 |   4.1467779208889145e-05 | 1
  9,  3 |   2.2472294027842056e-05 |   2.2472294027842056e-05 | 1
  9,  4 |   3.4238741236408861e-05 |   3.4238741236408861e-05 | 1
  9,  5 |  -3.7344991315201199e-04 |  -3.7344991315201199e-04 | 1
  9,  6 |  -2.2731225810459967e-05 |  -2.2731225810459967e-05 | 1
  9,  7 |  -6.6935623508340182e-05 |  -6.6935623508340182e-05 | 1
  9,  8 |   3.8027928918396786e-05 |   3.8027928918396786e-05 | 1
  9,  9 |   1.6605216013592692e-02 |   1.6605216013592692e-02 | 1
  9, 10 |   4.7726989599098579e-05 |   4.7726989599098579e-05 | 1
  9, 11 |   1.6879513571371957e-04 |   1.6879513571371957e-04 | 1
  9, 12 |   2.1157530773009258e-05 |   2.1157530773009258e-05 | 1
  9, 13 |   1.3824021585576857e-04 |   1.3824021585576857e-04 | 1
  9, 14 |   9.6969738993393957e-05 |   9.6969738993393957e-05 | 1
  9, 15 |  -1.3425955243997253e-05 |  -1.3425955243997253e-05 | 1
  9, 16 |   1.1295545092665851e-04 |   1.1295545092665851e-04 | 1
  9, 17 |   2.8134913480975743e-05 |   2.8134913480975743e-05 | 1
  9, 18 |  -1.4442733054326820e-03 |  -1.4442733054326820e-03 | 1
  9, 19 |   8.1459762516991477e-06 |   8.1459762516991477e-06 | 1
  9, 20 |   1.6064057418055215e-04 |   1.6064057418055215e-04 | 1
  9, 21 |   3.4122195624344993e-04 |   3.4122195624344993e-04 | 1
  9, 22 |   2.9663395604166178e-04 |   2.9663395604166178e-04 | 1
  9, 23 |  -1.4750452835660902e-05 |  -1.4750452835660902e-05 | 1
  9, 24 |  -1.4539417595094400e-05 |  -1.4539417595094400e-05 | 1
  9, 25 |  -6.3128543619462348e-05 |  -6.3128543619462348e-05 | 1
  9, 26 |   2.2331400329055019e-04 |   2.2331400329055019e-04 | 1
  9, 27 |   1.4641597170354640e-05 |   1.4641597170354640e-05 | 1
  9, 28 |   1.1511900213667246e-05 |   1.1511900213667246e-05 | 1
  9, 29 |   6.5019642392655490e-05 |   6.5019642392655490e-05 | 1
  9, 30 |  -2.4952843208540061e-05 |  -2.4952843208540061e-05 | 1
 10,  1 |   9.4247052032069809e-05 |   9.4247052032069809e-05 | 1
 10,  2 |   5.8382219590875192e-05 |   5.8382219590875192e-05 | 1
 10,  3 |   1.9008697037268434e-04 |   1.9008697037268434e-04 | 1
 10,  4 |   4.1311617491198241e-05 |   4.1311617491198241e-05 | 1
 10,  5 |   4.6039522042340734e-04 |   4.6039522042340734e-04 | 1
 10,  6 |  -5.1712966992425995e-06 |  -5.1712966992425995e-06 | 1
 10,  7 |   1.9320233855222777e-04 |   1.9320233855222777e-04 | 1
 10,  8 |   6.8435143516749908e-05 |   6.8435143516749908e-05 | 1
 10,  9 |   4.7726989599098579e-05 |   4.7726989599098579e-05 | 1
 10, 10 |   4.0554728553825637e-04 |   4.0554728553825637e-04 | 1
 10, 11 |   1.9389763460980365e-04 |   1.9389763460980365e-04 | 1
 10, 12 |   6.1147011090497772e-05 |   6.1147011090497772e-05 | 1
 10, 13 |   8.4110607498405319e-05 |   8.4110607498405319e-05 | 1
 10, 14 |   1.1650461894014756e-04 |   1.1650461894014756e-04 | 1
 10, 15 |   1.8836129658462492e-04 |   1.8836129658462492e-04 | 1
 10, 16 |   8.9541957078997572e-05 |   8.9541957078997572e-05 | 1
 10, 17 |   9.8603628555438090e-05 |   9.8603628555438090e-05 | 1
 10, 18 |   9.7194259604044134e-04 |   9.7194259604044134e-04 | 1
 10, 19 |   1.3209507242522507e-04 |   1.3209507242522507e-04 | 1
 10, 20 |   5.0888395579549550e-05 |   5.0888395579549550e-05 | 1
 10, 21 |   2.4006661813855097e-04 |   2.4006661813855097e-04 | 1
 10, 22 |   4.2531542265986241e-05 |   4.2531542265986241e-05 | 1
 10, 23 |   2.2958089374552085e-04 |   2.2958089374552085e-04 | 1
 10, 24 |   1.4344092387670883e-04 |   1.4344092387670883e-04 | 1
 10, 25 |   2.9033775745636976e-04 |   2.9033775745636976e-04 | 1
 10, 26 |   2.5756816468762162e-04 |   2.5756816468762162e-04 | 1
 10, 27 |   1.3769035736620837e-04 |   1.3769035736620837e-04 | 1
 10, 28 |   1.5213137088700656e-04 |   1.5213137088700656e-04 | 1
 10, 29 |   2.9116847530394010e-04 |   2.9116847530394010e-04 | 1
 10, 30 |   2.5538526954916989e-04 |   2.5538526954916989e-04 | 1
 11,  1 |   6.5843586420479694e-05 |   6.5843586420479694e-05 | 1
 11,  2 |   1.7449950178764599e-04 |   1.7449950178764599e-04 | 1
 11,  3 |   9.6603197375001769e-05 |   9.6603197375001769e-05 | 1
 11,  4 |   1.0690694469352429e-04 |   1.0690694469352429e-04 | 1
 11,  5 |  -9.0609434193514998e-04 |  -9.0609434193514998e-04 | 1
 11,  6 |  -2.4889046789483365e-05 |  -2.4889046789483365e-05 | 1
 11,  7 |  -1.3447613090765767e-04 |  -1.3447613090765767e-04 | 1
 11,  8 |   1.0347008699093641e-04 |   1.0347008699093641e-04 | 1
 11,  9 |   1.6879513571371957e-04 |   1.6879513571371957e-04 | 1
 11, 10 |   1.9389763460980365e-04 |   1.9389763460980365e-04 | 1
 11, 11 |   7.6658013337559481e-03 |   7.6658013337559481e-03 | 1
 11, 12 |   6.0828980361506135e-05 |   6.0828980361506135e-05 | 1
 11, 13 |   3.6489599359379281e-04 |   3.6489599359379281e-04 | 1
 11, 14 |   2.9048413574737919e-04 |   2.9048413574737919e-04 | 1
 11, 15 |   2.5381886603094428e-07 |   2.5381886603094428e-07 | 1
 11, 16 |   3.2188994469026580e-04 |   3.2188994469026580e-04 | 1
 11, 17 |   6.9175137743740826e-05 |   6.9175137743740826e-05 | 1
 11, 18 |  -3.5854646293094067e-03 |  -3.5854646293094067e-03 | 1
 11, 19 |   5.6779904812912386e-05 |   5.6779904812912386e-05 | 1
 11, 20 |   4.4943141089406717e-04 |   4.4943141089406717e-04 | 1
 11, 21 |   9.5555338819008212e-04 |   9.5555338819008212e-04 | 1
 11, 22 |   8.3160142537677673e-04 |   8.3160142537677673e-04 | 1
 11, 23 |   2.0399137970349493e-05 |   2.0399137970349493e-05 | 1
 11, 24 |  -2.0959474795015885e-05 |  -2.0959474795015885e-05 | 1
 11, 25 |  -1.3298597685577201e-04 |  -1.3298597685577201e-04 | 1
 11, 26 |   6.4576669040625027e-04 |   6.4576669040625027e-04 | 1
 11, 27 |   5.8096354480462230e-05 |   5.8096354480462230e-05 | 1
 11, 28 |   7.0421609081798868e-05 |   7.0421609081798868e-05 | 1
 11, 29 |   2.1827214364285145e-04 |   2.1827214364285145e-04 | 1
 11, 30 |   2.7276954244603163e-06 |   2.7276954244603163e-06 | 1
 12,  1 |   3.2389416057428137e-06 |   3.2389416057428137e-06 | 1
 12,  2 |   3.0982581101610552e-06 |   3.0982581101610552e-06 | 1
 12,  3 |   1.9243476977108653e-05 |   1.9243476977108653e-05 | 1
 12,  4 |   2.5443228911804761e-05 |   2.5443228911804761e-05 | 1
 12,  5 |  -1.5901686334105023e-06 |  -1.5901686334105023e-06 | 1
 12,  6 |  -7.5480025917263563e-06 |  -7.5480025917263563e-06 | 1
 12,  7 |   1.0283214246696809e-05 |   1.0283214246696809e-05 | 1
 12,  8 |   3.5898671441239496e-05 |   3.5898671441239496e-05 | 1
 12,  9 |   2.1157530773009258e-05 |   2.1157530773009258e-05 | 1
 12, 10 |   6.1147011090497772e-05 |   6.1147011090497772e-05 | 1
 12, 11 |   6.0828980361506135e-05 |   6.0828980361506135e-05 | 1
 12, 12 |   4.3201142898781726e-03 |   4.3201142898781726e-03 | 1
 12, 13 |   4.9944385765886582e-05 |   4.9944385765886582e-05 | 1
 12, 14 |   4.9579712636202444e-05 |   4.9579712636202444e-05 | 1
 12, 15 |   3.2637650285268958e-05 |   3.2637650285268958e-05 | 1
 12, 16 |   2.6578130726792647e-05 |   2.6578130726792647e-05 | 1
 12, 17 |   8.7009791121167040e-06 |   8.7009791121167040e-06 | 1
 12, 18 |  -1.5131066864236542e-04 |  -1.5131066864236542e-04 | 1
 12, 19 |   2.0747359284683598e-06 |   2.0747359284683598e-06 | 1
 12, 20 |   4.2352919588655715e-05 |   4.2352919588655715e-05 | 1
 12, 21 |   1.0132219328368099e-04 |   1.0132219328368099e-04 | 1
 12, 22 |   6.8502011808068862e-05 |   6.8502011808068862e-05 | 1
 12, 23 |   2.4927376305552827e-05 |   2.4927376305552827e-05 | 1
 12, 24 |   2.0820304193740571e-05 |   2.0820304193740571e-05 | 1
 12, 25 |   3.1679615507443143e-05 |   3.1679615507443143e-05 | 1
 12, 26 |   8.9736393502927491e-05 |   8.9736393502927491e-05 | 1
 12, 27 |   1.3662671826456262e-05 |   1.3662671826456262e-05 | 1
 12, 28 |   3.6764639650749864e-05 |   3.6764639650749864e-05 | 1
 12, 29 |   6.1008205850657859e-05 |   6.1008205850657859e-05 | 1
 12, 30 |   3.7410686580485481e-05 |   3.7410686580485481e-05 | 1
 13,  1 |   3.6542533822289842e-05 |   3.6542533822289842e-05 | 1
 13,  2 |   1.1269586495751653e-04 |   1.1269586495751653e-04 | 1
 13,  3 |   2.4051083546498039e-05 |   2.4051083546498039e-05 | 1
 13,  4 |   8.9707439658214851e-05 |   8.9707439658214851e-05 | 1
 13,  5 |  -8.9539841024436490e-04 |  -8.9539841024436490e-04 | 1
 13,  6 |  -2.8675398363856800e-05 |  -2.8675398363856800e-05 | 1
 13,  7 |  -1.6039100456835889e-04 |  -1.6039100456835889e-04 | 1
 13,  8 |   7.6586592238180821e-05 |   7.6586592238180821e-05 | 1
 13,  9 |   1.3824021585576857e-04 |   1.3824021585576857e-04 | 1
 13, 10 |   8.4110607498405319e-05 |   8.4110607498405319e-05 | 1
 13, 11 |   3.6489599359379281e-04 |   3.6489599359379281e-04 | 1
 13, 12 |   4.9944385765886582e-05 |   4.9944385765886582e-05 | 1
 13, 13 |   4.7476059731043040e-03 |   4.7476059731043040e-03 | 1
 13, 14 |   2.1974600737427637e-04 |   2.1974600737427637e-04 | 1
 13, 15 |  -3.9646702245964456e-05 |  -3.9646702245964456e-05 | 1
 13, 16 |   2.3264945282781488e-04 |   2.3264945282781488e-04 | 1
 13, 17 |   2.7895892106821524e-05 |   2.7895892106821524e-05 | 1
 13, 18 |  -3.3287683983226346e-03 |  -3.3287683983226346e-03 | 1
 13, 19 |   2.1269470858191388e-06 |   2.1269470858191388e-06 | 1
 13, 20 |   3.6312156149179500e-04 |   3.6312156149179500e-04 | 1
 13, 21 |   7.4192279423680209e-04 |   7.4192279423680209e-04 | 1
 13, 22 |   6.7325818339756399e-04 |   6.7325818339756399e-04 | 1
 13, 23 |  -4.3574438570905503e-05 |  -4.3574438570905503e-05 | 1
 13, 24 |  -6.0177067921397473e-05 |  -6.0177067921397473e-05 | 1
 13, 25 |  -1.9170023058822164e-04 |  -1.9170023058822164e-04 | 1
 13, 26 |   4.6851356781420737e-04 |   4.6851356781420737e-04 | 1
 13, 27 |   3.8588235109513012e-06 |   3.8588235109513012e-06 | 1
 13, 28 |   1.7749928052976979e-05 |   1.7749928052976979e-05 | 1
 13, 29 |   1.1008505453779984e-04 |   1.1008505453779984e-04 | 1
 13, 30 |  -7.1533445065730290e-05 |  -7.1533445065730290e-05 | 1
 14,  1 |   1.9330588499613400e-05 |   1.9330588499613400e-05 | 1
 14,  2 |   1.0072698531368848e-04 |   1.0072698531368848e-04 | 1
 14,  3 |   4.1061804947816415e-05 |   4.1061804947816415e-05 | 1
 14,  4 |   6.8174403134663945e-05 |   6.8174403134663945e-05 | 1
 14,  5 |  -5.7985927005620858e-04 |  -5.7985927005620858e-04 | 1
 14,  6 |  -1.2440941573693318e-05 |  -1.2440941573693318e-05 | 1
 14,  7 |  -9.6009167399875410e-05 |  -9.6009167399875410e-05 | 1
 14,  8 |   7.4238323367812904e-05 |   7.4238323367812904e-05 | 1
 14,  9 |   9.6969738993393957e-05 |   9.6969738993393957e-05 | 1
 14, 10 |   1.1650461894014756e-04 |   1.1650461894014756e-04 | 1
 14, 11 |   2.9048413574737919e-04 |   2.9048413574737919e-04 | 1
 14, 12 |   4.9579712636202444e-05 |   4.9579712636202444e-05 | 1
 14, 13 |   2.1974600737427637e-04 |   2.1974600737427637e-04 | 1
 14, 14 |   7.0901736670566894e-03 |   7.0901736670566894e-03 | 1
 14, 15 |  -3.7930253008479874e-06 |  -3.7930253008479874e-06 | 1
 14, 16 |   1.8270952141323776e-04 |   1.8270952141323776e-04 | 1
 14, 17 |   2.4662774071478589e-05 |   2.4662774071478589e-05 | 1
 14, 18 |  -2.2383650421839013e-03 |  -2.2383650421839013e-03 | 1
 14, 19 |   1.8666369421463120e-05 |   1.8666369421463120e-05 | 1
 14, 20 |   2.7400202274316735e-04 |   2.7400202274316735e-04 | 1
 14, 21 |   5.6483620336519186e-04 |   5.6483620336519186e-04 | 1
 14, 22 |   5.0730511887064900e-04 |   5.0730511887064900e-04 | 1
 14, 23 |  -3.9091747330139391e-06 |  -3.9091747330139391e-06 | 1
 14, 24 |  -1.8071227351121148e-05 |  -1.8071227351121148e-05 | 1
 14, 25 |  -9.6505931615500223e-05 |  -9.6505931615500223e-05 | 1
 14, 26 |   3.8708391829529037e-04 |   3.8708391829529037e-04 | 1
 14, 27 |   2.5241186024524843e-05 |   2.5241186024524843e-05 | 1
 14, 28 |   4.1212724209091240e-05 |   4.1212724209091240e-05 | 1
 14, 29 |   1.2059210138764366e-04 |   1.2059210138764366e-04 | 1
 14, 30 |  -3.7671204173423366e-06 |  -3.7671204173423366e-06 | 1
 15,  1 |   7.3257673600378269e-05 |   7.3257673600378269e-05 | 1
 15,  2 |  -1.0815160516763466e-05 |  -1.0815160516763466e-05 | 1
 15,  3 |   1.4959490376140541e-04 |   1.4959490376140541e-04 | 1
 15,  4 |   1.4648404510501402e-05 |   1.4648404510501402e-05 | 1
 15,  5 |   7.6527958178157149e-04 |   7.6527958178157149e-04 | 1
 15,  6 |   1.6644962974710997e-05 |   1.6644962974710997e-05 | 1
 15,  7 |   2.4185375894723426e-04 |   2.4185375894723426e-04 | 1
 15,  8 |   1.8312809050662873e-05 |   1.8312809050662873e-05 | 1
 15,  9 |  -1.3425955243997253e-05 |  -1.3425955243997253e-05 | 1
 15, 10 |   1.8836129658462492e-04 |   1.8836129658462492e-04 | 1
 15, 11 |   2.5381886603094428e-07 |   2.5381886603094428e-07 | 1
 15, 12 |   3.2637650285268958e-05 |   3.2637650285268958e-05 | 1
 15, 13 |  -3.9646702245964456e-05 |  -3.9646702245964456e-05 | 1
 15, 14 |  -3.7930253008479874e-06 |  -3.7930253008479874e-06 | 1
 15, 15 |   2.6469446920725889e-03 |   2.6469446920725889e-03 | 1
 15, 16 |  -5.2076617765019987e-05 |  -5.2076617765019987e-05 | 1
 15, 17 |   5.8902237039576389e-05 |   5.8902237039576389e-05 | 1
 15, 18 |   2.1699319520531585e-03 |   2.1699319520531585e-03 | 1
 15, 19 |   8.2833215054957062e-05 |   8.2833215054957062e-05 | 1
 15, 20 |  -1.2928350208867446e-04 |  -1.2928350208867446e-04 | 1
 15, 21 |  -1.0507603298479107e-04 |  -1.0507603298479107e-04 | 1
 15, 22 |  -2.6025674117256467e-04 |  -2.6025674117256467e-04 | 1
 15, 23 |   1.9148536725554924e-04 |   1.9148536725554924e-04 | 1
 15, 24 |   1.1519741217320013e-04 |   1.1519741217320013e-04 | 1
 15, 25 |   3.0108831963459454e-04 |   3.0108831963459454e-04 | 1
 15, 26 |  -1.6915591221930079e-05 |  -1.6915591221930079e-05 | 1
 15, 27 |   9.8124469403600839e-05 |   9.8124469403600839e-05 | 1
 15, 28 |   1.0610371656281795e-04 |   1.0610371656281795e-04 | 1
 15, 29 |   1.8424886870895202e-04 |   1.8424886870895202e-04 | 1
 15, 30 |   2.1864842790580551e-04 |   2.1864842790580551e-04 | 1
 16,  1 |   2.5043551531852419e-05 |   2.5043551531852419e-05 | 1
 16,  2 |   1.2250358901016653e-04 |   1.2250358901016653e-04 | 1
 16,  3 |   2.9019786923898685e-05 |   2.9019786923898685e-05 | 1
 16,  4 |   5.7840478614988328e-05 |   5.7840478614988328e-05 | 1
 16,  5 |  -7.1700384977049086e-04 |  -7.1700384977049086e-04 | 1
 16,  6 |  -4.0833310356879621e-05 |  -4.0833310356879621e-05 | 1
 16,  7 |  -1.4222008651068770e-04 |  -1.4222008651068770e-04 | 1
 16,  8 |   6.5705955392780617e-05 |   6.5705955392780617e-05 | 1
 16,  9 |   1.1295545092665851e-04 |   1.1295545092665851e-04 | 1
 16, 10 |   8.9541957078997572e-05 |   8.9541957078997572e-05 | 1
 16, 11 |   3.2188994469026580e-04 |   3.2188994469026580e-04 | 1
 16, 12 |   2.6578130726792647e-05 |   2.6578130726792647e-05 | 1
 16, 13 |   2.3264945282781488e-04 |   2.3264945282781488e-04 | 1
 16, 14 |   1.8270952141323776e-04 |   1.8270952141323776e-04 | 1
 16, 15 |  -5.2076617765019987e-05 |  -5.2076617765019987e-05 | 1
 16, 16 |   3.8824083632696821e-03 |   3.8824083632696821e-03 | 1
 16, 17 |   5.9086422141671631e-05 |   5.9086422141671631e-05 | 1
 16, 18 |  -2.6817395746088352e-03 |  -2.6817395746088352e-03 | 1
 16, 19 |   4.2273909028923973e-05 |   4.2273909028923973e-05 | 1
 16, 20 |   3.3737817784422995e-04 |   3.3737817784422995e-04 | 1
 16, 21 |   6.5316355812263319e-04 |   6.5316355812263319e-04 | 1
 16, 22 |   6.0246280972649571e-04 |   6.0246280972649571e-04 | 1
 16, 23 |  -2.1226158176245596e-06 |  -2.1226158176245596e-06 | 1
 16, 24 |  -1.0842449759234686e-05 |  -1.0842449759234686e-05 | 1
 16, 25 |  -1.2642875102751583e-04 |  -1.2642875102751583e-04 | 1
 16, 26 |   4.4243346426728249e-04 |   4.4243346426728249e-04 | 1
 16, 27 |   2.8245447738764777e-05 |   2.8245447738764777e-05 | 1
 16, 28 |   4.8413189239667853e-05 |   4.8413189239667853e-05 | 1
 16, 29 |   1.1445313759046673e-04 |   1.1445313759046673e-04 | 1
 16, 30 |  -2.6108240995146963e-05 |  -2.6108240995146963e-05 | 1
 17,  1 |   4.9932922030405377e-05 |   4.9932922030405377e-05 | 1
 17,  2 |   2.0530108437241298e-05 |   2.0530108437241298e-05 | 1
 17,  3 |   7.4366244447913435e-05 |   7.4366244447913435e-05 | 1
 17,  4 |   1.0850454310260089e-05 |   1.0850454310260089e-05 | 1
 17,  5 |   1.8818186707281041e-04 |   1.8818186707281041e-04 | 1
 17,  6 |  -1.4677838069724233e-05 |  -1.4677838069724233e-05 | 1
 17,  7 |   7.3100522774284326e-05 |   7.3100522774284326e-05 | 1
 17,  8 |   1.8269068698969118e-05 |   1.8269068698969118e-05 | 1
 17,  9 |   2.8134913480975743e-05 |   2.8134913480975743e-05 | 1
 17, 10 |   9.8603628555438090e-05 |   9.8603628555438090e-05 | 1
 17, 11 |   6.9175137743740826e-05 |   6.9175137743740826e-05 | 1
 17, 12 |   8.7009791121167040e-06 |   8.7009791121167040e-06 | 1
 17, 13 |   2.7895892106821524e-05 |   2.7895892106821524e-05 | 1
 17, 14 |   2.4662774071478589e-05 |   2.4662774071478589e-05 | 1
 17, 15 |   5.8902237039576389e-05 |   5.8902237039576389e-05 | 1
 17, 16 |   5.9086422141671631e-05 |   5.9086422141671631e-05 | 1
 17, 17 |   1.7099161394111984e-02 |   1.7099161394111984e-02 | 1
 17, 18 |   3.8601388418601145e-04 |   3.8601388418601145e-04 | 1
 17, 19 |   5.7239591405639269e-05 |   5.7239591405639269e-05 | 1
 17, 20 |   2.2284489948070659e-05 |   2.2284489948070659e-05 | 1
 17, 21 |   1.0209756334791258e-04 |   1.0209756334791258e-04 | 1
 17, 22 |   2.1521828068042995e-05 |   2.1521828068042995e-05 | 1
 17, 23 |   9.1606194310441222e-05 |   9.1606194310441222e-05 | 1
 17, 24 |   5.9089481112418367e-05 |   5.9089481112418367e-05 | 1
 17, 25 |   1.1440034004969491e-04 |   1.1440034004969491e-04 | 1
 17, 26 |   9.5021187590700823e-05 |   9.5021187590700823e-05 | 1
 17, 27 |   5.6300050842029019e-05 |   5.6300050842029019e-05 | 1
 17, 28 |   6.2592491590554084e-05 |   6.2592491590554084e-05 | 1
 17, 29 |   1.0930234939098089e-04 |   1.0930234939098089e-04 | 1
 17, 30 |   9.0450196614998862e-05 |   9.0450196614998862e-05 | 1
 18,  1 |   3.9603439131687389e-04 |   3.9603439131687389e-04 | 1
 18,  2 |  -1.3018738744031977e-03 |  -1.3018738744031977e-03 | 1
 18,  3 |   1.1725716039708324e-03 |   1.1725716039708324e-03 | 1
 18,  4 |  -7.8368903831842196e-04 |  -7.8368903831842196e-04 | 1
 18,  5 |   1.6397173680408550e-02 |   1.6397173680408550e-02 | 1
 18,  6 |   2.3890417001516673e-04 |   2.3890417001516673e-04 | 1
 18,  7 |   3.9814860837460303e-03 |   3.9814860837460303e-03 | 1
 18,  8 |  -5.0486126842053808e-04 |  -5.0486126842053808e-04 | 1
 18,  9 |  -1.4442733054326820e-03 |  -1.4442733054326820e-03 | 1
 18, 10 |   9.7194259604044134e-04 |   9.7194259604044134e-04 | 1
 18, 11 |  -3.5854646293094067e-03 |  -3.5854646293094067e-03 | 1
 18, 12 |  -1.5131066864236542e-04 |  -1.5131066864236542e-04 | 1
 18, 13 |  -3.3287683983226346e-03 |  -3.3287683983226346e-03 | 1
 18, 14 |  -2.2383650421839013e-03 |  -2.2383650421839013e-03 | 1
 18, 15 |   2.1699319520531585e-03 |   2.1699319520531585e-03 | 1
 18, 16 |  -2.6817395746088352e-03 |  -2.6817395746088352e-03 | 1
 18, 17 |   3.8601388418601145e-04 |   3.8601388418601145e-04 | 1
 18, 18 |   5.7062588890460564e-02 |   5.7062588890460564e-02 | 1
 18, 19 |   7.8895974745202616e-04 |   7.8895974745202616e-04 | 1
 18, 20 |  -4.8861587112566940e-03 |  -4.8861587112566940e-03 | 1
 18, 21 |  -8.3054249765535659e-03 |  -8.3054249765535659e-03 | 1
 18, 22 |  -9.3554712637571313e-03 |  -9.3554712637571313e-03 | 1
 18, 23 |   2.3600162899726773e-03 |   2.3600162899726773e-03 | 1
 18, 24 |   1.8120145681595895e-03 |   1.8120145681595895e-03 | 1
 18, 25 |   4.8973899835038359e-03 |   4.8973899835038359e-03 | 1
 18, 26 |  -4.8102823550990048e-03 |  -4.8102823550990048e-03 | 1
 18, 27 |   9.2659449739059679e-04 |   9.2659449739059679e-04 | 1
 18, 28 |   9.2702076019927221e-04 |   9.2702076019927221e-04 | 1
 18, 29 |   7.6276156493839363e-04 |   7.6276156493839363e-04 | 1
 18, 30 |   2.8388651536412207e-03 |   2.8388651536412207e-03 | 1
 19,  1 |   5.2047600294388645e-05 |   5.2047600294388645e-05 | 1
 19,  2 |   3.2683563202883512e-05 |   3.2683563202883512e-05 | 1
 19,  3 |   9.9851081482339840e-05 |   9.9851081482339840e-05 | 1
 19,  4 |   5.6628148401120793e-06 |   5.6628148401120793e-06 | 1
 19,  5 |   3.1238167423978079e-04 |   3.1238167423978079e-04 | 1
 19,  6 |   1.6215037036589188e-06 |   1.6215037036589188e-06 | 1
 19,  7 |   1.1419416961495009e-04 |   1.1419416961495009e-04 | 1
 19,  8 |   6.5552314194468049e-06 |   6.5552314194468049e-06 | 1
 19,  9 |   8.1459762516991477e-06 |   8.1459762516991477e-06 | 1
 19, 10 |   1.3209507242522507e-04 |   1.3209507242522507e-04 | 1
 19, 11 |   5.6779904812912386e-05 |   5.6779904812912386e-05 | 1
 19, 12 |   2.0747359284683598e-06 |   2.0747359284683598e-06 | 1
 19, 13 |   2.1269470858191388e-06 |   2.1269470858191388e-06 | 1
 19, 14 |   1.8666369421463120e-05 |   1.8666369421463120e-05 | 1
 19, 15 |   8.2833215054957062e-05 |   8.2833215054957062e-05 | 1
 19, 16 |   4.2273909028923973e-05 |   4.2273909028923973e-05 | 1
 19, 17 |   5.7239591405639269e-05 |   5.7239591405639269e-05 | 1
 19, 18 |   7.8895974745202616e-04 |   7.8895974745202616e-04 | 1
 19, 19 |   3.8173551432319564e-03 |   3.8173551432319564e-03 | 1
 19, 20 |  -7.6134351002048444e-06 |  -7.6134351002048444e-06 | 1
 19, 21 |   6.1960698335002465e-05 |   6.1960698335002465e-05 | 1
 19, 22 |  -3.3124666290718606e-05 |  -3.3124666290718606e-05 | 1
 19, 23 |   1.1790747554141028e-04 |   1.1790747554141028e-04 | 1
 19, 24 |   6.8601260878267071e-05 |   6.8601260878267071e-05 | 1
 19, 25 |   1.5306275970144371e-04 |   1.5306275970144371e-04 | 1
 19, 26 |   7.5206985874205811e-05 |   7.5206985874205811e-05 | 1
 19, 27 |   7.0823487549536357e-05 |   7.0823487549536357e-05 | 1
 19, 28 |   6.7737452080358804e-05 |   6.7737452080358804e-05 | 1
 19, 29 |   1.2504046750273648e-04 |   1.2504046750273648e-04 | 1
 19, 30 |   1.2457176447800355e-04 |   1.2457176447800355e-04 | 1
 20,  1 |   2.0037413709895097e-06 |   2.0037413709895097e-06 | 1
 20,  2 |   1.6428327514905576e-04 |   1.6428327514905576e-04 | 1
 20,  3 |  -2.4512069398077100e-05 |  -2.4512069398077100e-05 | 1
 20,  4 |   1.1408466606069746e-04 |   1.1408466606069746e-04 | 1
 20,  5 |  -1.3794434211274742e-03 |  -1.3794434211274742e-03 | 1
 20,  6 |  -2.9611005434477871e-05 |  -2.9611005434477871e-05 | 1
 20,  7 |  -2.9285321670311990e-04 |  -2.9285321670311990e-04 | 1
 20,  8 |   7.1338963815023235e-05 |   7.1338963815023235e-05 | 1
 20,  9 |   1.6064057418055215e-04 |   1.6064057418055215e-04 | 1
 20, 10 |   5.0888395579549550e-05 |   5.0888395579549550e-05 | 1
 20, 11 |   4.4943141089406717e-04 |   4.4943141089406717e-04 | 1
 20, 12 |   4.2352919588655715e-05 |   4.2352919588655715e-05 | 1
 20, 13 |   3.6312156149179500e-04 |   3.6312156149179500e-04 | 1
 20, 14 |   2.7400202274316735e-04 |   2.7400202274316735e-04 | 1
 20, 15 |  -1.2928350208867446e-04 |  -1.2928350208867446e-04 | 1
 20, 16 |   3.3737817784422995e-04 |   3.3737817784422995e-04 | 1
 20, 17 |   2.2284489948070659e-05 |   2.2284489948070659e-05 | 1
 20, 18 |  -4.8861587112566940e-03 |  -4.8861587112566940e-03 | 1
 20, 19 |  -7.6134351002048444e-06 |  -7.6134351002048444e-06 | 1
 20, 20 |   9.7651557839573480e-03 |   9.7651557839573480e-03 | 1
 20, 21 |   9.6490471278843151e-04 |   9.6490471278843151e-04 | 1
 20, 22 |   9.5755522309344532e-04 |   9.5755522309344532e-04 | 1
 20, 23 |  -1.0368793301980973e-04 |  -1.0368793301980973e-04 | 1
 20, 24 |  -1.1128763847568189e-04 |  -1.1128763847568189e-04 | 1
 20, 25 |  -3.4109958690456063e-04 |  -3.4109958690456063e-04 | 1
 20, 26 |   6.1357238241913949e-04 |   6.1357238241913949e-04 | 1
 20, 27 |  -3.1188855247438977e-05 |  -3.1188855247438977e-05 | 1
 20, 28 |   1.6904501962326617e-06 |   1.6904501962326617e-06 | 1
 20, 29 |   7.4754159530199065e-05 |   7.4754159530199065e-05 | 1
 20, 30 |  -1.4827567732307503e-04 |  -1.4827567732307503e-04 | 1
 21,  1 |   8.9347246125993674e-05 |   8.9347246125993674e-05 | 1
 21,  2 |   3.4166346217539591e-04 |   3.4166346217539591e-04 | 1
 21,  3 |   1.0311165217522520e-04 |   1.0311165217522520e-04 | 1
 21,  4 |   2.1940603134322587e-04 |   2.1940603134322587e-04 | 1
 21,  5 |  -2.2249441017668514e-03 |  -2.2249441017668514e-03 | 1
 21,  6 |  -4.8668899309027938e-05 |  -4.8668899309027938e-05 | 1
 21,  7 |  -3.9980360786413469e-04 |  -3.9980360786413469e-04 | 1
 21,  8 |   1.7220604503471472e-04 |   1.7220604503471472e-04 | 1
 21,  9 |   3.4122195624344993e-04 |   3.4122195624344993e-04 | 1
 21, 10 |   2.4006661813855097e-04 |   2.4006661813855097e-04 | 1
 21, 11 |   9.5555338819008212e-04 |   9.5555338819008212e-04 | 1
 21, 12 |   1.0132219328368099e-04 |   1.0132219328368099e-04 | 1
 21, 13 |   7.4192279423680209e-04 |   7.4192279423680209e-04 | 1
 21, 14 |   5.6483620336519186e-04 |   5.6483620336519186e-04 | 1
 21, 15 |  -1.0507603298479107e-04 |  -1.0507603298479107e-04 | 1
 21, 16 |   6.5316355812263319e-04 |   6.5316355812263319e-04 | 1
 21, 17 |   1.0209756334791258e-04 |   1.0209756334791258e-04 | 1
 21, 18 |  -8.3054249765535659e-03 |  -8.3054249765535659e-03 | 1
 21, 19 |   6.1960698335002465e-05 |   6.1960698335002465e-05 | 1
 21, 20 |   9.6490471278843151e-04 |   9.6490471278843151e-04 | 1
 21, 21 |   1.9772292364653860e-03 |   1.9772292364653860e-03 | 1
 21, 22 |   1.7892817972394170e-03 |   1.7892817972394170e-03 | 1
 21, 23 |  -6.1598563811999206e-05 |  -6.1598563811999206e-05 | 1
 21, 24 |  -1.2200973341419414e-04 |  -1.2200973341419414e-04 | 1
 21, 25 |  -4.4120070213372192e-04 |  -4.4120070213372192e-04 | 1
 21, 26 |   1.2503295506607059e-03 |   1.2503295506607059e-03 | 1
 21, 27 |   4.3743670622099252e-05 |   4.3743670622099252e-05 | 1
 21, 28 |   8.2440519702420018e-05 |   8.2440519702420018e-05 | 1
 21, 29 |   3.1607534730217755e-04 |   3.1607534730217755e-04 | 1
 21, 30 |  -1.2373299048773490e-04 |  -1.2373299048773490e-04 | 1
 22,  1 |   2.8935353279234618e-06 |   2.8935353279234618e-06 | 1
 22,  2 |   3.0035446287557908e-04 |   3.0035446287557908e-04 | 1
 22,  3 |  -5.8497531211931450e-05 |  -5.8497531211931450e-05 | 1
 22,  4 |   1.9091540707449201e-04 |   1.9091540707449201e-04 | 1
 22,  5 |  -2.6700848649312131e-03 |  -2.6700848649312131e-03 | 1
 22,  6 |  -6.9025171819076447e-05 |  -6.9025171819076447e-05 | 1
 22,  7 |  -5.6748210667284180e-04 |  -5.6748210667284180e-04 | 1
 22,  8 |   1.3797384198061587e-04 |   1.3797384198061587e-04 | 1
 22,  9 |   2.9663395604166178e-04 |   2.9663395604166178e-04 | 1
 22, 10 |   4.2531542265986241e-05 |   4.2531542265986241e-05 | 1
 22, 11 |   8.3160142537677673e-04 |   8.3160142537677673e-04 | 1
 22, 12 |   6.8502011808068862e-05 |   6.8502011808068862e-05 | 1
 22, 13 |   6.7325818339756399e-04 |   6.7325818339756399e-04 | 1
 22, 14 |   5.0730511887064900e-04 |   5.0730511887064900e-04 | 1
 22, 15 |  -2.6025674117256467e-04 |  -2.6025674117256467e-04 | 1
 22, 16 |   6.0246280972649571e-04 |   6.0246280972649571e-04 | 1
 22, 17 |   2.1521828068042995e-05 |   2.1521828068042995e-05 | 1
 22, 18 |  -9.3554712637571313e-03 |  -9.3554712637571313e-03 | 1
 22, 19 |  -3.3124666290718606e-05 |  -3.3124666290718606e-05 | 1
 22, 20 |   9.5755522309344532e-04 |   9.5755522309344532e-04 | 1
 22, 21 |   1.7892817972394170e-03 |   1.7892817972394170e-03 | 1
 22, 22 |   1.9270464055293396e-02 |   1.9270464055293396e-02 | 1
 22, 23 |  -2.4311560179155270e-04 |  -2.4311560179155270e-04 | 1
 22, 24 |  -2.2701905785254585e-04 |  -2.2701905785254585e-04 | 1
 22, 25 |  -6.7812939972331301e-04 |  -6.7812939972331301e-04 | 1
 22, 26 |   1.0998610397498984e-03 |   1.0998610397498984e-03 | 1
 22, 27 |  -6.2566256287592721e-05 |  -6.2566256287592721e-05 | 1
 22, 28 |  -3.4393817423207431e-05 |  -3.4393817423207431e-05 | 1
 22, 29 |   1.0156738951793386e-04 |   1.0156738951793386e-04 | 1
 22, 30 |  -3.1995179588278216e-04 |  -3.1995179588278216e-04 | 1
 23,  1 |   8.3705769870146880e-05 |   8.3705769870146880e-05 | 1
 23,  2 |   2.1185432804366518e-06 |   2.1185432804366518e-06 | 1
 23,  3 |   1.7354751978913949e-04 |   1.7354751978913949e-04 | 1
 23,  4 |   1.8945126352305059e-05 |   1.8945126352305059e-05 | 1
 23,  5 |   8.4320771994503968e-04 |   8.4320771994503968e-04 | 1
 23,  6 |   9.0718324808202085e-06 |   9.0718324808202085e-06 | 1
 23,  7 |   2.6710209405558100e-04 |   2.6710209405558100e-04 | 1
 23,  8 |   1.1379884747489736e-05 |   1.1379884747489736e-05 | 1
 23,  9 |  -1.4750452835660902e-05 |  -1.4750452835660902e-05 | 1
 23, 10 |   2.2958089374552085e-04 |   2.2958089374552085e-04 | 1
 23, 11 |   2.0399137970349493e-05 |   2.0399137970349493e-05 | 1
 23, 12 |   2.4927376305552827e-05 |   2.4927376305552827e-05 | 1
 23, 13 |  -4.3574438570905503e-05 |  -4.3574438570905503e-05 | 1
 23, 14 |  -3.9091747330139391e-06 |  -3.9091747330139391e-06 | 1
 23, 15 |   1.9148536725554924e-04 |   1.9148536725554924e-04 | 1
 23, 16 |  -2.1226158176245596e-06 |  -2.1226158176245596e-06 | 1
 23, 17 |   9.1606194310441222e-05 |   9.1606194310441222e-05 | 1
 23, 18 |   2.3600162899726773e-03 |   2.3600162899726773e-03 | 1
 23, 19 |   1.1790747554141028e-04 |   1.1790747554141028e-04 | 1
 23, 20 |  -1.0368793301980973e-04 |  -1.0368793301980973e-04 | 1
 23, 21 |  -6.1598563811999206e-05 |  -6.1598563811999206e-05 | 1
 23, 22 |  -2.4311560179155270e-04 |  -2.4311560179155270e-04 | 1
 23, 23 |   4.6761698638571889e-03 |   4.6761698638571889e-03 | 1
 23, 24 |   1.4676599655650234e-04 |   1.4676599655650234e-04 | 1
 23, 25 |   3.4894905135281814e-04 |   3.4894905135281814e-04 | 1
 23, 26 |   2.2002889029007662e-05 |   2.2002889029007662e-05 | 1
 23, 27 |   1.1820953069383879e-04 |   1.1820953069383879e-04 | 1
 23, 28 |   1.4271435896635062e-04 |   1.4271435896635062e-04 | 1
 23, 29 |   2.2720727559293779e-04 |   2.2720727559293779e-04 | 1
 23, 30 |   2.6274527232993941e-04 |   2.6274527232993941e-04 | 1
 24,  1 |   3.6355112405758075e-05 |   3.6355112405758075e-05 | 1
 24,  2 |  -1.3237552803751704e-05 |  -1.3237552803751704e-05 | 1
 24,  3 |   9.1004561171309723e-05 |   9.1004561171309723e-05 | 1
 24,  4 |  -2.0148585088835885e-05 |  -2.0148585088835885e-05 | 1
 24,  5 |   6.0326453290367697e-04 |   6.0326453290367697e-04 | 1
 24,  6 |  -1.9582168916303609e-05 |  -1.9582168916303609e-05 | 1
 24,  7 |   1.6213575094736407e-04 |   1.6213575094736407e-04 | 1
 24,  8 |   3.2732825790757333e-05 |   3.2732825790757333e-05 | 1
 24,  9 |  -1.4539417595094400e-05 |  -1.4539417595094400e-05 | 1
 24, 10 |   1.4344092387670883e-04 |   1.4344092387670883e-04 | 1
 24, 11 |  -2.0959474795015885e-05 |  -2.0959474795015885e-05 | 1
 24, 12 |   2.0820304193740571e-05 |   2.0820304193740571e-05 | 1
 24, 13 |  -6.0177067921397473e-05 |  -6.0177067921397473e-05 | 1
 24, 14 |  -1.8071227351121148e-05 |  -1.8071227351121148e-05 | 1
 24, 15 |   1.1519741217320013e-04 |   1.1519741217320013e-04 | 1
 24, 16 |  -1.0842449759234686e-05 |  -1.0842449759234686e-05 | 1
 24, 17 |   5.9089481112418367e-05 |   5.9089481112418367e-05 | 1
 24, 18 |   1.8120145681595895e-03 |   1.8120145681595895e-03 | 1
 24, 19 |   6.8601260878267071e-05 |   6.8601260878267071e-05 | 1
 24, 20 |  -1.1128763847568189e-04 |  -1.1128763847568189e-04 | 1
 24, 21 |  -1.2200973341419414e-04 |  -1.2200973341419414e-04 | 1
 24, 22 |  -2.2701905785254585e-04 |  -2.2701905785254585e-04 | 1
 24, 23 |   1.4676599655650234e-04 |   1.4676599655650234e-04 | 1
 24, 24 |   3.4145305284951299e-03 |   3.4145305284951299e-03 | 1
 24, 25 |   2.4720272542096047e-04 |   2.4720272542096047e-04 | 1
 24, 26 |  -2.3233546704895004e-05 |  -2.3233546704895004e-05 | 1
 24, 27 |   8.2825937125121122e-05 |   8.2825937125121122e-05 | 1
 24, 28 |   9.6811206125556543e-05 |   9.6811206125556543e-05 | 1
 24, 29 |   1.2873559183655198e-04 |   1.2873559183655198e-04 | 1
 24, 30 |   1.7317643406201478e-04 |   1.7317643406201478e-04 | 1
 25,  1 |   1.0858254434506825e-04 |   1.0858254434506825e-04 | 1
 25,  2 |  -5.8774636981805128e-05 |  -5.8774636981805128e-05 | 1
 25,  3 |   2.3211200529775315e-04 |   2.3211200529775315e-04 | 1
 25,  4 |  -2.8738881667236555e-05 |  -2.8738881667236555e-05 | 1
 25,  5 |   1.6166602239722008e-03 |   1.6166602239722008e-03 | 1
 25,  6 |   4.4425131859879632e-06 |   4.4425131859879632e-06 | 1
 25,  7 |   4.4948464550054711e-04 |   4.4948464550054711e-04 | 1
 25,  8 |   1.7008148487600034e-05 |   1.7008148487600034e-05 | 1
 25,  9 |  -6.3128543619462348e-05 |  -6.3128543619462348e-05 | 1
 25, 10 |   2.9033775745636976e-04 |   2.9033775745636976e-04 | 1
 25, 11 |  -1.3298597685577201e-04 |  -1.3298597685577201e-04 | 1
 25, 12 |   3.1679615507443143e-05 |   3.1679615507443143e-05 | 1
 25, 13 |  -1.9170023058822164e-04 |  -1.9170023058822164e-04 | 1
 25, 14 |  -9.6505931615500223e-05 |  -9.6505931615500223e-05 | 1
 25, 15 |   3.0108831963459454e-04 |   3.0108831963459454e-04 | 1
 25, 16 |  -1.2642875102751583e-04 |  -1.2642875102751583e-04 | 1
 25, 17 |   1.1440034004969491e-04 |   1.1440034004969491e-04 | 1
 25, 18 |   4.8973899835038359e-03 |   4.8973899835038359e-03 | 1
 25, 19 |   1.5306275970144371e-04 |   1.5306275970144371e-04 | 1
 25, 20 |  -3.4109958690456063e-04 |  -3.4109958690456063e-04 | 1
 25, 21 |  -4.4120070213372192e-04 |  -4.4120070213372192e-04 | 1
 25, 22 |  -6.7812939972331301e-04 |  -6.7812939972331301e-04 | 1
 25, 23 |   3.4894905135281814e-04 |   3.4894905135281814e-04 | 1
 25, 24 |   2.4720272542096047e-04 |   2.4720272542096047e-04 | 1
 25, 25 |   6.9217866442851834e-03 |   6.9217866442851834e-03 | 1
 25, 26 |  -1.8358220168883561e-04 |  -1.8358220168883561e-04 | 1
 25, 27 |   1.7450686141425639e-04 |   1.7450686141425639e-04 | 1
 25, 28 |   1.9096570149137126e-04 |   1.9096570149137126e-04 | 1
 25, 29 |   2.7337514768065304e-04 |   2.7337514768065304e-04 | 1
 25, 30 |   4.0168101469837281e-04 |   4.0168101469837281e-04 | 1
 26,  1 |   7.4230134066008687e-05 |   7.4230134066008687e-05 | 1
 26,  2 |   2.3065175005157869e-04 |   2.3065175005157869e-04 | 1
 26,  3 |   1.0988983881344313e-04 |   1.0988983881344313e-04 | 1
 26,  4 |   1.4460811303256384e-04 |   1.4460811303256384e-04 | 1
 26,  5 |  -1.2192037476953799e-03 |  -1.2192037476953799e-03 | 1
 26,  6 |  -4.4722097993339974e-05 |  -4.4722097993339974e-05 | 1
 26,  7 |  -1.9816237954321629e-04 |  -1.9816237954321629e-04 | 1
 26,  8 |   1.4876700099928524e-04 |   1.4876700099928524e-04 | 1
 26,  9 |   2.2331400329055019e-04 |   2.2331400329055019e-04 | 1
 26, 10 |   2.5756816468762162e-04 |   2.5756816468762162e-04 | 1
 26, 11 |   6.4576669040625027e-04 |   6.4576669040625027e-04 | 1
 26, 12 |   8.9736393502927491e-05 |   8.9736393502927491e-05 | 1
 26, 13 |   4.6851356781420737e-04 |   4.6851356781420737e-04 | 1
 26, 14 |   3.8708391829529037e-04 |   3.8708391829529037e-04 | 1
 26, 15 |  -1.6915591221930079e-05 |  -1.6915591221930079e-05 | 1
 26, 16 |   4.4243346426728249e-04 |   4.4243346426728249e-04 | 1
 26, 17 |   9.5021187590700823e-05 |   9.5021187590700823e-05 | 1
 26, 18 |  -4.8102823550990048e-03 |  -4.8102823550990048e-03 | 1
 26, 19 |   7.5206985874205811e-05 |   7.5206985874205811e-05 | 1
 26, 20 |   6.1357238241913949e-04 |   6.1357238241913949e-04 | 1
 26, 21 |   1.2503295506607059e-03 |   1.2503295506607059e-03 | 1
 26, 22 |   1.0998610397498984e-03 |   1.0998610397498984e-03 | 1
 26, 23 |   2.2002889029007662e-05 |   2.2002889029007662e-05 | 1
 26, 24 |  -2.3233546704895004e-05 |  -2.3233546704895004e-05 | 1
 26, 25 |  -1.8358220168883561e-04 |  -1.8358220168883561e-04 | 1
 26, 26 |   2.7524540404025785e-03 |   2.7524540404025785e-03 | 1
 26, 27 |   7.4242294374663505e-05 |   7.4242294374663505e-05 | 1
 26, 28 |   9.9982011285693279e-05 |   9.9982011285693279e-05 | 1
 26, 29 |   2.8227271385510152e-04 |   2.8227271385510152e-04 | 1
 26, 30 |   1.4832596176329871e-06 |   1.4832596176329871e-06 | 1
 27,  1 |   5.5685988874557522e-05 |   5.5685988874557522e-05 | 1
 27,  2 |   2.7030776660420157e-05 |   2.7030776660420157e-05 | 1
 27,  3 |   1.0431550025019341e-04 |   1.0431550025019341e-04 | 1
 27,  4 |  -2.9720162074201831e-06 |  -2.9720162074201831e-06 | 1
 27,  5 |   3.5987928003474931e-04 |   3.5987928003474931e-04 | 1
 27,  6 |  -7.4021682755808692e-06 |  -7.4021682755808692e-06 | 1
 27,  7 |   1.2313353039688862e-04 |   1.2313353039688862e-04 | 1
 27,  8 |   2.9083623869964809e-05 |   2.9083623869964809e-05 | 1
 27,  9 |   1.4641597170354640e-05 |   1.4641597170354640e-05 | 1
 27, 10 |   1.3769035736620837e-04 |   1.3769035736620837e-04 | 1
 27, 11 |   5.8096354480462230e-05 |   5.8096354480462230e-05 | 1
 27, 12 |   1.3662671826456262e-05 |   1.3662671826456262e-05 | 1
 27, 13 |   3.8588235109513012e-06 |   3.8588235109513012e-06 | 1
 27, 14 |   2.5241186024524843e-05 |   2.5241186024524843e-05 | 1
 27, 15 |   9.8124469403600839e-05 |   9.8124469403600839e-05 | 1
 27, 16 |   2.8245447738764777e-05 |   2.8245447738764777e-05 | 1
 27, 17 |   5.6300050842029019e-05 |   5.6300050842029019e-05 | 1
 27, 18 |   9.2659449739059679e-04 |   9.2659449739059679e-04 | 1
 27, 19 |   7.0823487549536357e-05 |   7.0823487549536357e-05 | 1
 27, 20 |  -3.1188855247438977e-05 |  -3.1188855247438977e-05 | 1
 27, 21 |   4.3743670622099252e-05 |   4.3743670622099252e-05 | 1
 27, 22 |  -6.2566256287592721e-05 |  -6.2566256287592721e-05 | 1
 27, 23 |   1.1820953069383879e-04 |   1.1820953069383879e-04 | 1
 27, 24 |   8.2825937125121122e-05 |   8.2825937125121122e-05 | 1
 27, 25 |   1.7450686141425639e-04 |   1.7450686141425639e-04 | 1
 27, 26 |   7.4242294374663505e-05 |   7.4242294374663505e-05 | 1
 27, 27 |   3.5770506618317825e-03 |   3.5770506618317825e-03 | 1
 27, 28 |   7.2095120819283092e-05 |   7.2095120819283092e-05 | 1
 27, 29 |   1.3374675151606486e-04 |   1.3374675151606486e-04 | 1
 27, 30 |   1.3435432693505894e-04 |   1.3435432693505894e-04 | 1
 28,  1 |   3.9638254303879633e-05 |   3.9638254303879633e-05 | 1
 28,  2 |   1.4941347137990260e-05 |   1.4941347137990260e-05 | 1
 28,  3 |   9.6747251587047962e-05 |   9.6747251587047962e-05 | 1
 28,  4 |   2.5160360532247540e-05 |   2.5160360532247540e-05 | 1
 28,  5 |   3.7305040978377613e-04 |   3.7305040978377613e-04 | 1
 28,  6 |  -1.0246141611415692e-05 |  -1.0246141611415692e-05 | 1
 28,  7 |   1.2548352580111317e-04 |   1.2548352580111317e-04 | 1
 28,  8 |   3.6357161093635411e-05 |   3.6357161093635411e-05 | 1
 28,  9 |   1.1511900213667246e-05 |   1.1511900213667246e-05 | 1
 28, 10 |   1.5213137088700656e-04 |   1.5213137088700656e-04 | 1
 28, 11 |   7.0421609081798868e-05 |   7.0421609081798868e-05 | 1
 28, 12 |   3.6764639650749864e-05 |   3.6764639650749864e-05 | 1
 28, 13 |   1.7749928052976979e-05 |   1.7749928052976979e-05 | 1
 28, 14 |   4.1212724209091240e-05 |   4.1212724209091240e-05 | 1
 28, 15 |   1.0610371656281795e-04 |   1.0610371656281795e-04 | 1
 28, 16 |   4.8413189239667853e-05 |   4.8413189239667853e-05 | 1
 28, 17 |   6.2592491590554084e-05 |   6.2592491590554084e-05 | 1
 28, 18 |   9.2702076019927221e-04 |   9.2702076019927221e-04 | 1
 28, 19 |   6.7737452080358804e-05 |   6.7737452080358804e-05 | 1
 28, 20 |   1.6904501962326617e-06 |   1.6904501962326617e-06 | 1
 28, 21 |   8.2440519702420018e-05 |   8.2440519702420018e-05 | 1
 28, 22 |  -3.4393817423207431e-05 |  -3.4393817423207431e-05 | 1
 28, 23 |   1.4271435896635062e-04 |   1.4271435896635062e-04 | 1
 28, 24 |   9.6811206125556543e-05 |   9.6811206125556543e-05 | 1
 28, 25 |   1.9096570149137126e-04 |   1.9096570149137126e-04 | 1
 28, 26 |   9.9982011285693279e-05 |   9.9982011285693279e-05 | 1
 28, 27 |   7.2095120819283092e-05 |   7.2095120819283092e-05 | 1
 28, 28 |   2.5400376524285168e-03 |   2.5400376524285168e-03 | 1
 28, 29 |   1.6005743362229374e-04 |   1.6005743362229374e-04 | 1
 28, 30 |   1.5878309242466017e-04 |   1.5878309242466017e-04 | 1
 29,  1 |   1.0556224212440258e-04 |   1.0556224212440258e-04 | 1
 29,  2 |   6.9511724458260518e-05 |   6.9511724458260518e-05 | 1
 29,  3 |   1.9730994551923195e-04 |   1.9730994551923195e-04 | 1
 29,  4 |   5.9673083767940795e-05 |   5.9673083767940795e-05 | 1
 29,  5 |   4.2688483032449643e-04 |   4.2688483032449643e-04 | 1
 29,  6 |  -7.0930985512904750e-06 |  -7.0930985512904750e-06 | 1
 29,  7 |   1.9220095884627723e-04 |   1.9220095884627723e-04 | 1
 29,  8 |   6.9518744657608993e-05 |   6.9518744657608993e-05 | 1
 29,  9 |   6.5019642392655490e-05 |   6.5019642392655490e-05 | 1
 29, 10 |   2.9116847530394010e-04 |   2.9116847530394010e-04 | 1
 29, 11 |   2.1827214364285145e-04 |   2.1827214364285145e-04 | 1
 29, 12 |   6.1008205850657859e-05 |   6.1008205850657859e-05 | 1
 29, 13 |   1.1008505453779984e-04 |   1.1008505453779984e-04 | 1
 29, 14 |   1.2059210138764366e-04 |   1.2059210138764366e-04 | 1
 29, 15 |   1.8424886870895202e-04 |   1.8424886870895202e-04 | 1
 29, 16 |   1.1445313759046673e-04 |   1.1445313759046673e-04 | 1
 29, 17 |   1.0930234939098089e-04 |   1.0930234939098089e-04 | 1
 29, 18 |   7.6276156493839363e-04 |   7.6276156493839363e-04 | 1
 29, 19 |   1.2504046750273648e-04 |   1.2504046750273648e-04 | 1
 29, 20 |   7.4754159530199065e-05 |   7.4754159530199065e-05 | 1
 29, 21 |   3.1607534730217755e-04 |   3.1607534730217755e-04 | 1
 29, 22 |   1.0156738951793386e-04 |   1.0156738951793386e-04 | 1
 29, 23 |   2.2720727559293779e-04 |   2.2720727559293779e-04 | 1
 29, 24 |   1.2873559183655198e-04 |   1.2873559183655198e-04 | 1
 29, 25 |   2.7337514768065304e-04 |   2.7337514768065304e-04 | 1
 29, 26 |   2.8227271385510152e-04 |   2.8227271385510152e-04 | 1
 29, 27 |   1.3374675151606486e-04 |   1.3374675151606486e-04 | 1
 29, 28 |   1.6005743362229374e-04 |   1.6005743362229374e-04 | 1
 29, 29 |   9.6461444562577266e-03 |   9.6461444562577266e-03 | 1
 29, 30 |   2.4324939590907225e-04 |   2.4324939590907225e-04 | 1
 30,  1 |   7.7064271409214919e-05 |   7.7064271409214919e-05 | 1
 30,  2 |   6.8570116262692618e-07 |   6.8570116262692618e-07 | 1
 30,  3 |   1.8590196609681738e-04 |   1.8590196609681738e-04 | 1
 30,  4 |   6.8411190840586382e-06 |   6.8411190840586382e-06 | 1
 30,  5 |   9.8909024526143072e-04 |   9.8909024526143072e-04 | 1
 30,  6 |   7.2617909361531036e-06 |   7.2617909361531036e-06 | 1
 30,  7 |   2.9867068019251604e-04 |   2.9867068019251604e-04 | 1
 30,  8 |   2.7968286724190357e-05 |   2.7968286724190357e-05 | 1
 30,  9 |  -2.4952843208540061e-05 |  -2.4952843208540061e-05 | 1
 30, 10 |   2.5538526954916989e-04 |   2.5538526954916989e-04 | 1
 30, 11 |   2.7276954244603163e-06 |   2.7276954244603163e-06 | 1
 30, 12 |   3.7410686580485481e-05 |   3.7410686580485481e-05 | 1
 30, 13 |  -7.1533445065730290e-05 |  -7.1533445065730290e-05 | 1
 30, 14 |  -3.7671204173423366e-06 |  -3.7671204173423366e-06 | 1
 30, 15 |   2.1864842790580551e-04 |   2.1864842790580551e-04 | 1
 30, 16 |  -2.6108240995146963e-05 |  -2.6108240995146963e-05 | 1
 30, 17 |   9.0450196614998862e-05 |   9.0450196614998862e-05 | 1
 30, 18 |   2.8388651536412207e-03 |   2.8388651536412207e-03 | 1
 30, 19 |   1.2457176447800355e-04 |   1.2457176447800355e-04 | 1
 30, 20 |  -1.4827567732307503e-04 |  -1.4827567732307503e-04 | 1
 30, 21 |  -1.2373299048773490e-04 |  -1.2373299048773490e-04 | 1
 30, 22 |  -3.1995179588278216e-04 |  -3.1995179588278216e-04 | 1
 30, 23 |   2.6274527232993941e-04 |   2.6274527232993941e-04 | 1
 30, 24 |   1.7317643406201478e-04 |   1.7317643406201478e-04 | 1
 30, 25 |   4.0168101469837281e-04 |   4.0168101469837281e-04 | 1
 30, 26 |   1.4832596176329871e-06 |   1.4832596176329871e-06 | 1
 30, 27 |   1.3435432693505894e-04 |   1.3435432693505894e-04 | 1
 30, 28 |   1.5878309242466017e-04 |   1.5878309242466017e-04 | 1
 30, 29 |   2.4324939590907225e-04 |   2.4324939590907225e-04 | 1
 30, 30 |   3.1724032837618251e-03 |   3.1724032837618251e-03 | 1
