row,col | V_base                   | V_new                    | equal
  1,  1 |   2.0230776119823063e-03 |   2.0230776119823063e-03 | 1
  1,  2 |   6.9376006180821444e-04 |   6.9376006180821444e-04 | 1
  1,  3 |   5.5129692553291587e+00 |   5.5129692553291587e+00 | 1
  1,  4 |   3.1462824070798254e-03 |   3.1462824070798254e-03 | 1
  1,  5 |   2.5749054134919518e-03 |   2.5749054134919518e-03 | 1
  1,  6 |   3.5725388567479296e-03 |   3.5725388567479296e-03 | 1
  1,  7 |   3.0158551421899395e-03 |   3.0158551421899395e-03 | 1
  1,  8 |   8.6208824301390718e-04 |   8.6208824301390718e-04 | 1
  1,  9 |  -1.6324778358746877e-04 |  -1.6324778358746877e-04 | 1
  1, 10 |  -3.5230163333390741e-03 |  -3.5230163333390741e-03 | 1
  1, 11 |  -1.0223166018266958e-03 |  -1.0223166018266958e-03 | 1
  1, 12 |  -1.4938113794325547e-03 |  -1.4938113794325547e-03 | 1
  1, 13 |   2.4558304705365255e-03 |   2.4558304705365255e-03 | 1
  1, 14 |  -2.5003100831418315e-03 |  -2.5003100831418315e-03 | 1
  2,  1 |   6.9376006180821444e-04 |   6.9376006180821444e-04 | 1
  2,  2 |   5.9465535589062514e-03 |   5.9465535589062514e-03 | 1
  2,  3 |  -4.8515473058787961e+00 |  -4.8515473058787961e+00 | 1
  2,  4 |   9.3079662841306643e-03 |   9.3079662841306643e-03 | 1
  2,  5 |   1.2710885386673330e-03 |   1.2710885386673330e-03 | 1
  2,  6 |   1.0704896697272170e-03 |   1.0704896697272170e-03 | 1
  2,  7 |   1.2122597435196246e-03 |   1.2122597435196246e-03 | 1
  2,  8 |  -2.3431305166933215e-03 |  -2.3431305166933215e-03 | 1
  2,  9 |   3.7687449045569453e-04 |   3.7687449045569453e-04 | 1
  2, 10 |   1.8985463813257778e-02 |   1.8985463813257778e-02 | 1
  2, 11 |   2.5981834613677526e-04 |   2.5981834613677526e-04 | 1
  2, 12 |   3.0152542767269356e-04 |   3.0152542767269356e-04 | 1
  2, 13 |   1.5162147486322700e-03 |   1.5162147486322700e-03 | 1
  2, 14 |   8.2684811271553013e-03 |   8.2684811271553013e-03 | 1
  3,  1 |   5.5129692553291587e+00 |   5.5129692553291587e+00 | 1
  3,  2 |  -4.8515473058787961e+00 |  -4.8515473058787961e+00 | 1
  3,  3 |   8.2788610946610468e+04 |   8.2788610946610468e+04 | 1
  3,  4 |  -3.5197807655695357e+01 |  -3.5197807655695357e+01 | 1
  3,  5 |   2.2049538332857448e+01 |   2.2049538332857448e+01 | 1
  3,  6 |   1.1274560491518063e+01 |   1.1274560491518063e+01 | 1
  3,  7 |   2.2215145523167909e+01 |   2.2215145523167909e+01 | 1
  3,  8 |   8.9645572583298474e+00 |   8.9645572583298474e+00 | 1
  3,  9 |   3.1092970824107957e-01 |   3.1092970824107957e-01 | 1
  3, 10 |  -4.6020245621434611e+01 |  -4.6020245621434611e+01 | 1
  3, 11 |  -8.6049740655456173e+00 |  -8.6049740655456173e+00 | 1
  3, 12 |  -1.3788428136128877e+01 |  -1.3788428136128877e+01 | 1
  3, 13 |   9.0750937209774385e+00 |   9.0750937209774385e+00 | 1
  3, 14 |  -1.7657608791385812e+01 |  -1.7657608791385812e+01 | 1
  4,  1 |   3.1462824070798254e-03 |   3.1462824070798254e-03 | 1
  4,  2 |   9.3079662841306643e-03 |   9.3079662841306643e-03 | 1
  4,  3 |  -3.5197807655695357e+01 |  -3.5197807655695357e+01 | 1
  4,  4 |   8.5652060572252053e-02 |   8.5652060572252053e-02 | 1
  4,  5 |  -2.0270738730450814e-03 |  -2.0270738730450814e-03 | 1
  4,  6 |   1.0714813106729351e-02 |   1.0714813106729351e-02 | 1
  4,  7 |  -1.0937726388745355e-03 |  -1.0937726388745355e-03 | 1
  4,  8 |  -3.0890648402255054e-03 |  -3.0890648402255054e-03 | 1
  4,  9 |  -4.6966501484031371e-03 |  -4.6966501484031371e-03 | 1
  4, 10 |   3.7679901095782703e-02 |   3.7679901095782703e-02 | 1
  4, 11 |   1.2714699597430675e-03 |   1.2714699597430675e-03 | 1
  4, 12 |   2.7146860485436201e-03 |   2.7146860485436201e-03 | 1
  4, 13 |   2.5078016403157154e-03 |   2.5078016403157154e-03 | 1
  4, 14 |   6.5595115736294647e-03 |   6.5595115736294647e-03 | 1
  5,  1 |   2.5749054134919518e-03 |   2.5749054134919518e-03 | 1
  5,  2 |   1.2710885386673330e-03 |   1.2710885386673330e-03 | 1
  5,  3 |   2.2049538332857448e+01 |   2.2049538332857448e+01 | 1
  5,  4 |  -2.0270738730450814e-03 |  -2.0270738730450814e-03 | 1
  5,  5 |   8.4000688729280043e-03 |   8.4000688729280043e-03 | 1
  5,  6 |   6.5427762268893373e-03 |   6.5427762268893373e-03 | 1
  5,  7 |   7.9900654460278234e-03 |   7.9900654460278234e-03 | 1
  5,  8 |   2.2763173042777856e-03 |   2.2763173042777856e-03 | 1
  5,  9 |   1.6387963445873557e-04 |   1.6387963445873557e-04 | 1
  5, 10 |  -6.3333039835980123e-03 |  -6.3333039835980123e-03 | 1
  5, 11 |  -2.9927757519036366e-03 |  -2.9927757519036366e-03 | 1
  5, 12 |  -4.6691418793544971e-03 |  -4.6691418793544971e-03 | 1
  5, 13 |   4.0041913183710065e-03 |   4.0041913183710065e-03 | 1
  5, 14 |  -2.4381506097797745e-03 |  -2.4381506097797745e-03 | 1
  6,  1 |   3.5725388567479296e-03 |   3.5725388567479296e-03 | 1
  6,  2 |   1.0704896697272170e-03 |   1.0704896697272170e-03 | 1
  6,  3 |   1.1274560491518063e+01 |   1.1274560491518063e+01 | 1
  6,  4 |   1.0714813106729351e-02 |   1.0714813106729351e-02 | 1
  6,  5 |   6.5427762268893373e-03 |   6.5427762268893373e-03 | 1
  6,  6 |   1.5018717407748579e-02 |   1.5018717407748579e-02 | 1
  6,  7 |   7.1889208135441276e-03 |   7.1889208135441276e-03 | 1
  6,  8 |   2.9980487975021699e-03 |   2.9980487975021699e-03 | 1
  6,  9 |   8.6013618498695615e-04 |   8.6013618498695615e-04 | 1
  6, 10 |  -1.4096555708544369e-02 |  -1.4096555708544369e-02 | 1
  6, 11 |  -3.3194905633616694e-03 |  -3.3194905633616694e-03 | 1
  6, 12 |  -4.6006920550305998e-03 |  -4.6006920550305998e-03 | 1
  6, 13 |   4.5300616428013566e-03 |   4.5300616428013566e-03 | 1
  6, 14 |  -4.6605511863030717e-03 |  -4.6605511863030717e-03 | 1
  7,  1 |   3.0158551421899395e-03 |   3.0158551421899395e-03 | 1
  7,  2 |   1.2122597435196246e-03 |   1.2122597435196246e-03 | 1
  7,  3 |   2.2215145523167909e+01 |   2.2215145523167909e+01 | 1
  7,  4 |  -1.0937726388745355e-03 |  -1.0937726388745355e-03 | 1
  7,  5 |   7.9900654460278234e-03 |   7.9900654460278234e-03 | 1
  7,  6 |   7.1889208135441276e-03 |   7.1889208135441276e-03 | 1
  7,  7 |   1.1265494730131820e-02 |   1.1265494730131820e-02 | 1
  7,  8 |   2.4690085729391306e-03 |   2.4690085729391306e-03 | 1
  7,  9 |  -1.7731713988596484e-04 |  -1.7731713988596484e-04 | 1
  7, 10 |  -1.0154951885373836e-02 |  -1.0154951885373836e-02 | 1
  7, 11 |  -2.9119973019784834e-03 |  -2.9119973019784834e-03 | 1
  7, 12 |  -4.8477057519714798e-03 |  -4.8477057519714798e-03 | 1
  7, 13 |   5.0710457521393037e-03 |   5.0710457521393037e-03 | 1
  7, 14 |  -5.1144992908528945e-03 |  -5.1144992908528945e-03 | 1
  8,  1 |   8.6208824301390718e-04 |   8.6208824301390718e-04 | 1
  8,  2 |  -2.3431305166933215e-03 |  -2.3431305166933215e-03 | 1
  8,  3 |   8.9645572583298474e+00 |   8.9645572583298474e+00 | 1
  8,  4 |  -3.0890648402255054e-03 |  -3.0890648402255054e-03 | 1
  8,  5 |   2.2763173042777856e-03 |   2.2763173042777856e-03 | 1
  8,  6 |   2.9980487975021699e-03 |   2.9980487975021699e-03 | 1
  8,  7 |   2.4690085729391306e-03 |   2.4690085729391306e-03 | 1
  8,  8 |   2.2115396959071069e-03 |   2.2115396959071069e-03 | 1
  8,  9 |  -3.1778602530575719e-04 |  -3.1778602530575719e-04 | 1
  8, 10 |  -1.3721367219106211e-02 |  -1.3721367219106211e-02 | 1
  8, 11 |  -1.1772109024331310e-03 |  -1.1772109024331310e-03 | 1
  8, 12 |  -1.7747462027270702e-03 |  -1.7747462027270702e-03 | 1
  8, 13 |   8.7440071711427985e-04 |   8.7440071711427985e-04 | 1
  8, 14 |  -5.8522795172723848e-03 |  -5.8522795172723848e-03 | 1
  9,  1 |  -1.6324778358746877e-04 |  -1.6324778358746877e-04 | 1
  9,  2 |   3.7687449045569453e-04 |   3.7687449045569453e-04 | 1
  9,  3 |   3.1092970824107957e-01 |   3.1092970824107957e-01 | 1
  9,  4 |  -4.6966501484031371e-03 |  -4.6966501484031371e-03 | 1
  9,  5 |   1.6387963445873557e-04 |   1.6387963445873557e-04 | 1
  9,  6 |   8.6013618498695615e-04 |   8.6013618498695615e-04 | 1
  9,  7 |  -1.7731713988596484e-04 |  -1.7731713988596484e-04 | 1
  9,  8 |  -3.1778602530575719e-04 |  -3.1778602530575719e-04 | 1
  9,  9 |   3.1290135381641369e-03 |   3.1290135381641369e-03 | 1
  9, 10 |  -7.2988699476405411e-03 |  -7.2988699476405411e-03 | 1
  9, 11 |  -4.2351607812848282e-04 |  -4.2351607812848282e-04 | 1
  9, 12 |  -5.4927081469918391e-04 |  -5.4927081469918391e-04 | 1
  9, 13 |   2.1849043587116637e-04 |   2.1849043587116637e-04 | 1
  9, 14 |   2.4758517371805643e-03 |   2.4758517371805643e-03 | 1
 10,  1 |  -3.5230163333390741e-03 |  -3.5230163333390741e-03 | 1
 10,  2 |   1.8985463813257778e-02 |   1.8985463813257778e-02 | 1
 10,  3 |  -4.6020245621434611e+01 |  -4.6020245621434611e+01 | 1
 10,  4 |   3.7679901095782703e-02 |   3.7679901095782703e-02 | 1
 10,  5 |  -6.3333039835980123e-03 |  -6.3333039835980123e-03 | 1
 10,  6 |  -1.4096555708544369e-02 |  -1.4096555708544369e-02 | 1
 10,  7 |  -1.0154951885373836e-02 |  -1.0154951885373836e-02 | 1
 10,  8 |  -1.3721367219106211e-02 |  -1.3721367219106211e-02 | 1
 10,  9 |  -7.2988699476405411e-03 |  -7.2988699476405411e-03 | 1
 10, 10 |   1.6332836401885020e-01 |   1.6332836401885020e-01 | 1
 10, 11 |   5.7192688102852308e-03 |   5.7192688102852308e-03 | 1
 10, 12 |   8.2455610685266238e-03 |   8.2455610685266238e-03 | 1
 10, 13 |  -3.1054353898086590e-03 |  -3.1054353898086590e-03 | 1
 10, 14 |   4.5778392738673832e-02 |   4.5778392738673832e-02 | 1
 11,  1 |  -1.0223166018266958e-03 |  -1.0223166018266958e-03 | 1
 11,  2 |   2.5981834613677526e-04 |   2.5981834613677526e-04 | 1
 11,  3 |  -8.6049740655456173e+00 |  -8.6049740655456173e+00 | 1
 11,  4 |   1.2714699597430675e-03 |   1.2714699597430675e-03 | 1
 11,  5 |  -2.9927757519036366e-03 |  -2.9927757519036366e-03 | 1
 11,  6 |  -3.3194905633616694e-03 |  -3.3194905633616694e-03 | 1
 11,  7 |  -2.9119973019784834e-03 |  -2.9119973019784834e-03 | 1
 11,  8 |  -1.1772109024331310e-03 |  -1.1772109024331310e-03 | 1
 11,  9 |  -4.2351607812848282e-04 |  -4.2351607812848282e-04 | 1
 11, 10 |   5.7192688102852308e-03 |   5.7192688102852308e-03 | 1
 11, 11 |   1.3830920131568992e-03 |   1.3830920131568992e-03 | 1
 11, 12 |   1.9667844991128501e-03 |   1.9667844991128501e-03 | 1
 11, 13 |  -1.5142680653733587e-03 |  -1.5142680653733587e-03 | 1
 11, 14 |   1.8314823475912932e-03 |   1.8314823475912932e-03 | 1
 12,  1 |  -1.4938113794325547e-03 |  -1.4938113794325547e-03 | 1
 12,  2 |   3.0152542767269356e-04 |   3.0152542767269356e-04 | 1
 12,  3 |  -1.3788428136128877e+01 |  -1.3788428136128877e+01 | 1
 12,  4 |   2.7146860485436201e-03 |   2.7146860485436201e-03 | 1
 12,  5 |  -4.6691418793544971e-03 |  -4.6691418793544971e-03 | 1
 12,  6 |  -4.6006920550305998e-03 |  -4.6006920550305998e-03 | 1
 12,  7 |  -4.8477057519714798e-03 |  -4.8477057519714798e-03 | 1
 12,  8 |  -1.7747462027270702e-03 |  -1.7747462027270702e-03 | 1
 12,  9 |  -5.4927081469918391e-04 |  -5.4927081469918391e-04 | 1
 12, 10 |   8.2455610685266238e-03 |   8.2455610685266238e-03 | 1
 12, 11 |   1.9667844991128501e-03 |   1.9667844991128501e-03 | 1
 12, 12 |   3.0912342160348029e-03 |   3.0912342160348029e-03 | 1
 12, 13 |  -2.2894708470265427e-03 |  -2.2894708470265427e-03 | 1
 12, 14 |   2.6462983945547327e-03 |   2.6462983945547327e-03 | 1
 13,  1 |   2.4558304705365255e-03 |   2.4558304705365255e-03 | 1
 13,  2 |   1.5162147486322700e-03 |   1.5162147486322700e-03 | 1
 13,  3 |   9.0750937209774385e+00 |   9.0750937209774385e+00 | 1
 13,  4 |   2.5078016403157154e-03 |   2.5078016403157154e-03 | 1
 13,  5 |   4.0041913183710065e-03 |   4.0041913183710065e-03 | 1
 13,  6 |   4.5300616428013566e-03 |   4.5300616428013566e-03 | 1
 13,  7 |   5.0710457521393037e-03 |   5.0710457521393037e-03 | 1
 13,  8 |   8.7440071711427985e-04 |   8.7440071711427985e-04 | 1
 13,  9 |   2.1849043587116637e-04 |   2.1849043587116637e-04 | 1
 13, 10 |  -3.1054353898086590e-03 |  -3.1054353898086590e-03 | 1
 13, 11 |  -1.5142680653733587e-03 |  -1.5142680653733587e-03 | 1
 13, 12 |  -2.2894708470265427e-03 |  -2.2894708470265427e-03 | 1
 13, 13 |   3.6385088047592665e-03 |   3.6385088047592665e-03 | 1
 13, 14 |  -2.1452467762786750e-03 |  -2.1452467762786750e-03 | 1
 14,  1 |  -2.5003100831418315e-03 |  -2.5003100831418315e-03 | 1
 14,  2 |   8.2684811271553013e-03 |   8.2684811271553013e-03 | 1
 14,  3 |  -1.7657608791385812e+01 |  -1.7657608791385812e+01 | 1
 14,  4 |   6.5595115736294647e-03 |   6.5595115736294647e-03 | 1
 14,  5 |  -2.4381506097797745e-03 |  -2.4381506097797745e-03 | 1
 14,  6 |  -4.6605511863030717e-03 |  -4.6605511863030717e-03 | 1
 14,  7 |  -5.1144992908528945e-03 |  -5.1144992908528945e-03 | 1
 14,  8 |  -5.8522795172723848e-03 |  -5.8522795172723848e-03 | 1
 14,  9 |   2.4758517371805643e-03 |   2.4758517371805643e-03 | 1
 14, 10 |   4.5778392738673832e-02 |   4.5778392738673832e-02 | 1
 14, 11 |   1.8314823475912932e-03 |   1.8314823475912932e-03 | 1
 14, 12 |   2.6462983945547327e-03 |   2.6462983945547327e-03 | 1
 14, 13 |  -2.1452467762786750e-03 |  -2.1452467762786750e-03 | 1
 14, 14 |   2.2580808265600220e-02 |   2.2580808265600220e-02 | 1
