row,col | V_base                   | V_new                    | equal
  1,  1 |   4.5295455840869172e-04 |   4.5295455840869172e-04 | 1
  1,  2 |   3.1563045519328591e-04 |   3.1563045519328591e-04 | 1
  1,  3 |   3.4664132149248288e-04 |   3.4664132149248288e-04 | 1
  1,  4 |   4.5514913251040701e-04 |   4.5514913251040701e-04 | 1
  1,  5 |   7.6145503828049907e-04 |   7.6145503828049907e-04 | 1
  1,  6 |   9.5379999815253791e-05 |   9.5379999815253791e-05 | 1
  1,  7 |   5.9457550452972688e-04 |   5.9457550452972688e-04 | 1
  1,  8 |   4.6462516399374803e-04 |   4.6462516399374803e-04 | 1
  1,  9 |   2.5551311536746370e-04 |   2.5551311536746370e-04 | 1
  1, 10 |  -6.2613734596188503e-05 |  -6.2613734596188503e-05 | 1
  1, 11 |   1.2938437532251918e-04 |   1.2938437532251918e-04 | 1
  1, 12 |   4.3779411517014233e-04 |   4.3779411517014233e-04 | 1
  2,  1 |   3.1563045519328591e-04 |   3.1563045519328591e-04 | 1
  2,  2 |   7.5610595774298212e-04 |   7.5610595774298212e-04 | 1
  2,  3 |   6.3479357431528482e-04 |   6.3479357431528482e-04 | 1
  2,  4 |   3.1457892050220455e-04 |   3.1457892050220455e-04 | 1
  2,  5 |  -4.5489059334782671e-04 |  -4.5489059334782671e-04 | 1
  2,  6 |   1.4838184538710623e-03 |   1.4838184538710623e-03 | 1
  2,  7 |  -4.4100408579050273e-05 |  -4.4100408579050273e-05 | 1
  2,  8 |   2.9488784722030690e-04 |   2.9488784722030690e-04 | 1
  2,  9 |   9.4517668224437931e-04 |   9.4517668224437931e-04 | 1
  2, 10 |   1.8488804062419570e-03 |   1.8488804062419570e-03 | 1
  2, 11 |   1.3552397026575624e-03 |   1.3552397026575624e-03 | 1
  2, 12 |   4.4671232617680013e-04 |   4.4671232617680013e-04 | 1
  3,  1 |   3.4664132149248288e-04 |   3.4664132149248288e-04 | 1
  3,  2 |   6.3479357431528482e-04 |   6.3479357431528482e-04 | 1
  3,  3 |   5.8796697898832583e-04 |   5.8796697898832583e-04 | 1
  3,  4 |   3.4807172691041026e-04 |   3.4807172691041026e-04 | 1
  3,  5 |  -1.9176029079049901e-04 |  -1.9176029079049901e-04 | 1
  3,  6 |   1.1915744919545265e-03 |   1.1915744919545265e-03 | 1
  3,  7 |   9.5717435748427458e-05 |   9.5717435748427458e-05 | 1
  3,  8 |   3.3465114489477445e-04 |   3.3465114489477445e-04 | 1
  3,  9 |   8.0177603272069565e-04 |   8.0177603272069565e-04 | 1
  3, 10 |   1.4449314672789924e-03 |   1.4449314672789924e-03 | 1
  3, 11 |   1.0976292147714191e-03 |   1.0976292147714191e-03 | 1
  3, 12 |   4.4852786804519627e-04 |   4.4852786804519627e-04 | 1
  4,  1 |   4.5514913251040701e-04 |   4.5514913251040701e-04 | 1
  4,  2 |   3.1457892050220455e-04 |   3.1457892050220455e-04 | 1
  4,  3 |   3.4807172691041026e-04 |   3.4807172691041026e-04 | 1
  4,  4 |   5.7125481442026733e-04 |   5.7125481442026733e-04 | 1
  4,  5 |   7.9632698283909112e-04 |   7.9632698283909112e-04 | 1
  4,  6 |   7.3385478455779122e-05 |   7.3385478455779122e-05 | 1
  4,  7 |   6.1644223090915945e-04 |   6.1644223090915945e-04 | 1
  4,  8 |   4.7608740905805624e-04 |   4.7608740905805624e-04 | 1
  4,  9 |   2.4840868340219463e-04 |   2.4840868340219463e-04 | 1
  4, 10 |  -9.6519113916141333e-05 |  -9.6519113916141333e-05 | 1
  4, 11 |   1.1075396288045639e-04 |   1.1075396288045639e-04 | 1
  4, 12 |   4.4570057849322922e-04 |   4.4570057849322922e-04 | 1
  5,  1 |   7.6145503828049907e-04 |   7.6145503828049907e-04 | 1
  5,  2 |  -4.5489059334782671e-04 |  -4.5489059334782671e-04 | 1
  5,  3 |  -1.9176029079049901e-04 |  -1.9176029079049901e-04 | 1
  5,  4 |   7.9632698283909112e-04 |   7.9632698283909112e-04 | 1
  5,  5 |   3.3139315864870308e-03 |   3.3139315864870308e-03 | 1
  5,  6 |  -2.6968017765426717e-03 |  -2.6968017765426717e-03 | 1
  5,  7 |   1.9592273603448573e-03 |   1.9592273603448573e-03 | 1
  5,  8 |   8.6591185288448257e-04 |   8.6591185288448257e-04 | 1
  5,  9 |  -1.1052041455826066e-03 |  -1.1052041455826066e-03 | 1
  5, 10 |  -3.9311672431091346e-03 |  -3.9311672431091346e-03 | 1
  5, 11 |  -2.3302236583482424e-03 |  -2.3302236583482424e-03 | 1
  5, 12 |   4.7482225501699912e-04 |   4.7482225501699912e-04 | 1
  6,  1 |   9.5379999815253791e-05 |   9.5379999815253791e-05 | 1
  6,  2 |   1.4838184538710623e-03 |   1.4838184538710623e-03 | 1
  6,  3 |   1.1915744919545265e-03 |   1.1915744919545265e-03 | 1
  6,  4 |   7.3385478455779122e-05 |   7.3385478455779122e-05 | 1
  6,  5 |  -2.6968017765426717e-03 |  -2.6968017765426717e-03 | 1
  6,  6 |   4.0899203322637993e-03 |   4.0899203322637993e-03 | 1
  6,  7 |  -1.2117649946337935e-03 |  -1.2117649946337935e-03 | 1
  6,  8 |  -5.2955186891364645e-07 |  -5.2955186891364645e-07 | 1
  6,  9 |   2.2497873398490808e-03 |   2.2497873398490808e-03 | 1
  6, 10 |   5.4273653865455577e-03 |   5.4273653865455577e-03 | 1
  6, 11 |   3.6583548878937012e-03 |   3.6583548878937012e-03 | 1
  6, 12 |   4.8472044497210572e-04 |   4.8472044497210572e-04 | 1
  7,  1 |   5.9457550452972688e-04 |   5.9457550452972688e-04 | 1
  7,  2 |  -4.4100408579050273e-05 |  -4.4100408579050273e-05 | 1
  7,  3 |   9.5717435748427458e-05 |   9.5717435748427458e-05 | 1
  7,  4 |   6.1644223090915945e-04 |   6.1644223090915945e-04 | 1
  7,  5 |   1.9592273603448573e-03 |   1.9592273603448573e-03 | 1
  7,  6 |  -1.2117649946337935e-03 |  -1.2117649946337935e-03 | 1
  7,  7 |   1.2480431091606576e-03 |   1.2480431091606576e-03 | 1
  7,  8 |   6.5411200074032088e-04 |   6.5411200074032088e-04 | 1
  7,  9 |  -3.8080831019659509e-04 |  -3.8080831019659509e-04 | 1
  7, 10 |  -1.8743271188050720e-03 |  -1.8743271188050720e-03 | 1
  7, 11 |  -1.0219017919439149e-03 |  -1.0219017919439149e-03 | 1
  7, 12 |   4.5665191508137740e-04 |   4.5665191508137740e-04 | 1
  8,  1 |   4.6462516399374803e-04 |   4.6462516399374803e-04 | 1
  8,  2 |   2.9488784722030690e-04 |   2.9488784722030690e-04 | 1
  8,  3 |   3.3465114489477445e-04 |   3.3465114489477445e-04 | 1
  8,  4 |   4.7608740905805624e-04 |   4.7608740905805624e-04 | 1
  8,  5 |   8.6591185288448257e-04 |   8.6591185288448257e-04 | 1
  8,  6 |  -5.2955186891364645e-07 |  -5.2955186891364645e-07 | 1
  8,  7 |   6.5411200074032088e-04 |   6.5411200074032088e-04 | 1
  8,  8 |   6.5619728965528540e-04 |   6.5619728965528540e-04 | 1
  8,  9 |   2.1292809734697004e-04 |   2.1292809734697004e-04 | 1
  8, 10 |  -1.9931228838204507e-04 |  -1.9931228838204507e-04 | 1
  8, 11 |   4.5843732077714721e-05 |   4.5843732077714721e-05 | 1
  8, 12 |   4.4775511981906774e-04 |   4.4775511981906774e-04 | 1
  9,  1 |   2.5551311536746370e-04 |   2.5551311536746370e-04 | 1
  9,  2 |   9.4517668224437931e-04 |   9.4517668224437931e-04 | 1
  9,  3 |   8.0177603272069565e-04 |   8.0177603272069565e-04 | 1
  9,  4 |   2.4840868340219463e-04 |   2.4840868340219463e-04 | 1
  9,  5 |  -1.1052041455826066e-03 |  -1.1052041455826066e-03 | 1
  9,  6 |   2.2497873398490808e-03 |   2.2497873398490808e-03 | 1
  9,  7 |  -3.8080831019659509e-04 |  -3.8080831019659509e-04 | 1
  9,  8 |   2.1292809734697004e-04 |   2.1292809734697004e-04 | 1
  9,  9 |   1.6488797091763138e-03 |   1.6488797091763138e-03 | 1
  9, 10 |   2.8987032172212062e-03 |   2.8987032172212062e-03 | 1
  9, 11 |   2.0326581187387009e-03 |   2.0326581187387009e-03 | 1
  9, 12 |   4.6233838691334963e-04 |   4.6233838691334963e-04 | 1
 10,  1 |  -6.2613734596188503e-05 |  -6.2613734596188503e-05 | 1
 10,  2 |   1.8488804062419570e-03 |   1.8488804062419570e-03 | 1
 10,  3 |   1.4449314672789924e-03 |   1.4449314672789924e-03 | 1
 10,  4 |  -9.6519113916141333e-05 |  -9.6519113916141333e-05 | 1
 10,  5 |  -3.9311672431091346e-03 |  -3.9311672431091346e-03 | 1
 10,  6 |   5.4273653865455577e-03 |   5.4273653865455577e-03 | 1
 10,  7 |  -1.8743271188050720e-03 |  -1.8743271188050720e-03 | 1
 10,  8 |  -1.9931228838204507e-04 |  -1.9931228838204507e-04 | 1
 10,  9 |   2.8987032172212062e-03 |   2.8987032172212062e-03 | 1
 10, 10 |   7.6704040338925602e-03 |   7.6704040338925602e-03 | 1
 10, 11 |   4.8358649123403678e-03 |   4.8358649123403678e-03 | 1
 10, 12 |   4.6092589237121582e-04 |   4.6092589237121582e-04 | 1
 11,  1 |   1.2938437532251918e-04 |   1.2938437532251918e-04 | 1
 11,  2 |   1.3552397026575624e-03 |   1.3552397026575624e-03 | 1
 11,  3 |   1.0976292147714191e-03 |   1.0976292147714191e-03 | 1
 11,  4 |   1.1075396288045639e-04 |   1.1075396288045639e-04 | 1
 11,  5 |  -2.3302236583482424e-03 |  -2.3302236583482424e-03 | 1
 11,  6 |   3.6583548878937012e-03 |   3.6583548878937012e-03 | 1
 11,  7 |  -1.0219017919439149e-03 |  -1.0219017919439149e-03 | 1
 11,  8 |   4.5843732077714721e-05 |   4.5843732077714721e-05 | 1
 11,  9 |   2.0326581187387009e-03 |   2.0326581187387009e-03 | 1
 11, 10 |   4.8358649123403678e-03 |   4.8358649123403678e-03 | 1
 11, 11 |   3.3348216178031550e-03 |   3.3348216178031550e-03 | 1
 11, 12 |   4.7607197729594123e-04 |   4.7607197729594123e-04 | 1
 12,  1 |   4.3779411517014233e-04 |   4.3779411517014233e-04 | 1
 12,  2 |   4.4671232617680013e-04 |   4.4671232617680013e-04 | 1
 12,  3 |   4.4852786804519627e-04 |   4.4852786804519627e-04 | 1
 12,  4 |   4.4570057849322922e-04 |   4.4570057849322922e-04 | 1
 12,  5 |   4.7482225501699912e-04 |   4.7482225501699912e-04 | 1
 12,  6 |   4.8472044497210572e-04 |   4.8472044497210572e-04 | 1
 12,  7 |   4.5665191508137740e-04 |   4.5665191508137740e-04 | 1
 12,  8 |   4.4775511981906774e-04 |   4.4775511981906774e-04 | 1
 12,  9 |   4.6233838691334963e-04 |   4.6233838691334963e-04 | 1
 12, 10 |   4.6092589237121582e-04 |   4.6092589237121582e-04 | 1
 12, 11 |   4.7607197729594123e-04 |   4.7607197729594123e-04 | 1
 12, 12 |   5.4586794584546489e-04 |   5.4586794584546489e-04 | 1
