row,col | V_base                   | V_new                    | equal
  1,  1 |   3.2225727738890514e-04 |   3.2225727738890514e-04 | 1
  1,  2 |   2.6397138417685813e-04 |   2.6397138417685813e-04 | 1
  1,  3 |   7.8147265350113023e-04 |   7.8147265350113023e-04 | 1
  1,  4 |   2.9411453920457015e-04 |   2.9411453920457015e-04 | 1
  1,  5 |   2.8921444553916311e-04 |   2.8921444553916311e-04 | 1
  1,  6 |   3.2462560548795067e-04 |   3.2462560548795067e-04 | 1
  1,  7 |   3.1095442789481182e-04 |   3.1095442789481182e-04 | 1
  1,  8 |   2.0514557130530861e-05 |   2.0514557130530861e-05 | 1
  1,  9 |   4.2708430445959108e-05 |   4.2708430445959108e-05 | 1
  1, 10 |   1.6324952642202139e-04 |   1.6324952642202139e-04 | 1
  1, 11 |  -1.6062852724890803e-05 |  -1.6062852724890803e-05 | 1
  1, 12 |  -1.2173443198510081e-05 |  -1.2173443198510081e-05 | 1
  1, 13 |  -7.2397710992577982e-05 |  -7.2397710992577982e-05 | 1
  1, 14 |  -4.4289312623648383e-08 |  -4.4289312623648383e-08 | 1
  1, 15 |  -4.3917574294170426e-05 |  -4.3917574294170426e-05 | 1
  1, 16 |   2.0754545492184304e-06 |   2.0754545492184304e-06 | 1
  1, 17 |   2.7373632819125803e-04 |   2.7373632819125803e-04 | 1
  1, 18 |   1.2080714655938488e-05 |   1.2080714655938488e-05 | 1
  2,  1 |   2.6397138417685813e-04 |   2.6397138417685813e-04 | 1
  2,  2 |   7.9911336012911452e-04 |   7.9911336012911452e-04 | 1
  2,  3 |  -7.3800082019972687e-04 |  -7.3800082019972687e-04 | 1
  2,  4 |   3.4655126793273921e-04 |   3.4655126793273921e-04 | 1
  2,  5 |   3.6760543079157625e-04 |   3.6760543079157625e-04 | 1
  2,  6 |   2.4471840607712982e-04 |   2.4471840607712982e-04 | 1
  2,  7 |   3.1801553942766296e-04 |   3.1801553942766296e-04 | 1
  2,  8 |  -2.6056227061475255e-04 |  -2.6056227061475255e-04 | 1
  2,  9 |  -3.4357109923724969e-04 |  -3.4357109923724969e-04 | 1
  2, 10 |   1.3001363494555701e-03 |   1.3001363494555701e-03 | 1
  2, 11 |  -1.2578323921771031e-05 |  -1.2578323921771031e-05 | 1
  2, 12 |   7.9065525612443648e-06 |   7.9065525612443648e-06 | 1
  2, 13 |  -7.9485745726343512e-05 |  -7.9485745726343512e-05 | 1
  2, 14 |  -3.9088314742762688e-08 |  -3.9088314742762688e-08 | 1
  2, 15 |  -4.1736407303482189e-05 |  -4.1736407303482189e-05 | 1
  2, 16 |   1.7860798682623587e-06 |   1.7860798682623587e-06 | 1
  2, 17 |   2.6366096899525630e-04 |   2.6366096899525630e-04 | 1
  2, 18 |   2.9585608223592472e-04 |   2.9585608223592472e-04 | 1
  3,  1 |   7.8147265350113023e-04 |   7.8147265350113023e-04 | 1
  3,  2 |  -7.3800082019972687e-04 |  -7.3800082019972687e-04 | 1
  3,  3 |   1.5186640644161398e-01 |   1.5186640644161398e-01 | 1
  3,  4 |  -1.1457071824256804e-03 |  -1.1457071824256804e-03 | 1
  3,  5 |  -1.1976300184217501e-03 |  -1.1976300184217501e-03 | 1
  3,  6 |   1.8982976602837574e-02 |   1.8982976602837574e-02 | 1
  3,  7 |   6.1356520829781731e-04 |   6.1356520829781731e-04 | 1
  3,  8 |  -2.1306793460221093e-03 |  -2.1306793460221093e-03 | 1
  3,  9 |   4.7769771112218654e-02 |   4.7769771112218654e-02 | 1
  3, 10 |  -1.7593132868720399e-01 |  -1.7593132868720399e-01 | 1
  3, 11 |  -2.8838457389995581e-06 |  -2.8838457389995581e-06 | 1
  3, 12 |   1.2376966020998090e-04 |   1.2376966020998090e-04 | 1
  3, 13 |  -2.6267859078078662e-04 |  -2.6267859078078662e-04 | 1
  3, 14 |  -1.1329344899501063e-07 |  -1.1329344899501063e-07 | 1
  3, 15 |  -1.5280851177514591e-04 |  -1.5280851177514591e-04 | 1
  3, 16 |   8.2946001256645038e-06 |   8.2946001256645038e-06 | 1
  3, 17 |   7.5981965248383900e-04 |   7.5981965248383900e-04 | 1
  3, 18 |   2.1942474637666638e-03 |   2.1942474637666638e-03 | 1
  4,  1 |   2.9411453920457015e-04 |   2.9411453920457015e-04 | 1
  4,  2 |   3.4655126793273921e-04 |   3.4655126793273921e-04 | 1
  4,  3 |  -1.1457071824256804e-03 |  -1.1457071824256804e-03 | 1
  4,  4 |   2.5235765846864166e-02 |   2.5235765846864166e-02 | 1
  4,  5 |   3.5743104110580578e-04 |   3.5743104110580578e-04 | 1
  4,  6 |   1.7736899094535590e-04 |   1.7736899094535590e-04 | 1
  4,  7 |   3.4262493469459091e-04 |   3.4262493469459091e-04 | 1
  4,  8 |   7.0962461555431518e-05 |   7.0962461555431518e-05 | 1
  4,  9 |  -5.2299812185312199e-04 |  -5.2299812185312199e-04 | 1
  4, 10 |   2.1077482374126004e-03 |   2.1077482374126004e-03 | 1
  4, 11 |   3.3610548765971740e-06 |   3.3610548765971740e-06 | 1
  4, 12 |   2.3910120062992541e-05 |   2.3910120062992541e-05 | 1
  4, 13 |  -7.8931745098384352e-05 |  -7.8931745098384352e-05 | 1
  4, 14 |  -4.7075979933341046e-08 |  -4.7075979933341046e-08 | 1
  4, 15 |  -4.9648394331275271e-05 |  -4.9648394331275271e-05 | 1
  4, 16 |   2.1681158363766496e-06 |   2.1681158363766496e-06 | 1
  4, 17 |   2.8750411906165507e-04 |   2.8750411906165507e-04 | 1
  4, 18 |  -2.8955224489870022e-05 |  -2.8955224489870022e-05 | 1
  5,  1 |   2.8921444553916311e-04 |   2.8921444553916311e-04 | 1
  5,  2 |   3.6760543079157625e-04 |   3.6760543079157625e-04 | 1
  5,  3 |  -1.1976300184217501e-03 |  -1.1976300184217501e-03 | 1
  5,  4 |   3.5743104110580578e-04 |   3.5743104110580578e-04 | 1
  5,  5 |   9.1808526683031366e-03 |   9.1808526683031366e-03 | 1
  5,  6 |   3.1683294440421051e-04 |   3.1683294440421051e-04 | 1
  5,  7 |   3.9871198467115256e-04 |   3.9871198467115256e-04 | 1
  5,  8 |   1.4543130094090735e-04 |   1.4543130094090735e-04 | 1
  5,  9 |  -4.2859229822026060e-04 |  -4.2859229822026060e-04 | 1
  5, 10 |   1.4438096444295404e-03 |   1.4438096444295404e-03 | 1
  5, 11 |  -5.3928597248699352e-05 |  -5.3928597248699352e-05 | 1
  5, 12 |  -4.4061904818442370e-05 |  -4.4061904818442370e-05 | 1
  5, 13 |  -8.9305978143376056e-05 |  -8.9305978143376056e-05 | 1
  5, 14 |  -3.6884042836834500e-08 |  -3.6884042836834500e-08 | 1
  5, 15 |  -3.5478042940795669e-05 |  -3.5478042940795669e-05 | 1
  5, 16 |   1.0985321672018234e-06 |   1.0985321672018234e-06 | 1
  5, 17 |   3.0372902691853785e-04 |   3.0372902691853785e-04 | 1
  5, 18 |  -9.6623296928268783e-05 |  -9.6623296928268783e-05 | 1
  6,  1 |   3.2462560548795067e-04 |   3.2462560548795067e-04 | 1
  6,  2 |   2.4471840607712982e-04 |   2.4471840607712982e-04 | 1
  6,  3 |   1.8982976602837574e-02 |   1.8982976602837574e-02 | 1
  6,  4 |   1.7736899094535590e-04 |   1.7736899094535590e-04 | 1
  6,  5 |   3.1683294440421051e-04 |   3.1683294440421051e-04 | 1
  6,  6 |   1.0449961125426122e-02 |   1.0449961125426122e-02 | 1
  6,  7 |   4.1188618184651276e-04 |   4.1188618184651276e-04 | 1
  6,  8 |  -1.0656410927811967e-04 |  -1.0656410927811967e-04 | 1
  6,  9 |   6.0651785082145304e-03 |   6.0651785082145304e-03 | 1
  6, 10 |  -2.2834773779066120e-02 |  -2.2834773779066120e-02 | 1
  6, 11 |  -3.3414698081928427e-05 |  -3.3414698081928427e-05 | 1
  6, 12 |   9.0460536374682605e-08 |   9.0460536374682605e-08 | 1
  6, 13 |  -8.0395618115661633e-05 |  -8.0395618115661633e-05 | 1
  6, 14 |  -4.2568236412928982e-08 |  -4.2568236412928982e-08 | 1
  6, 15 |  -5.4439954012848576e-05 |  -5.4439954012848576e-05 | 1
  6, 16 |   2.3782712504762081e-06 |   2.3782712504762081e-06 | 1
  6, 17 |   3.3216447191928455e-04 |   3.3216447191928455e-04 | 1
  6, 18 |   1.4923387284871027e-04 |   1.4923387284871027e-04 | 1
  7,  1 |   3.1095442789481182e-04 |   3.1095442789481182e-04 | 1
  7,  2 |   3.1801553942766296e-04 |   3.1801553942766296e-04 | 1
  7,  3 |   6.1356520829781731e-04 |   6.1356520829781731e-04 | 1
  7,  4 |   3.4262493469459091e-04 |   3.4262493469459091e-04 | 1
  7,  5 |   3.9871198467115256e-04 |   3.9871198467115256e-04 | 1
  7,  6 |   4.1188618184651276e-04 |   4.1188618184651276e-04 | 1
  7,  7 |   8.7427768391446273e-04 |   8.7427768391446273e-04 | 1
  7,  8 |   7.4525599832957185e-05 |   7.4525599832957185e-05 | 1
  7,  9 |   5.5646505543140108e-05 |   5.5646505543140108e-05 | 1
  7, 10 |  -3.1539337223065418e-06 |  -3.1539337223065418e-06 | 1
  7, 11 |  -1.6476519956307369e-05 |  -1.6476519956307369e-05 | 1
  7, 12 |  -3.7731053005926642e-05 |  -3.7731053005926642e-05 | 1
  7, 13 |  -7.8491533081948299e-05 |  -7.8491533081948299e-05 | 1
  7, 14 |  -4.4386042700368496e-08 |  -4.4386042700368496e-08 | 1
  7, 15 |  -4.5140920903962982e-05 |  -4.5140920903962982e-05 | 1
  7, 16 |   1.6638895222530290e-06 |   1.6638895222530290e-06 | 1
  7, 17 |   3.1621051876284142e-04 |   3.1621051876284142e-04 | 1
  7, 18 |  -2.1499013135428738e-05 |  -2.1499013135428738e-05 | 1
  8,  1 |   2.0514557130530861e-05 |   2.0514557130530861e-05 | 1
  8,  2 |  -2.6056227061475255e-04 |  -2.6056227061475255e-04 | 1
  8,  3 |  -2.1306793460221093e-03 |  -2.1306793460221093e-03 | 1
  8,  4 |   7.0962461555431518e-05 |   7.0962461555431518e-05 | 1
  8,  5 |   1.4543130094090735e-04 |   1.4543130094090735e-04 | 1
  8,  6 |  -1.0656410927811967e-04 |  -1.0656410927811967e-04 | 1
  8,  7 |   7.4525599832957185e-05 |   7.4525599832957185e-05 | 1
  8,  8 |   3.5057461441990773e-04 |   3.5057461441990773e-04 | 1
  8,  9 |  -5.6226363030418398e-04 |  -5.6226363030418398e-04 | 1
  8, 10 |   1.7339257011808127e-03 |   1.7339257011808127e-03 | 1
  8, 11 |  -2.0088370252940654e-06 |  -2.0088370252940654e-06 | 1
  8, 12 |  -1.5901680579857261e-05 |  -1.5901680579857261e-05 | 1
  8, 13 |   2.8899028912471516e-07 |   2.8899028912471516e-07 | 1
  8, 14 |  -2.7688339310300696e-09 |  -2.7688339310300696e-09 | 1
  8, 15 |  -1.7557456756067555e-06 |  -1.7557456756067555e-06 | 1
  8, 16 |  -2.2936915933080485e-08 |  -2.2936915933080485e-08 | 1
  8, 17 |   2.2381885542042996e-05 |   2.2381885542042996e-05 | 1
  8, 18 |  -3.4392987992915854e-04 |  -3.4392987992915854e-04 | 1
  9,  1 |   4.2708430445959108e-05 |   4.2708430445959108e-05 | 1
  9,  2 |  -3.4357109923724969e-04 |  -3.4357109923724969e-04 | 1
  9,  3 |   4.7769771112218654e-02 |   4.7769771112218654e-02 | 1
  9,  4 |  -5.2299812185312199e-04 |  -5.2299812185312199e-04 | 1
  9,  5 |  -4.2859229822026060e-04 |  -4.2859229822026060e-04 | 1
  9,  6 |   6.0651785082145304e-03 |   6.0651785082145304e-03 | 1
  9,  7 |   5.5646505543140108e-05 |   5.5646505543140108e-05 | 1
  9,  8 |  -5.6226363030418398e-04 |  -5.6226363030418398e-04 | 1
  9,  9 |   1.5445083982948426e-02 |   1.5445083982948426e-02 | 1
  9, 10 |  -5.7818853076053001e-02 |  -5.7818853076053001e-02 | 1
  9, 11 |   2.2741140850734858e-05 |   2.2741140850734858e-05 | 1
  9, 12 |   4.4072611954099706e-05 |   4.4072611954099706e-05 | 1
  9, 13 |  -4.1645113654651042e-06 |  -4.1645113654651042e-06 | 1
  9, 14 |  -3.1405289830169979e-09 |  -3.1405289830169979e-09 | 1
  9, 15 |  -1.5400961577533840e-05 |  -1.5400961577533840e-05 | 1
  9, 16 |   6.6859569866561935e-07 |   6.6859569866561935e-07 | 1
  9, 17 |   3.9077225129136923e-05 |   3.9077225129136923e-05 | 1
  9, 18 |   5.7228581668103255e-04 |   5.7228581668103255e-04 | 1
 10,  1 |   1.6324952642202139e-04 |   1.6324952642202139e-04 | 1
 10,  2 |   1.3001363494555701e-03 |   1.3001363494555701e-03 | 1
 10,  3 |  -1.7593132868720399e-01 |  -1.7593132868720399e-01 | 1
 10,  4 |   2.1077482374126004e-03 |   2.1077482374126004e-03 | 1
 10,  5 |   1.4438096444295404e-03 |   1.4438096444295404e-03 | 1
 10,  6 |  -2.2834773779066120e-02 |  -2.2834773779066120e-02 | 1
 10,  7 |  -3.1539337223065418e-06 |  -3.1539337223065418e-06 | 1
 10,  8 |   1.7339257011808127e-03 |   1.7339257011808127e-03 | 1
 10,  9 |  -5.7818853076053001e-02 |  -5.7818853076053001e-02 | 1
 10, 10 |   2.2088645860291395e-01 |   2.2088645860291395e-01 | 1
 10, 11 |  -1.1895966990540247e-04 |  -1.1895966990540247e-04 | 1
 10, 12 |  -1.9512776237575369e-04 |  -1.9512776237575369e-04 | 1
 10, 13 |  -4.9256042708241095e-05 |  -4.9256042708241095e-05 | 1
 10, 14 |  -3.4362055819842119e-08 |  -3.4362055819842119e-08 | 1
 10, 15 |   1.1045870409343925e-05 |   1.1045870409343925e-05 | 1
 10, 16 |  -9.2593341072799460e-07 |  -9.2593341072799460e-07 | 1
 10, 17 |   1.8604112946873089e-04 |   1.8604112946873089e-04 | 1
 10, 18 |  -1.7167582658109198e-03 |  -1.7167582658109198e-03 | 1
 11,  1 |  -1.6062852724890803e-05 |  -1.6062852724890803e-05 | 1
 11,  2 |  -1.2578323921771031e-05 |  -1.2578323921771031e-05 | 1
 11,  3 |  -2.8838457389995581e-06 |  -2.8838457389995581e-06 | 1
 11,  4 |   3.3610548765971740e-06 |   3.3610548765971740e-06 | 1
 11,  5 |  -5.3928597248699352e-05 |  -5.3928597248699352e-05 | 1
 11,  6 |  -3.3414698081928427e-05 |  -3.3414698081928427e-05 | 1
 11,  7 |  -1.6476519956307369e-05 |  -1.6476519956307369e-05 | 1
 11,  8 |  -2.0088370252940654e-06 |  -2.0088370252940654e-06 | 1
 11,  9 |   2.2741140850734858e-05 |   2.2741140850734858e-05 | 1
 11, 10 |  -1.1895966990540247e-04 |  -1.1895966990540247e-04 | 1
 11, 11 |   3.7409094605908618e-05 |   3.7409094605908618e-05 | 1
 11, 12 |   2.6538503869457909e-05 |   2.6538503869457909e-05 | 1
 11, 13 |  -3.0629659127955947e-07 |  -3.0629659127955947e-07 | 1
 11, 14 |  -1.4702371914924698e-09 |  -1.4702371914924698e-09 | 1
 11, 15 |  -8.1865095746318162e-07 |  -8.1865095746318162e-07 | 1
 11, 16 |   5.0904998967705487e-08 |   5.0904998967705487e-08 | 1
 11, 17 |  -2.6244573890269075e-05 |  -2.6244573890269075e-05 | 1
 11, 18 |   3.5024230822637129e-06 |   3.5024230822637129e-06 | 1
 12,  1 |  -1.2173443198510081e-05 |  -1.2173443198510081e-05 | 1
 12,  2 |   7.9065525612443648e-06 |   7.9065525612443648e-06 | 1
 12,  3 |   1.2376966020998090e-04 |   1.2376966020998090e-04 | 1
 12,  4 |   2.3910120062992541e-05 |   2.3910120062992541e-05 | 1
 12,  5 |  -4.4061904818442370e-05 |  -4.4061904818442370e-05 | 1
 12,  6 |   9.0460536374682605e-08 |   9.0460536374682605e-08 | 1
 12,  7 |  -3.7731053005926642e-05 |  -3.7731053005926642e-05 | 1
 12,  8 |  -1.5901680579857261e-05 |  -1.5901680579857261e-05 | 1
 12,  9 |   4.4072611954099706e-05 |   4.4072611954099706e-05 | 1
 12, 10 |  -1.9512776237575369e-04 |  -1.9512776237575369e-04 | 1
 12, 11 |   2.6538503869457909e-05 |   2.6538503869457909e-05 | 1
 12, 12 |   4.7599741731563129e-05 |   4.7599741731563129e-05 | 1
 12, 13 |  -1.5689426369215041e-06 |  -1.5689426369215041e-06 | 1
 12, 14 |  -3.3579488725673677e-09 |  -3.3579488725673677e-09 | 1
 12, 15 |  -1.2455388824131560e-06 |  -1.2455388824131560e-06 | 1
 12, 16 |   6.0935770103963471e-08 |   6.0935770103963471e-08 | 1
 12, 17 |  -2.2394342427635668e-05 |  -2.2394342427635668e-05 | 1
 12, 18 |   1.3143023401787201e-05 |   1.3143023401787201e-05 | 1
 13,  1 |  -7.2397710992577982e-05 |  -7.2397710992577982e-05 | 1
 13,  2 |  -7.9485745726343512e-05 |  -7.9485745726343512e-05 | 1
 13,  3 |  -2.6267859078078662e-04 |  -2.6267859078078662e-04 | 1
 13,  4 |  -7.8931745098384352e-05 |  -7.8931745098384352e-05 | 1
 13,  5 |  -8.9305978143376056e-05 |  -8.9305978143376056e-05 | 1
 13,  6 |  -8.0395618115661633e-05 |  -8.0395618115661633e-05 | 1
 13,  7 |  -7.8491533081948299e-05 |  -7.8491533081948299e-05 | 1
 13,  8 |   2.8899028912471516e-07 |   2.8899028912471516e-07 | 1
 13,  9 |  -4.1645113654651042e-06 |  -4.1645113654651042e-06 | 1
 13, 10 |  -4.9256042708241095e-05 |  -4.9256042708241095e-05 | 1
 13, 11 |  -3.0629659127955947e-07 |  -3.0629659127955947e-07 | 1
 13, 12 |  -1.5689426369215041e-06 |  -1.5689426369215041e-06 | 1
 13, 13 |   9.4824844383515337e-05 |   9.4824844383515337e-05 | 1
 13, 14 |   4.3230100828807312e-09 |   4.3230100828807312e-09 | 1
 13, 15 |   4.4244608779767586e-06 |   4.4244608779767586e-06 | 1
 13, 16 |  -1.6031868335185101e-07 |  -1.6031868335185101e-07 | 1
 13, 17 |  -7.2624492153638441e-05 |  -7.2624492153638441e-05 | 1
 13, 18 |  -1.0166964407710923e-05 |  -1.0166964407710923e-05 | 1
 14,  1 |  -4.4289312623648383e-08 |  -4.4289312623648383e-08 | 1
 14,  2 |  -3.9088314742762688e-08 |  -3.9088314742762688e-08 | 1
 14,  3 |  -1.1329344899501063e-07 |  -1.1329344899501063e-07 | 1
 14,  4 |  -4.7075979933341046e-08 |  -4.7075979933341046e-08 | 1
 14,  5 |  -3.6884042836834500e-08 |  -3.6884042836834500e-08 | 1
 14,  6 |  -4.2568236412928982e-08 |  -4.2568236412928982e-08 | 1
 14,  7 |  -4.4386042700368496e-08 |  -4.4386042700368496e-08 | 1
 14,  8 |  -2.7688339310300696e-09 |  -2.7688339310300696e-09 | 1
 14,  9 |  -3.1405289830169979e-09 |  -3.1405289830169979e-09 | 1
 14, 10 |  -3.4362055819842119e-08 |  -3.4362055819842119e-08 | 1
 14, 11 |  -1.4702371914924698e-09 |  -1.4702371914924698e-09 | 1
 14, 12 |  -3.3579488725673677e-09 |  -3.3579488725673677e-09 | 1
 14, 13 |   4.3230100828807312e-09 |   4.3230100828807312e-09 | 1
 14, 14 |   1.4831441560413786e-11 |   1.4831441560413786e-11 | 1
 14, 15 |   4.6178137769772919e-09 |   4.6178137769772919e-09 | 1
 14, 16 |  -1.8489320083079713e-10 |  -1.8489320083079713e-10 | 1
 14, 17 |  -3.7767927988571886e-08 |  -3.7767927988571886e-08 | 1
 14, 18 |  -3.9707079383493310e-10 |  -3.9707079383493310e-10 | 1
 15,  1 |  -4.3917574294170426e-05 |  -4.3917574294170426e-05 | 1
 15,  2 |  -4.1736407303482189e-05 |  -4.1736407303482189e-05 | 1
 15,  3 |  -1.5280851177514591e-04 |  -1.5280851177514591e-04 | 1
 15,  4 |  -4.9648394331275271e-05 |  -4.9648394331275271e-05 | 1
 15,  5 |  -3.5478042940795669e-05 |  -3.5478042940795669e-05 | 1
 15,  6 |  -5.4439954012848576e-05 |  -5.4439954012848576e-05 | 1
 15,  7 |  -4.5140920903962982e-05 |  -4.5140920903962982e-05 | 1
 15,  8 |  -1.7557456756067555e-06 |  -1.7557456756067555e-06 | 1
 15,  9 |  -1.5400961577533840e-05 |  -1.5400961577533840e-05 | 1
 15, 10 |   1.1045870409343925e-05 |   1.1045870409343925e-05 | 1
 15, 11 |  -8.1865095746318162e-07 |  -8.1865095746318162e-07 | 1
 15, 12 |  -1.2455388824131560e-06 |  -1.2455388824131560e-06 | 1
 15, 13 |   4.4244608779767586e-06 |   4.4244608779767586e-06 | 1
 15, 14 |   4.6178137769772919e-09 |   4.6178137769772919e-09 | 1
 15, 15 |   1.2285778136425134e-05 |   1.2285778136425134e-05 | 1
 15, 16 |  -7.7370401257311525e-07 |  -7.7370401257311525e-07 | 1
 15, 17 |  -4.4168114945268162e-05 |  -4.4168114945268162e-05 | 1
 15, 18 |  -6.7627462029664474e-07 |  -6.7627462029664474e-07 | 1
 16,  1 |   2.0754545492184304e-06 |   2.0754545492184304e-06 | 1
 16,  2 |   1.7860798682623587e-06 |   1.7860798682623587e-06 | 1
 16,  3 |   8.2946001256645038e-06 |   8.2946001256645038e-06 | 1
 16,  4 |   2.1681158363766496e-06 |   2.1681158363766496e-06 | 1
 16,  5 |   1.0985321672018234e-06 |   1.0985321672018234e-06 | 1
 16,  6 |   2.3782712504762081e-06 |   2.3782712504762081e-06 | 1
 16,  7 |   1.6638895222530290e-06 |   1.6638895222530290e-06 | 1
 16,  8 |  -2.2936915933080485e-08 |  -2.2936915933080485e-08 | 1
 16,  9 |   6.6859569866561935e-07 |   6.6859569866561935e-07 | 1
 16, 10 |  -9.2593341072799460e-07 |  -9.2593341072799460e-07 | 1
 16, 11 |   5.0904998967705487e-08 |   5.0904998967705487e-08 | 1
 16, 12 |   6.0935770103963471e-08 |   6.0935770103963471e-08 | 1
 16, 13 |  -1.6031868335185101e-07 |  -1.6031868335185101e-07 | 1
 16, 14 |  -1.8489320083079713e-10 |  -1.8489320083079713e-10 | 1
 16, 15 |  -7.7370401257311525e-07 |  -7.7370401257311525e-07 | 1
 16, 16 |   5.9099729932629957e-08 |   5.9099729932629957e-08 | 1
 16, 17 |   2.0470044249630019e-06 |   2.0470044249630019e-06 | 1
 16, 18 |  -1.6344799371660408e-07 |  -1.6344799371660408e-07 | 1
 17,  1 |   2.7373632819125803e-04 |   2.7373632819125803e-04 | 1
 17,  2 |   2.6366096899525630e-04 |   2.6366096899525630e-04 | 1
 17,  3 |   7.5981965248383900e-04 |   7.5981965248383900e-04 | 1
 17,  4 |   2.8750411906165507e-04 |   2.8750411906165507e-04 | 1
 17,  5 |   3.0372902691853785e-04 |   3.0372902691853785e-04 | 1
 17,  6 |   3.3216447191928455e-04 |   3.3216447191928455e-04 | 1
 17,  7 |   3.1621051876284142e-04 |   3.1621051876284142e-04 | 1
 17,  8 |   2.2381885542042996e-05 |   2.2381885542042996e-05 | 1
 17,  9 |   3.9077225129136923e-05 |   3.9077225129136923e-05 | 1
 17, 10 |   1.8604112946873089e-04 |   1.8604112946873089e-04 | 1
 17, 11 |  -2.6244573890269075e-05 |  -2.6244573890269075e-05 | 1
 17, 12 |  -2.2394342427635668e-05 |  -2.2394342427635668e-05 | 1
 17, 13 |  -7.2624492153638441e-05 |  -7.2624492153638441e-05 | 1
 17, 14 |  -3.7767927988571886e-08 |  -3.7767927988571886e-08 | 1
 17, 15 |  -4.4168114945268162e-05 |  -4.4168114945268162e-05 | 1
 17, 16 |   2.0470044249630019e-06 |   2.0470044249630019e-06 | 1
 17, 17 |   4.0971161889882097e-04 |   4.0971161889882097e-04 | 1
 17, 18 |  -1.1690278509501759e-04 |  -1.1690278509501759e-04 | 1
 18,  1 |   1.2080714655938488e-05 |   1.2080714655938488e-05 | 1
 18,  2 |   2.9585608223592472e-04 |   2.9585608223592472e-04 | 1
 18,  3 |   2.1942474637666638e-03 |   2.1942474637666638e-03 | 1
 18,  4 |  -2.8955224489870022e-05 |  -2.8955224489870022e-05 | 1
 18,  5 |  -9.6623296928268783e-05 |  -9.6623296928268783e-05 | 1
 18,  6 |   1.4923387284871027e-04 |   1.4923387284871027e-04 | 1
 18,  7 |  -2.1499013135428738e-05 |  -2.1499013135428738e-05 | 1
 18,  8 |  -3.4392987992915854e-04 |  -3.4392987992915854e-04 | 1
 18,  9 |   5.7228581668103255e-04 |   5.7228581668103255e-04 | 1
 18, 10 |  -1.7167582658109198e-03 |  -1.7167582658109198e-03 | 1
 18, 11 |   3.5024230822637129e-06 |   3.5024230822637129e-06 | 1
 18, 12 |   1.3143023401787201e-05 |   1.3143023401787201e-05 | 1
 18, 13 |  -1.0166964407710923e-05 |  -1.0166964407710923e-05 | 1
 18, 14 |  -3.9707079383493310e-10 |  -3.9707079383493310e-10 | 1
 18, 15 |  -6.7627462029664474e-07 |  -6.7627462029664474e-07 | 1
 18, 16 |  -1.6344799371660408e-07 |  -1.6344799371660408e-07 | 1
 18, 17 |  -1.1690278509501759e-04 |  -1.1690278509501759e-04 | 1
 18, 18 |   7.6781992962889425e-04 |   7.6781992962889425e-04 | 1
