row,col | V_base                   | V_new                    | equal
  1,  1 |   4.2209607298840710e-04 |   4.2209607298840710e-04 | 1
  1,  2 |   1.1702563803889018e-04 |   1.1702563803889018e-04 | 1
  1,  3 |   3.8531086087818952e-04 |   3.8531086087818952e-04 | 1
  1,  4 |   1.9877834627497751e-04 |   1.9877834627497751e-04 | 1
  1,  5 |   3.7603272034921311e-04 |   3.7603272034921311e-04 | 1
  1,  6 |   2.8249624422528640e-04 |   2.8249624422528640e-04 | 1
  1,  7 |   2.6188670543433488e-04 |   2.6188670543433488e-04 | 1
  1,  8 |   4.2512558474992973e-04 |   4.2512558474992973e-04 | 1
  1,  9 |   3.4488190741130702e-04 |   3.4488190741130702e-04 | 1
  1, 10 |  -1.6020407551639397e-04 |  -1.6020407551639397e-04 | 1
  1, 11 |   1.1592496904519712e-04 |   1.1592496904519712e-04 | 1
  1, 12 |   8.0682497823130481e-04 |   8.0682497823130481e-04 | 1
  1, 13 |   6.0185681941506944e-04 |   6.0185681941506944e-04 | 1
  1, 14 |   5.3725063562490641e-04 |   5.3725063562490641e-04 | 1
  1, 15 |   1.8363780235632510e-04 |   1.8363780235632510e-04 | 1
  1, 16 |   3.6533907197965412e-04 |   3.6533907197965412e-04 | 1
  1, 17 |   2.2590111385436930e-04 |   2.2590111385436930e-04 | 1
  1, 18 |   4.4415308377863645e-04 |   4.4415308377863645e-04 | 1
  1, 19 |   2.0701446596280333e-04 |   2.0701446596280333e-04 | 1
  1, 20 |   4.0410879059746464e-04 |   4.0410879059746464e-04 | 1
  1, 21 |  -1.1991965051098873e-04 |  -1.1991965051098873e-04 | 1
  1, 22 |   3.1801528620276526e-04 |   3.1801528620276526e-04 | 1
  1, 23 |   1.3229639660957624e-04 |   1.3229639660957624e-04 | 1
  1, 24 |   1.8194429794809677e-04 |   1.8194429794809677e-04 | 1
  1, 25 |   2.7196505726251883e-04 |   2.7196505726251883e-04 | 1
  1, 26 |  -6.1444933374612469e-04 |  -6.1444933374612469e-04 | 1
  1, 27 |  -7.5468300183278384e-05 |  -7.5468300183278384e-05 | 1
  1, 28 |   3.4052740755416140e-04 |   3.4052740755416140e-04 | 1
  1, 29 |  -8.9805717080233664e-05 |  -8.9805717080233664e-05 | 1
  1, 30 |  -1.8803272937947184e-04 |  -1.8803272937947184e-04 | 1
  2,  1 |   1.1702563803889018e-04 |   1.1702563803889018e-04 | 1
  2,  2 |   8.4086438587506376e-04 |   8.4086438587506376e-04 | 1
  2,  3 |   1.2227400253284808e-04 |   1.2227400253284808e-04 | 1
  2,  4 |   1.9392583507669590e-04 |   1.9392583507669590e-04 | 1
  2,  5 |   9.6347738845287527e-05 |   9.6347738845287527e-05 | 1
  2,  6 |   2.0838165329536821e-04 |   2.0838165329536821e-04 | 1
  2,  7 |   2.3229123078373924e-04 |   2.3229123078373924e-04 | 1
  2,  8 |   6.9542991463843946e-05 |   6.9542991463843946e-05 | 1
  2,  9 |   2.3076930449566796e-04 |   2.3076930449566796e-04 | 1
  2, 10 |   6.6979525881939099e-04 |   6.6979525881939099e-04 | 1
  2, 11 |   3.6976500211930791e-04 |   3.6976500211930791e-04 | 1
  2, 12 |  -2.1790540312728766e-04 |  -2.1790540312728766e-04 | 1
  2, 13 |  -5.4446507533012518e-05 |  -5.4446507533012518e-05 | 1
  2, 14 |   3.6354022191047907e-04 |   3.6354022191047907e-04 | 1
  2, 15 |   3.2129348814341637e-04 |   3.2129348814341637e-04 | 1
  2, 16 |   1.1875031147621282e-04 |   1.1875031147621282e-04 | 1
  2, 17 |   2.1906775895179760e-04 |   2.1906775895179760e-04 | 1
  2, 18 |   1.0858164171825259e-04 |   1.0858164171825259e-04 | 1
  2, 19 |   2.7868888776420311e-04 |   2.7868888776420311e-04 | 1
  2, 20 |   5.3367463182332379e-05 |   5.3367463182332379e-05 | 1
  2, 21 |   5.8561452744541323e-04 |   5.8561452744541323e-04 | 1
  2, 22 |   1.4237144782637816e-04 |   1.4237144782637816e-04 | 1
  2, 23 |   3.6963463897968013e-04 |   3.6963463897968013e-04 | 1
  2, 24 |   2.9784487791294380e-04 |   2.9784487791294380e-04 | 1
  2, 25 |   1.8526717538856085e-04 |   1.8526717538856085e-04 | 1
  2, 26 |   1.0570910431635331e-03 |   1.0570910431635331e-03 | 1
  2, 27 |   5.3618808230723129e-04 |   5.3618808230723129e-04 | 1
  2, 28 |   1.6550135476786117e-04 |   1.6550135476786117e-04 | 1
  2, 29 |   5.3632613283615695e-04 |   5.3632613283615695e-04 | 1
  2, 30 |   6.3712170343367593e-04 |   6.3712170343367593e-04 | 1
  3,  1 |   3.8531086087818952e-04 |   3.8531086087818952e-04 | 1
  3,  2 |   1.2227400253284808e-04 |   1.2227400253284808e-04 | 1
  3,  3 |   4.7635139951510662e-04 |   4.7635139951510662e-04 | 1
  3,  4 |   2.0720641979911575e-04 |   2.0720641979911575e-04 | 1
  3,  5 |   3.9154204879968634e-04 |   3.9154204879968634e-04 | 1
  3,  6 |   2.9446264356234014e-04 |   2.9446264356234014e-04 | 1
  3,  7 |   2.7293252930922734e-04 |   2.7293252930922734e-04 | 1
  3,  8 |   4.4243494002050264e-04 |   4.4243494002050264e-04 | 1
  3,  9 |   3.5959820037076244e-04 |   3.5959820037076244e-04 | 1
  3, 10 |  -1.6594650374962419e-04 |  -1.6594650374962419e-04 | 1
  3, 11 |   1.2120412864676989e-04 |   1.2120412864676989e-04 | 1
  3, 12 |   8.3949916556447061e-04 |   8.3949916556447061e-04 | 1
  3, 13 |   6.2614998018931003e-04 |   6.2614998018931003e-04 | 1
  3, 14 |   5.5906345247610243e-04 |   5.5906345247610243e-04 | 1
  3, 15 |   1.9148612661064066e-04 |   1.9148612661064066e-04 | 1
  3, 16 |   3.8036186525076325e-04 |   3.8036186525076325e-04 | 1
  3, 17 |   2.3526270452699715e-04 |   2.3526270452699715e-04 | 1
  3, 18 |   4.6221889581304356e-04 |   4.6221889581304356e-04 | 1
  3, 19 |   2.1582494821258325e-04 |   2.1582494821258325e-04 | 1
  3, 20 |   4.2054380550433056e-04 |   4.2054380550433056e-04 | 1
  3, 21 |  -1.2403720217584553e-04 |  -1.2403720217584553e-04 | 1
  3, 22 |   3.3150342943823435e-04 |   3.3150342943823435e-04 | 1
  3, 23 |   1.3819563773294862e-04 |   1.3819563773294862e-04 | 1
  3, 24 |   1.8972301667960999e-04 |   1.8972301667960999e-04 | 1
  3, 25 |   2.8300664971346232e-04 |   2.8300664971346232e-04 | 1
  3, 26 |  -6.3825173224997490e-04 |  -6.3825173224997490e-04 | 1
  3, 27 |  -7.7979537854687702e-05 |  -7.7979537854687702e-05 | 1
  3, 28 |   3.5459517608199607e-04 |   3.5459517608199607e-04 | 1
  3, 29 |  -9.2950916898593844e-05 |  -9.2950916898593844e-05 | 1
  3, 30 |  -1.9484985545859088e-04 |  -1.9484985545859088e-04 | 1
  4,  1 |   1.9877834627497751e-04 |   1.9877834627497751e-04 | 1
  4,  2 |   1.9392583507669590e-04 |   1.9392583507669590e-04 | 1
  4,  3 |   2.0720641979911575e-04 |   2.0720641979911575e-04 | 1
  4,  4 |   1.3720915921505050e-03 |   1.3720915921505050e-03 | 1
  4,  5 |   1.9393522916193672e-04 |   1.9393522916193672e-04 | 1
  4,  6 |   2.0513922310386884e-04 |   2.0513922310386884e-04 | 1
  4,  7 |   2.0911110561007700e-04 |   2.0911110561007700e-04 | 1
  4,  8 |   1.9969051406072371e-04 |   1.9969051406072371e-04 | 1
  4,  9 |   2.4349997368648511e-04 |   2.4349997368648511e-04 | 1
  4, 10 |   2.4144659643731727e-04 |   2.4144659643731727e-04 | 1
  4, 11 |   2.1325683436122209e-04 |   2.1325683436122209e-04 | 1
  4, 12 |   2.1987685578963716e-04 |   2.1987685578963716e-04 | 1
  4, 13 |   2.1212088447835080e-04 |   2.1212088447835080e-04 | 1
  4, 14 |   3.7645052514909897e-04 |   3.7645052514909897e-04 | 1
  4, 15 |   2.1726757022755470e-04 |   2.1726757022755470e-04 | 1
  4, 16 |   1.9819426554640749e-04 |   1.9819426554640749e-04 | 1
  4, 17 |   1.8813185507115282e-04 |   1.8813185507115282e-04 | 1
  4, 18 |   2.2431380830467850e-04 |   2.2431380830467850e-04 | 1
  4, 19 |   2.0784808821930787e-04 |   2.0784808821930787e-04 | 1
  4, 20 |   1.8682606890541435e-04 |   1.8682606890541435e-04 | 1
  4, 21 |   2.1926591236747943e-04 |   2.1926591236747943e-04 | 1
  4, 22 |   1.9273285036686220e-04 |   1.9273285036686220e-04 | 1
  4, 23 |   2.2096879410075609e-04 |   2.2096879410075609e-04 | 1
  4, 24 |   2.0720225501315900e-04 |   2.0720225501315900e-04 | 1
  4, 25 |   1.9122962572157677e-04 |   1.9122962572157677e-04 | 1
  4, 26 |   2.3682100504753792e-04 |   2.3682100504753792e-04 | 1
  4, 27 |   2.1190785210803038e-04 |   2.1190785210803038e-04 | 1
  4, 28 |   2.0919681042392126e-04 |   2.0919681042392126e-04 | 1
  4, 29 |   2.0824941528874245e-04 |   2.0824941528874245e-04 | 1
  4, 30 |   2.1444964423687966e-04 |   2.1444964423687966e-04 | 1
  5,  1 |   3.7603272034921311e-04 |   3.7603272034921311e-04 | 1
  5,  2 |   9.6347738845287527e-05 |   9.6347738845287527e-05 | 1
  5,  3 |   3.9154204879968634e-04 |   3.9154204879968634e-04 | 1
  5,  4 |   1.9393522916193672e-04 |   1.9393522916193672e-04 | 1
  5,  5 |   1.3099224741029091e-03 |   1.3099224741029091e-03 | 1
  5,  6 |   2.7760628907696865e-04 |   2.7760628907696865e-04 | 1
  5,  7 |   2.5485452516439092e-04 |   2.5485452516439092e-04 | 1
  5,  8 |   4.3749468974790356e-04 |   4.3749468974790356e-04 | 1
  5,  9 |   3.4225346842709284e-04 |   3.4225346842709284e-04 | 1
  5, 10 |  -2.1876220225988392e-04 |  -2.1876220225988392e-04 | 1
  5, 11 |   9.1461319358858895e-05 |   9.1461319358858895e-05 | 1
  5, 12 |   8.5695236270459229e-04 |   8.5695236270459229e-04 | 1
  5, 13 |   6.3091832949832864e-04 |   6.3091832949832864e-04 | 1
  5, 14 |   5.2730728965499798e-04 |   5.2730728965499798e-04 | 1
  5, 15 |   1.6621948304367144e-04 |   1.6621948304367144e-04 | 1
  5, 16 |   3.7093555078875095e-04 |   3.7093555078875095e-04 | 1
  5, 17 |   2.1735197062506916e-04 |   2.1735197062506916e-04 | 1
  5, 18 |   4.5436913979311517e-04 |   4.5436913979311517e-04 | 1
  5, 19 |   1.9325461434148045e-04 |   1.9325461434148045e-04 | 1
  5, 20 |   4.1764398556381707e-04 |   4.1764398556381707e-04 | 1
  5, 21 |  -1.7001274206728472e-04 |  -1.7001274206728472e-04 | 1
  5, 22 |   3.2149640475514048e-04 |   3.2149640475514048e-04 | 1
  5, 23 |   1.0911771078411369e-04 |   1.0911771078411369e-04 | 1
  5, 24 |   1.6612873201970883e-04 |   1.6612873201970883e-04 | 1
  5, 25 |   2.6788732335080833e-04 |   2.6788732335080833e-04 | 1
  5, 26 |  -7.2211268523027011e-04 |  -7.2211268523027011e-04 | 1
  5, 27 |  -1.2164255038956819e-04 |  -1.2164255038956819e-04 | 1
  5, 28 |   3.4156467514436759e-04 |   3.4156467514436759e-04 | 1
  5, 29 |  -1.3525055860694351e-04 |  -1.3525055860694351e-04 | 1
  5, 30 |  -2.4560861403576800e-04 |  -2.4560861403576800e-04 | 1
  6,  1 |   2.8249624422528640e-04 |   2.8249624422528640e-04 | 1
  6,  2 |   2.0838165329536821e-04 |   2.0838165329536821e-04 | 1
  6,  3 |   2.9446264356234014e-04 |   2.9446264356234014e-04 | 1
  6,  4 |   2.0513922310386884e-04 |   2.0513922310386884e-04 | 1
  6,  5 |   2.7760628907696865e-04 |   2.7760628907696865e-04 | 1
  6,  6 |   1.2400723373052294e-03 |   1.2400723373052294e-03 | 1
  6,  7 |   2.6136037805776004e-04 |   2.6136037805776004e-04 | 1
  6,  8 |   2.9821039707062945e-04 |   2.9821039707062945e-04 | 1
  6,  9 |   3.1332392508389475e-04 |   3.1332392508389475e-04 | 1
  6, 10 |   1.7229651794858371e-04 |   1.7229651794858371e-04 | 1
  6, 11 |   2.2571375438309047e-04 |   2.2571375438309047e-04 | 1
  6, 12 |   4.2185665129657333e-04 |   4.2185665129657333e-04 | 1
  6, 13 |   3.5889466554729361e-04 |   3.5889466554729361e-04 | 1
  6, 14 |   4.8564226583515629e-04 |   4.8564226583515629e-04 | 1
  6, 15 |   2.4864959361244933e-04 |   2.4864959361244933e-04 | 1
  6, 16 |   2.8027062280552465e-04 |   2.8027062280552465e-04 | 1
  6, 17 |   2.3249067714515643e-04 |   2.3249067714515643e-04 | 1
  6, 18 |   3.2605402302854944e-04 |   3.2605402302854944e-04 | 1
  6, 19 |   2.4569645864546438e-04 |   2.4569645864546438e-04 | 1
  6, 20 |   2.7736860531405653e-04 |   2.7736860531405653e-04 | 1
  6, 21 |   1.6472095098600659e-04 |   1.6472095098600659e-04 | 1
  6, 22 |   2.5977914436716635e-04 |   2.5977914436716635e-04 | 1
  6, 23 |   2.3554510808154066e-04 |   2.3554510808154066e-04 | 1
  6, 24 |   2.3779689317771725e-04 |   2.3779689317771725e-04 | 1
  6, 25 |   2.4857305853897443e-04 |   2.4857305853897443e-04 | 1
  6, 26 |   4.4407999592619205e-05 |   4.4407999592619205e-05 | 1
  6, 27 |   1.7275284124048149e-04 |   1.7275284124048149e-04 | 1
  6, 28 |   2.8373180367780645e-04 |   2.8373180367780645e-04 | 1
  6, 29 |   1.6306944719972686e-04 |   1.6306944719972686e-04 | 1
  6, 30 |   1.4281269942467505e-04 |   1.4281269942467505e-04 | 1
  7,  1 |   2.6188670543433488e-04 |   2.6188670543433488e-04 | 1
  7,  2 |   2.3229123078373924e-04 |   2.3229123078373924e-04 | 1
  7,  3 |   2.7293252930922734e-04 |   2.7293252930922734e-04 | 1
  7,  4 |   2.0911110561007700e-04 |   2.0911110561007700e-04 | 1
  7,  5 |   2.5485452516439092e-04 |   2.5485452516439092e-04 | 1
  7,  6 |   2.6136037805776004e-04 |   2.6136037805776004e-04 | 1
  7,  7 |   3.5876701816446843e-04 |   3.5876701816446843e-04 | 1
  7,  8 |   2.6744603775154751e-04 |   2.6744603775154751e-04 | 1
  7,  9 |   3.0749022272666822e-04 |   3.0749022272666822e-04 | 1
  7, 10 |   2.5901136428298221e-04 |   2.5901136428298221e-04 | 1
  7, 11 |   2.5421238801835386e-04 |   2.5421238801835386e-04 | 1
  7, 12 |   3.2629049029103072e-04 |   3.2629049029103072e-04 | 1
  7, 13 |   2.9929717653448106e-04 |   2.9929717653448106e-04 | 1
  7, 14 |   4.7777109113367758e-04 |   4.7777109113367758e-04 | 1
  7, 15 |   2.6625175295488432e-04 |   2.6625175295488432e-04 | 1
  7, 16 |   2.5997225207787243e-04 |   2.5997225207787243e-04 | 1
  7, 17 |   2.3568965278809853e-04 |   2.3568965278809853e-04 | 1
  7, 18 |   2.9787043664139773e-04 |   2.9787043664139773e-04 | 1
  7, 19 |   2.5647475173008738e-04 |   2.5647475173008738e-04 | 1
  7, 20 |   2.4761696298448012e-04 |   2.4761696298448012e-04 | 1
  7, 21 |   2.3799347727433237e-04 |   2.3799347727433237e-04 | 1
  7, 22 |   2.4744526915887282e-04 |   2.4744526915887282e-04 | 1
  7, 23 |   2.6313943897681845e-04 |   2.6313943897681845e-04 | 1
  7, 24 |   2.5293651688002310e-04 |   2.5293651688002310e-04 | 1
  7, 25 |   2.4336464887700072e-04 |   2.4336464887700072e-04 | 1
  7, 26 |   2.1232581118512515e-04 |   2.1232581118512515e-04 | 1
  7, 27 |   2.3554720676088046e-04 |   2.3554720676088046e-04 | 1
  7, 28 |   2.7064899542421188e-04 |   2.7064899542421188e-04 | 1
  7, 29 |   2.2837353620849219e-04 |   2.2837353620849219e-04 | 1
  7, 30 |   2.2690454025569380e-04 |   2.2690454025569380e-04 | 1
  8,  1 |   4.2512558474992973e-04 |   4.2512558474992973e-04 | 1
  8,  2 |   6.9542991463843946e-05 |   6.9542991463843946e-05 | 1
  8,  3 |   4.4243494002050264e-04 |   4.4243494002050264e-04 | 1
  8,  4 |   1.9969051406072371e-04 |   1.9969051406072371e-04 | 1
  8,  5 |   4.3749468974790356e-04 |   4.3749468974790356e-04 | 1
  8,  6 |   2.9821039707062945e-04 |   2.9821039707062945e-04 | 1
  8,  7 |   2.6744603775154751e-04 |   2.6744603775154751e-04 | 1
  8,  8 |   9.1750088288029136e-04 |   9.1750088288029136e-04 | 1
  8,  9 |   3.6894544522308510e-04 |   3.6894544522308510e-04 | 1
  8, 10 |  -3.4547296600563360e-04 |  -3.4547296600563360e-04 | 1
  8, 11 |   5.8734356483126178e-05 |   5.8734356483126178e-05 | 1
  8, 12 |   1.0330287943275097e-03 |   1.0330287943275097e-03 | 1
  8, 13 |   7.4639017961117271e-04 |   7.4639017961117271e-04 | 1
  8, 14 |   5.7251721714947834e-04 |   5.7251721714947834e-04 | 1
  8, 15 |   1.5202548383373628e-04 |   1.5202548383373628e-04 | 1
  8, 16 |   4.1912618268769703e-04 |   4.1912618268769703e-04 | 1
  8, 17 |   2.2627369528305827e-04 |   2.2627369528305827e-04 | 1
  8, 18 |   5.1745617032941129e-04 |   5.1745617032941129e-04 | 1
  8, 19 |   1.8981481707912846e-04 |   1.8981481707912846e-04 | 1
  8, 20 |   4.8112767884707418e-04 |   4.8112767884707418e-04 | 1
  8, 21 |  -2.7779397751126087e-04 |  -2.7779397751126087e-04 | 1
  8, 22 |   3.5539955470538048e-04 |   3.5539955470538048e-04 | 1
  8, 23 |   7.8474125481457942e-05 |   7.8474125481457942e-05 | 1
  8, 24 |   1.5531116859799192e-04 |   1.5531116859799192e-04 | 1
  8, 25 |   2.8993545417101428e-04 |   2.8993545417101428e-04 | 1
  8, 26 |  -9.8622794776474483e-04 |  -9.8622794776474483e-04 | 1
  8, 27 |  -2.1232477920743399e-04 |  -2.1232477920743399e-04 | 1
  8, 28 |   3.7852316000711918e-04 |   3.7852316000711918e-04 | 1
  8, 29 |  -2.2949948343772039e-04 |  -2.2949948343772039e-04 | 1
  8, 30 |  -3.7188573902300411e-04 |  -3.7188573902300411e-04 | 1
  9,  1 |   3.4488190741130702e-04 |   3.4488190741130702e-04 | 1
  9,  2 |   2.3076930449566796e-04 |   2.3076930449566796e-04 | 1
  9,  3 |   3.5959820037076244e-04 |   3.5959820037076244e-04 | 1
  9,  4 |   2.4349997368648511e-04 |   2.4349997368648511e-04 | 1
  9,  5 |   3.4225346842709284e-04 |   3.4225346842709284e-04 | 1
  9,  6 |   3.1332392508389475e-04 |   3.1332392508389475e-04 | 1
  9,  7 |   3.0749022272666822e-04 |   3.0749022272666822e-04 | 1
  9,  8 |   3.6894544522308510e-04 |   3.6894544522308510e-04 | 1
  9,  9 |   1.2159430711536443e-03 |   1.2159430711536443e-03 | 1
  9, 10 |   1.5221637081024199e-04 |   1.5221637081024199e-04 | 1
  9, 11 |   2.4808117134640618e-04 |   2.4808117134640618e-04 | 1
  9, 12 |   5.5480373997717066e-04 |   5.5480373997717066e-04 | 1
  9, 13 |   4.5845635275181771e-04 |   4.5845635275181771e-04 | 1
  9, 14 |   5.7453682460623177e-04 |   5.7453682460623177e-04 | 1
  9, 15 |   2.8193400784798297e-04 |   2.8193400784798297e-04 | 1
  9, 16 |   3.4200958951702450e-04 |   3.4200958951702450e-04 | 1
  9, 17 |   2.7118216561414807e-04 |   2.7118216561414807e-04 | 1
  9, 18 |   4.0098648878945275e-04 |   4.0098648878945275e-04 | 1
  9, 19 |   2.8300458719272685e-04 |   2.8300458719272685e-04 | 1
  9, 20 |   3.4577706440607143e-04 |   3.4577706440607143e-04 | 1
  9, 21 |   1.4941563928202171e-04 |   1.4941563928202171e-04 | 1
  9, 22 |   3.1560557041555566e-04 |   3.1560557041555566e-04 | 1
  9, 23 |   2.6167440565374696e-04 |   2.6167440565374696e-04 | 1
  9, 24 |   2.7027491059110754e-04 |   2.7027491059110754e-04 | 1
  9, 25 |   2.9450215851189825e-04 |   2.9450215851189825e-04 | 1
  9, 26 |  -4.7935254429432690e-05 |  -4.7935254429432690e-05 | 1
  9, 27 |   1.6376935044278500e-04 |   1.6376935044278500e-04 | 1
  9, 28 |   3.4179647790162491e-04 |   3.4179647790162491e-04 | 1
  9, 29 |   1.5227352913170150e-04 |   1.5227352913170150e-04 | 1
  9, 30 |   1.1661130781096298e-04 |   1.1661130781096298e-04 | 1
 10,  1 |  -1.6020407551639397e-04 |  -1.6020407551639397e-04 | 1
 10,  2 |   6.6979525881939099e-04 |   6.6979525881939099e-04 | 1
 10,  3 |  -1.6594650374962419e-04 |  -1.6594650374962419e-04 | 1
 10,  4 |   2.4144659643731727e-04 |   2.4144659643731727e-04 | 1
 10,  5 |  -2.1876220225988392e-04 |  -2.1876220225988392e-04 | 1
 10,  6 |   1.7229651794858371e-04 |   1.7229651794858371e-04 | 1
 10,  7 |   2.5901136428298221e-04 |   2.5901136428298221e-04 | 1
 10,  8 |  -3.4547296600563360e-04 |  -3.4547296600563360e-04 | 1
 10,  9 |   1.5221637081024199e-04 |   1.5221637081024199e-04 | 1
 10, 10 |   1.8701733779974531e-03 |   1.8701733779974531e-03 | 1
 10, 11 |   7.7989891977926686e-04 |   7.7989891977926686e-04 | 1
 10, 12 |  -1.5299965087159318e-03 |  -1.5299965087159318e-03 | 1
 10, 13 |  -8.7034356764056800e-04 |  -8.7034356764056800e-04 | 1
 10, 14 |   2.6411488202782922e-04 |   2.6411488202782922e-04 | 1
 10, 15 |   5.7678965544148253e-04 |   5.7678965544148253e-04 | 1
 10, 16 |  -1.5001821587692140e-04 |  -1.5001821587692140e-04 | 1
 10, 17 |   2.7273589277114745e-04 |   2.7273589277114745e-04 | 1
 10, 18 |  -2.7046742877603495e-04 |  -2.7046742877603495e-04 | 1
 10, 19 |   4.4324024874628878e-04 |   4.4324024874628878e-04 | 1
 10, 20 |  -3.5870920011400319e-04 |  -3.5870920011400319e-04 | 1
 10, 21 |   1.6081188478797074e-03 |   1.6081188478797074e-03 | 1
 10, 22 |  -3.4471683465591247e-05 |  -3.4471683465591247e-05 | 1
 10, 23 |   7.6147756979190549e-04 |   7.6147756979190549e-04 | 1
 10, 24 |   5.2069145169675942e-04 |   5.2069145169675942e-04 | 1
 10, 25 |   1.3344207340379606e-04 |   1.3344207340379606e-04 | 1
 10, 26 |   3.3904880366258192e-03 |   3.3904880366258192e-03 | 1
 10, 27 |   1.4307280382951674e-03 |   1.4307280382951674e-03 | 1
 10, 28 |  -3.3312562789864349e-06 |  -3.3312562789864349e-06 | 1
 10, 29 |   1.4500188244991599e-03 |   1.4500188244991599e-03 | 1
 10, 30 |   1.8182803739762122e-03 |   1.8182803739762122e-03 | 1
 11,  1 |   1.1592496904519712e-04 |   1.1592496904519712e-04 | 1
 11,  2 |   3.6976500211930791e-04 |   3.6976500211930791e-04 | 1
 11,  3 |   1.2120412864676989e-04 |   1.2120412864676989e-04 | 1
 11,  4 |   2.1325683436122209e-04 |   2.1325683436122209e-04 | 1
 11,  5 |   9.1461319358858895e-05 |   9.1461319358858895e-05 | 1
 11,  6 |   2.2571375438309047e-04 |   2.2571375438309047e-04 | 1
 11,  7 |   2.5421238801835386e-04 |   2.5421238801835386e-04 | 1
 11,  8 |   5.8734356483126178e-05 |   5.8734356483126178e-05 | 1
 11,  9 |   2.4808117134640618e-04 |   2.4808117134640618e-04 | 1
 11, 10 |   7.7989891977926686e-04 |   7.7989891977926686e-04 | 1
 11, 11 |   1.0538868145346918e-03 |   1.0538868145346918e-03 | 1
 11, 12 |  -2.9249100467149743e-04 |  -2.9249100467149743e-04 | 1
 11, 13 |  -9.3197062418590339e-05 |  -9.3197062418590339e-05 | 1
 11, 14 |   3.9033423837323293e-04 |   3.9033423837323293e-04 | 1
 11, 15 |   3.6109732001550325e-04 |   3.6109732001550325e-04 | 1
 11, 16 |   1.1830904835585435e-04 |   1.1830904835585435e-04 | 1
 11, 17 |   2.4089942226532846e-04 |   2.4089942226532846e-04 | 1
 11, 18 |   1.0270337651773958e-04 |   1.0270337651773958e-04 | 1
 11, 19 |   3.1042429086971634e-04 |   3.1042429086971634e-04 | 1
 11, 20 |   4.1165377865757167e-05 |   4.1165377865757167e-05 | 1
 11, 21 |   6.8107930112630305e-04 |   6.8107930112630305e-04 | 1
 11, 22 |   1.4758662141132784e-04 |   1.4758662141132784e-04 | 1
 11, 23 |   4.1906485322342900e-04 |   4.1906485322342900e-04 | 1
 11, 24 |   3.3412639813938975e-04 |   3.3412639813938975e-04 | 1
 11, 25 |   1.9972188287197817e-04 |   1.9972188287197817e-04 | 1
 11, 26 |   1.2496361429078567e-03 |   1.2496361429078567e-03 | 1
 11, 27 |   6.2203435284999622e-04 |   6.2203435284999622e-04 | 1
 11, 28 |   1.7359735820113862e-04 |   1.7359735820113862e-04 | 1
 11, 29 |   6.2290675790506076e-04 |   6.2290675790506076e-04 | 1
 11, 30 |   7.4426558667585279e-04 |   7.4426558667585279e-04 | 1
 12,  1 |   8.0682497823130481e-04 |   8.0682497823130481e-04 | 1
 12,  2 |  -2.1790540312728766e-04 |  -2.1790540312728766e-04 | 1
 12,  3 |   8.3949916556447061e-04 |   8.3949916556447061e-04 | 1
 12,  4 |   2.1987685578963716e-04 |   2.1987685578963716e-04 | 1
 12,  5 |   8.5695236270459229e-04 |   8.5695236270459229e-04 | 1
 12,  6 |   4.2185665129657333e-04 |   4.2185665129657333e-04 | 1
 12,  7 |   3.2629049029103072e-04 |   3.2629049029103072e-04 | 1
 12,  8 |   1.0330287943275097e-03 |   1.0330287943275097e-03 | 1
 12,  9 |   5.5480373997717066e-04 |   5.5480373997717066e-04 | 1
 12, 10 |  -1.5299965087159318e-03 |  -1.5299965087159318e-03 | 1
 12, 11 |  -2.9249100467149743e-04 |  -2.9249100467149743e-04 | 1
 12, 12 |   3.2654875571570116e-03 |   3.2654875571570116e-03 | 1
 12, 13 |   1.7127020697453011e-03 |   1.7127020697453011e-03 | 1
 12, 14 |   8.4982923603499892e-04 |   8.4982923603499892e-04 | 1
 12, 15 |  -3.1163283544538475e-05 |  -3.1163283544538475e-05 | 1
 12, 16 |   7.9160121282332218e-04 |   7.9160121282332218e-04 | 1
 12, 17 |   2.4997968870030300e-04 |   2.4997968870030300e-04 | 1
 12, 18 |   1.0200571166457941e-03 |   1.0200571166457941e-03 | 1
 12, 19 |   1.0222749681513377e-04 |   1.0222749681513377e-04 | 1
 12, 20 |   1.0034851928039383e-03 |   1.0034851928039383e-03 | 1
 12, 21 |  -1.2829552612835002e-03 |  -1.2829552612835002e-03 | 1
 12, 22 |   6.2692790560327791e-04 |   6.2692790560327791e-04 | 1
 12, 23 |  -2.4826673218493358e-04 |  -2.4826673218493358e-04 | 1
 12, 24 |   3.2340289492697831e-06 |   3.2340289492697831e-06 | 1
 12, 25 |   4.2940856805845942e-04 |   4.2940856805845942e-04 | 1
 12, 26 |  -3.3906561779344056e-03 |  -3.3906561779344056e-03 | 1
 12, 27 |  -1.0824334986954788e-03 |  -1.0824334986954788e-03 | 1
 12, 28 |   6.4829062763515288e-04 |   6.4829062763515288e-04 | 1
 12, 29 |  -1.1214462381351901e-03 |  -1.1214462381351901e-03 | 1
 12, 30 |  -1.5503998442036508e-03 |  -1.5503998442036508e-03 | 1
 13,  1 |   6.0185681941506944e-04 |   6.0185681941506944e-04 | 1
 13,  2 |  -5.4446507533012518e-05 |  -5.4446507533012518e-05 | 1
 13,  3 |   6.2614998018931003e-04 |   6.2614998018931003e-04 | 1
 13,  4 |   2.1212088447835080e-04 |   2.1212088447835080e-04 | 1
 13,  5 |   6.3091832949832864e-04 |   6.3091832949832864e-04 | 1
 13,  6 |   3.5889466554729361e-04 |   3.5889466554729361e-04 | 1
 13,  7 |   2.9929717653448106e-04 |   2.9929717653448106e-04 | 1
 13,  8 |   7.4639017961117271e-04 |   7.4639017961117271e-04 | 1
 13,  9 |   4.5845635275181771e-04 |   4.5845635275181771e-04 | 1
 13, 10 |  -8.7034356764056800e-04 |  -8.7034356764056800e-04 | 1
 13, 11 |  -9.3197062418590339e-05 |  -9.3197062418590339e-05 | 1
 13, 12 |   1.7127020697453011e-03 |   1.7127020697453011e-03 | 1
 13, 13 |   1.8543187671342474e-03 |   1.8543187671342474e-03 | 1
 13, 14 |   7.1098698792845675e-04 |   7.1098698792845675e-04 | 1
 13, 15 |   7.5421527470597062e-05 |   7.5421527470597062e-05 | 1
 13, 16 |   5.9162445245617866e-04 |   5.9162445245617866e-04 | 1
 13, 17 |   2.4253063563551419e-04 |   2.4253063563551419e-04 | 1
 13, 18 |   7.4911846073983540e-04 |   7.4911846073983540e-04 | 1
 13, 19 |   1.5594994360889909e-04 |   1.5594994360889909e-04 | 1
 13, 20 |   7.2060099963632170e-04 |   7.2060099963632170e-04 | 1
 13, 21 |  -7.2266828874041882e-04 |  -7.2266828874041882e-04 | 1
 13, 22 |   4.8175718430286906e-04 |   4.8175718430286906e-04 | 1
 13, 23 |  -6.2355918985808941e-05 |  -6.2355918985808941e-05 | 1
 13, 24 |   9.2766054142407055e-05 |   9.2766054142407055e-05 | 1
 13, 25 |   3.5840212510004346e-04 |   3.5840212510004346e-04 | 1
 13, 26 |  -2.0590869992258651e-03 |  -2.0590869992258651e-03 | 1
 13, 27 |  -5.9693575036403397e-04 |  -5.9693575036403397e-04 | 1
 13, 28 |   5.0504983470754357e-04 |   5.0504983470754357e-04 | 1
 13, 29 |  -6.2370673428857788e-04 |  -6.2370673428857788e-04 | 1
 13, 30 |  -8.9521751008842009e-04 |  -8.9521751008842009e-04 | 1
 14,  1 |   5.3725063562490641e-04 |   5.3725063562490641e-04 | 1
 14,  2 |   3.6354022191047907e-04 |   3.6354022191047907e-04 | 1
 14,  3 |   5.5906345247610243e-04 |   5.5906345247610243e-04 | 1
 14,  4 |   3.7645052514909897e-04 |   3.7645052514909897e-04 | 1
 14,  5 |   5.2730728965499798e-04 |   5.2730728965499798e-04 | 1
 14,  6 |   4.8564226583515629e-04 |   4.8564226583515629e-04 | 1
 14,  7 |   4.7777109113367758e-04 |   4.7777109113367758e-04 | 1
 14,  8 |   5.7251721714947834e-04 |   5.7251721714947834e-04 | 1
 14,  9 |   5.7453682460623177e-04 |   5.7453682460623177e-04 | 1
 14, 10 |   2.6411488202782922e-04 |   2.6411488202782922e-04 | 1
 14, 11 |   3.9033423837323293e-04 |   3.9033423837323293e-04 | 1
 14, 12 |   8.4982923603499892e-04 |   8.4982923603499892e-04 | 1
 14, 13 |   7.1098698792845675e-04 |   7.1098698792845675e-04 | 1
 14, 14 |   1.8856003575564921e-03 |   1.8856003575564921e-03 | 1
 14, 15 |   4.4301098148507635e-04 |   4.4301098148507635e-04 | 1
 14, 16 |   5.3247770765094734e-04 |   5.3247770765094734e-04 | 1
 14, 17 |   4.3439220296915995e-04 |   4.3439220296915995e-04 | 1
 14, 18 |   6.2581121760761161e-04 |   6.2581121760761161e-04 | 1
 14, 19 |   4.4818906797212450e-04 |   4.4818906797212450e-04 | 1
 14, 20 |   5.3771993345567005e-04 |   5.3771993345567005e-04 | 1
 14, 21 |   2.4651011646686011e-04 |   2.4651011646686011e-04 | 1
 14, 22 |   4.8675368745350648e-04 |   4.8675368745350648e-04 | 1
 14, 23 |   4.1438415451516776e-04 |   4.1438415451516776e-04 | 1
 14, 24 |   4.2495324558469846e-04 |   4.2495324558469846e-04 | 1
 14, 25 |   4.7164664486972906e-04 |   4.7164664486972906e-04 | 1
 14, 26 |  -3.9915967836976157e-05 |  -3.9915967836976157e-05 | 1
 14, 27 |   2.7279646615078676e-04 |   2.7279646615078676e-04 | 1
 14, 28 |   5.3429082011757605e-04 |   5.3429082011757605e-04 | 1
 14, 29 |   2.5669464787271697e-04 |   2.5669464787271697e-04 | 1
 14, 30 |   1.9586861513442035e-04 |   1.9586861513442035e-04 | 1
 15,  1 |   1.8363780235632510e-04 |   1.8363780235632510e-04 | 1
 15,  2 |   3.2129348814341637e-04 |   3.2129348814341637e-04 | 1
 15,  3 |   1.9148612661064066e-04 |   1.9148612661064066e-04 | 1
 15,  4 |   2.1726757022755470e-04 |   2.1726757022755470e-04 | 1
 15,  5 |   1.6621948304367144e-04 |   1.6621948304367144e-04 | 1
 15,  6 |   2.4864959361244933e-04 |   2.4864959361244933e-04 | 1
 15,  7 |   2.6625175295488432e-04 |   2.6625175295488432e-04 | 1
 15,  8 |   1.5202548383373628e-04 |   1.5202548383373628e-04 | 1
 15,  9 |   2.8193400784798297e-04 |   2.8193400784798297e-04 | 1
 15, 10 |   5.7678965544148253e-04 |   5.7678965544148253e-04 | 1
 15, 11 |   3.6109732001550325e-04 |   3.6109732001550325e-04 | 1
 15, 12 |  -3.1163283544538475e-05 |  -3.1163283544538475e-05 | 1
 15, 13 |   7.5421527470597062e-05 |   7.5421527470597062e-05 | 1
 15, 14 |   4.4301098148507635e-04 |   4.4301098148507635e-04 | 1
 15, 15 |   4.5628820422506341e-04 |   4.5628820422506341e-04 | 1
 15, 16 |   1.8405746126421763e-04 |   1.8405746126421763e-04 | 1
 15, 17 |   2.4659147729704639e-04 |   2.4659147729704639e-04 | 1
 15, 18 |   1.9117422048078845e-04 |   1.9117422048078845e-04 | 1
 15, 19 |   2.9643777711156984e-04 |   2.9643777711156984e-04 | 1
 15, 20 |   1.3275136396226174e-04 |   1.3275136396226174e-04 | 1
 15, 21 |   5.0913939328440551e-04 |   5.0913939328440551e-04 | 1
 15, 22 |   1.9550364161414997e-04 |   1.9550364161414997e-04 | 1
 15, 23 |   3.6407730502355446e-04 |   3.6407730502355446e-04 | 1
 15, 24 |   3.0940281832859029e-04 |   3.0940281832859029e-04 | 1
 15, 25 |   2.2509947241040762e-04 |   2.2509947241040762e-04 | 1
 15, 26 |   8.3541547453291833e-04 |   8.3541547453291833e-04 | 1
 15, 27 |   4.7271132093189164e-04 |   4.7271132093189164e-04 | 1
 15, 28 |   2.2135405682722001e-04 |   2.2135405682722001e-04 | 1
 15, 29 |   4.7021890262446693e-04 |   4.7021890262446693e-04 | 1
 15, 30 |   5.4147792845773263e-04 |   5.4147792845773263e-04 | 1
 16,  1 |   3.6533907197965412e-04 |   3.6533907197965412e-04 | 1
 16,  2 |   1.1875031147621282e-04 |   1.1875031147621282e-04 | 1
 16,  3 |   3.8036186525076325e-04 |   3.8036186525076325e-04 | 1
 16,  4 |   1.9819426554640749e-04 |   1.9819426554640749e-04 | 1
 16,  5 |   3.7093555078875095e-04 |   3.7093555078875095e-04 | 1
 16,  6 |   2.8027062280552465e-04 |   2.8027062280552465e-04 | 1
 16,  7 |   2.5997225207787243e-04 |   2.5997225207787243e-04 | 1
 16,  8 |   4.1912618268769703e-04 |   4.1912618268769703e-04 | 1
 16,  9 |   3.4200958951702450e-04 |   3.4200958951702450e-04 | 1
 16, 10 |  -1.5001821587692140e-04 |  -1.5001821587692140e-04 | 1
 16, 11 |   1.1830904835585435e-04 |   1.1830904835585435e-04 | 1
 16, 12 |   7.9160121282332218e-04 |   7.9160121282332218e-04 | 1
 16, 13 |   5.9162445245617866e-04 |   5.9162445245617866e-04 | 1
 16, 14 |   5.3247770765094734e-04 |   5.3247770765094734e-04 | 1
 16, 15 |   1.8405746126421763e-04 |   1.8405746126421763e-04 | 1
 16, 16 |   5.4256383636592696e-04 |   5.4256383636592696e-04 | 1
 16, 17 |   2.2472697890768935e-04 |   2.2472697890768935e-04 | 1
 16, 18 |   4.3834733144288546e-04 |   4.3834733144288546e-04 | 1
 16, 19 |   2.0692841859555605e-04 |   2.0692841859555605e-04 | 1
 16, 20 |   3.9859178226220847e-04 |   3.9859178226220847e-04 | 1
 16, 21 |  -1.1153273400381497e-04 |  -1.1153273400381497e-04 | 1
 16, 22 |   3.1443568239087672e-04 |   3.1443568239087672e-04 | 1
 16, 23 |   1.3432849219717220e-04 |   1.3432849219717220e-04 | 1
 16, 24 |   1.8251191194897060e-04 |   1.8251191194897060e-04 | 1
 16, 25 |   2.7026719226510415e-04 |   2.7026719226510415e-04 | 1
 16, 26 |  -5.9284761350338565e-04 |  -5.9284761350338565e-04 | 1
 16, 27 |  -6.8045724131144184e-05 |  -6.8045724131144184e-05 | 1
 16, 28 |   3.3736114774639655e-04 |   3.3736114774639655e-04 | 1
 16, 29 |  -8.1909180790608685e-05 |  -8.1909180790608685e-05 | 1
 16, 30 |  -1.7754172012662101e-04 |  -1.7754172012662101e-04 | 1
 17,  1 |   2.2590111385436930e-04 |   2.2590111385436930e-04 | 1
 17,  2 |   2.1906775895179760e-04 |   2.1906775895179760e-04 | 1
 17,  3 |   2.3526270452699715e-04 |   2.3526270452699715e-04 | 1
 17,  4 |   1.8813185507115282e-04 |   1.8813185507115282e-04 | 1
 17,  5 |   2.1735197062506916e-04 |   2.1735197062506916e-04 | 1
 17,  6 |   2.3249067714515643e-04 |   2.3249067714515643e-04 | 1
 17,  7 |   2.3568965278809853e-04 |   2.3568965278809853e-04 | 1
 17,  8 |   2.2627369528305827e-04 |   2.2627369528305827e-04 | 1
 17,  9 |   2.7118216561414807e-04 |   2.7118216561414807e-04 | 1
 17, 10 |   2.7273589277114745e-04 |   2.7273589277114745e-04 | 1
 17, 11 |   2.4089942226532846e-04 |   2.4089942226532846e-04 | 1
 17, 12 |   2.4997968870030300e-04 |   2.4997968870030300e-04 | 1
 17, 13 |   2.4253063563551419e-04 |   2.4253063563551419e-04 | 1
 17, 14 |   4.3439220296915995e-04 |   4.3439220296915995e-04 | 1
 17, 15 |   2.4659147729704639e-04 |   2.4659147729704639e-04 | 1
 17, 16 |   2.2472697890768935e-04 |   2.2472697890768935e-04 | 1
 17, 17 |   1.0574723005445537e-03 |   1.0574723005445537e-03 | 1
 17, 18 |   2.5547646688370859e-04 |   2.5547646688370859e-04 | 1
 17, 19 |   2.3608897947000461e-04 |   2.3608897947000461e-04 | 1
 17, 20 |   2.0865514171395733e-04 |   2.0865514171395733e-04 | 1
 17, 21 |   2.4599809374962507e-04 |   2.4599809374962507e-04 | 1
 17, 22 |   2.1435155113800887e-04 |   2.1435155113800887e-04 | 1
 17, 23 |   2.4866117789175586e-04 |   2.4866117789175586e-04 | 1
 17, 24 |   2.3397692909320271e-04 |   2.3397692909320271e-04 | 1
 17, 25 |   2.1891284412143755e-04 |   2.1891284412143755e-04 | 1
 17, 26 |   2.6678267175610730e-04 |   2.6678267175610730e-04 | 1
 17, 27 |   2.4153233645181151e-04 |   2.4153233645181151e-04 | 1
 17, 28 |   2.3773095218566513e-04 |   2.3773095218566513e-04 | 1
 17, 29 |   2.3558750256491698e-04 |   2.3558750256491698e-04 | 1
 17, 30 |   2.4166423061525313e-04 |   2.4166423061525313e-04 | 1
 18,  1 |   4.4415308377863645e-04 |   4.4415308377863645e-04 | 1
 18,  2 |   1.0858164171825259e-04 |   1.0858164171825259e-04 | 1
 18,  3 |   4.6221889581304356e-04 |   4.6221889581304356e-04 | 1
 18,  4 |   2.2431380830467850e-04 |   2.2431380830467850e-04 | 1
 18,  5 |   4.5436913979311517e-04 |   4.5436913979311517e-04 | 1
 18,  6 |   3.2605402302854944e-04 |   3.2605402302854944e-04 | 1
 18,  7 |   2.9787043664139773e-04 |   2.9787043664139773e-04 | 1
 18,  8 |   5.1745617032941129e-04 |   5.1745617032941129e-04 | 1
 18,  9 |   4.0098648878945275e-04 |   4.0098648878945275e-04 | 1
 18, 10 |  -2.7046742877603495e-04 |  -2.7046742877603495e-04 | 1
 18, 11 |   1.0270337651773958e-04 |   1.0270337651773958e-04 | 1
 18, 12 |   1.0200571166457941e-03 |   1.0200571166457941e-03 | 1
 18, 13 |   7.4911846073983540e-04 |   7.4911846073983540e-04 | 1
 18, 14 |   6.2581121760761161e-04 |   6.2581121760761161e-04 | 1
 18, 15 |   1.9117422048078845e-04 |   1.9117422048078845e-04 | 1
 18, 16 |   4.3834733144288546e-04 |   4.3834733144288546e-04 | 1
 18, 17 |   2.5547646688370859e-04 |   2.5547646688370859e-04 | 1
 18, 18 |   1.3757184274093492e-03 |   1.3757184274093492e-03 | 1
 18, 19 |   2.2488152842505181e-04 |   2.2488152842505181e-04 | 1
 18, 20 |   4.9477934237777846e-04 |   4.9477934237777846e-04 | 1
 18, 21 |  -2.1194550639672889e-04 |  -2.1194550639672889e-04 | 1
 18, 22 |   3.7742237681440914e-04 |   3.7742237681440914e-04 | 1
 18, 23 |   1.2298079239071635e-04 |   1.2298079239071635e-04 | 1
 18, 24 |   1.9235163164378819e-04 |   1.9235163164378819e-04 | 1
 18, 25 |   3.1584110121692327e-04 |   3.1584110121692327e-04 | 1
 18, 26 |  -8.7427716615796208e-04 |  -8.7427716615796208e-04 | 1
 18, 27 |  -1.5198865614394279e-04 |  -1.5198865614394279e-04 | 1
 18, 28 |   4.0259274819417085e-04 |   4.0259274819417085e-04 | 1
 18, 29 |  -1.6890712045097820e-04 |  -1.6890712045097820e-04 | 1
 18, 30 |  -3.0171160347595272e-04 |  -3.0171160347595272e-04 | 1
 19,  1 |   2.0701446596280333e-04 |   2.0701446596280333e-04 | 1
 19,  2 |   2.7868888776420311e-04 |   2.7868888776420311e-04 | 1
 19,  3 |   2.1582494821258325e-04 |   2.1582494821258325e-04 | 1
 19,  4 |   2.0784808821930787e-04 |   2.0784808821930787e-04 | 1
 19,  5 |   1.9325461434148045e-04 |   1.9325461434148045e-04 | 1
 19,  6 |   2.4569645864546438e-04 |   2.4569645864546438e-04 | 1
 19,  7 |   2.5647475173008738e-04 |   2.5647475173008738e-04 | 1
 19,  8 |   1.8981481707912846e-04 |   1.8981481707912846e-04 | 1
 19,  9 |   2.8300458719272685e-04 |   2.8300458719272685e-04 | 1
 19, 10 |   4.4324024874628878e-04 |   4.4324024874628878e-04 | 1
 19, 11 |   3.1042429086971634e-04 |   3.1042429086971634e-04 | 1
 19, 12 |   1.0222749681513377e-04 |   1.0222749681513377e-04 | 1
 19, 13 |   1.5594994360889909e-04 |   1.5594994360889909e-04 | 1
 19, 14 |   4.4818906797212450e-04 |   4.4818906797212450e-04 | 1
 19, 15 |   2.9643777711156984e-04 |   2.9643777711156984e-04 | 1
 19, 16 |   2.0692841859555605e-04 |   2.0692841859555605e-04 | 1
 19, 17 |   2.3608897947000461e-04 |   2.3608897947000461e-04 | 1
 19, 18 |   2.2488152842505181e-04 |   2.2488152842505181e-04 | 1
 19, 19 |   6.9044065363078129e-04 |   6.9044065363078129e-04 | 1
 19, 20 |   1.7177541002666062e-04 |   1.7177541002666062e-04 | 1
 19, 21 |   3.9316936058292145e-04 |   3.9316936058292145e-04 | 1
 19, 22 |   2.0945913735802318e-04 |   2.0945913735802318e-04 | 1
 19, 23 |   3.1618572904530961e-04 |   3.1618572904530961e-04 | 1
 19, 24 |   2.7910713614256685e-04 |   2.7910713614256685e-04 | 1
 19, 25 |   2.2608339859997450e-04 |   2.2608339859997450e-04 | 1
 19, 26 |   5.7999131599870309e-04 |   5.7999131599870309e-04 | 1
 19, 27 |   3.7137797745704395e-04 |   3.7137797745704395e-04 | 1
 19, 28 |   2.3341049754746908e-04 |   2.3341049754746908e-04 | 1
 19, 29 |   3.6697092128443805e-04 |   3.6697092128443805e-04 | 1
 19, 30 |   4.0899828771972797e-04 |   4.0899828771972797e-04 | 1
 20,  1 |   4.0410879059746464e-04 |   4.0410879059746464e-04 | 1
 20,  2 |   5.3367463182332379e-05 |   5.3367463182332379e-05 | 1
 20,  3 |   4.2054380550433056e-04 |   4.2054380550433056e-04 | 1
 20,  4 |   1.8682606890541435e-04 |   1.8682606890541435e-04 | 1
 20,  5 |   4.1764398556381707e-04 |   4.1764398556381707e-04 | 1
 20,  6 |   2.7736860531405653e-04 |   2.7736860531405653e-04 | 1
 20,  7 |   2.4761696298448012e-04 |   2.4761696298448012e-04 | 1
 20,  8 |   4.8112767884707418e-04 |   4.8112767884707418e-04 | 1
 20,  9 |   3.4577706440607143e-04 |   3.4577706440607143e-04 | 1
 20, 10 |  -3.5870920011400319e-04 |  -3.5870920011400319e-04 | 1
 20, 11 |   4.1165377865757167e-05 |   4.1165377865757167e-05 | 1
 20, 12 |   1.0034851928039383e-03 |   1.0034851928039383e-03 | 1
 20, 13 |   7.2060099963632170e-04 |   7.2060099963632170e-04 | 1
 20, 14 |   5.3771993345567005e-04 |   5.3771993345567005e-04 | 1
 20, 15 |   1.3275136396226174e-04 |   1.3275136396226174e-04 | 1
 20, 16 |   3.9859178226220847e-04 |   3.9859178226220847e-04 | 1
 20, 17 |   2.0865514171395733e-04 |   2.0865514171395733e-04 | 1
 20, 18 |   4.9477934237777846e-04 |   4.9477934237777846e-04 | 1
 20, 19 |   1.7177541002666062e-04 |   1.7177541002666062e-04 | 1
 20, 20 |   2.8919899589368984e-03 |   2.8919899589368984e-03 | 1
 20, 21 |  -2.9124452124799124e-04 |  -2.9124452124799124e-04 | 1
 20, 22 |   3.3605194354898067e-04 |   3.3605194354898067e-04 | 1
 20, 23 |   6.1108763476222901e-05 |   6.1108763476222901e-05 | 1
 20, 24 |   1.3719412269461552e-04 |   1.3719412269461552e-04 | 1
 20, 25 |   2.7295046288499628e-04 |   2.7295046288499628e-04 | 1
 20, 26 |  -9.9176599568865775e-04 |  -9.9176599568865775e-04 | 1
 20, 27 |  -2.2663891417171953e-04 |  -2.2663891417171953e-04 | 1
 20, 28 |   3.5776259810034081e-04 |   3.5776259810034081e-04 | 1
 20, 29 |  -2.4184385045076292e-04 |  -2.4184385045076292e-04 | 1
 20, 30 |  -3.8442600510629114e-04 |  -3.8442600510629114e-04 | 1
 21,  1 |  -1.1991965051098873e-04 |  -1.1991965051098873e-04 | 1
 21,  2 |   5.8561452744541323e-04 |   5.8561452744541323e-04 | 1
 21,  3 |  -1.2403720217584553e-04 |  -1.2403720217584553e-04 | 1
 21,  4 |   2.1926591236747943e-04 |   2.1926591236747943e-04 | 1
 21,  5 |  -1.7001274206728472e-04 |  -1.7001274206728472e-04 | 1
 21,  6 |   1.6472095098600659e-04 |   1.6472095098600659e-04 | 1
 21,  7 |   2.3799347727433237e-04 |   2.3799347727433237e-04 | 1
 21,  8 |  -2.7779397751126087e-04 |  -2.7779397751126087e-04 | 1
 21,  9 |   1.4941563928202171e-04 |   1.4941563928202171e-04 | 1
 21, 10 |   1.6081188478797074e-03 |   1.6081188478797074e-03 | 1
 21, 11 |   6.8107930112630305e-04 |   6.8107930112630305e-04 | 1
 21, 12 |  -1.2829552612835002e-03 |  -1.2829552612835002e-03 | 1
 21, 13 |  -7.2266828874041882e-04 |  -7.2266828874041882e-04 | 1
 21, 14 |   2.4651011646686011e-04 |   2.4651011646686011e-04 | 1
 21, 15 |   5.0913939328440551e-04 |   5.0913939328440551e-04 | 1
 21, 16 |  -1.1153273400381497e-04 |  -1.1153273400381497e-04 | 1
 21, 17 |   2.4599809374962507e-04 |   2.4599809374962507e-04 | 1
 21, 18 |  -2.1194550639672889e-04 |  -2.1194550639672889e-04 | 1
 21, 19 |   3.9316936058292145e-04 |   3.9316936058292145e-04 | 1
 21, 20 |  -2.9124452124799124e-04 |  -2.9124452124799124e-04 | 1
 21, 21 |   3.5928611305528972e-03 |   3.5928611305528972e-03 | 1
 21, 22 |  -1.4330283083339911e-05 |  -1.4330283083339911e-05 | 1
 21, 23 |   6.6494369416760695e-04 |   6.6494369416760695e-04 | 1
 21, 24 |   4.5963704047289190e-04 |   4.5963704047289190e-04 | 1
 21, 25 |   1.2656860644613419e-04 |   1.2656860644613419e-04 | 1
 21, 26 |   2.9018305248393874e-03 |   2.9018305248393874e-03 | 1
 21, 27 |   1.2335262691232723e-03 |   1.2335262691232723e-03 | 1
 21, 28 |   1.4216581612742072e-05 |   1.4216581612742072e-05 | 1
 21, 29 |   1.2486485550500452e-03 |   1.2486485550500452e-03 | 1
 21, 30 |   1.5640991616048031e-03 |   1.5640991616048031e-03 | 1
 22,  1 |   3.1801528620276526e-04 |   3.1801528620276526e-04 | 1
 22,  2 |   1.4237144782637816e-04 |   1.4237144782637816e-04 | 1
 22,  3 |   3.3150342943823435e-04 |   3.3150342943823435e-04 | 1
 22,  4 |   1.9273285036686220e-04 |   1.9273285036686220e-04 | 1
 22,  5 |   3.2149640475514048e-04 |   3.2149640475514048e-04 | 1
 22,  6 |   2.5977914436716635e-04 |   2.5977914436716635e-04 | 1
 22,  7 |   2.4744526915887282e-04 |   2.4744526915887282e-04 | 1
 22,  8 |   3.5539955470538048e-04 |   3.5539955470538048e-04 | 1
 22,  9 |   3.1560557041555566e-04 |   3.1560557041555566e-04 | 1
 22, 10 |  -3.4471683465591247e-05 |  -3.4471683465591247e-05 | 1
 22, 11 |   1.4758662141132784e-04 |   1.4758662141132784e-04 | 1
 22, 12 |   6.2692790560327791e-04 |   6.2692790560327791e-04 | 1
 22, 13 |   4.8175718430286906e-04 |   4.8175718430286906e-04 | 1
 22, 14 |   4.8675368745350648e-04 |   4.8675368745350648e-04 | 1
 22, 15 |   1.9550364161414997e-04 |   1.9550364161414997e-04 | 1
 22, 16 |   3.1443568239087672e-04 |   3.1443568239087672e-04 | 1
 22, 17 |   2.1435155113800887e-04 |   2.1435155113800887e-04 | 1
 22, 18 |   3.7742237681440914e-04 |   3.7742237681440914e-04 | 1
 22, 19 |   2.0945913735802318e-04 |   2.0945913735802318e-04 | 1
 22, 20 |   3.3605194354898067e-04 |   3.3605194354898067e-04 | 1
 22, 21 |  -1.4330283083339911e-05 |  -1.4330283083339911e-05 | 1
 22, 22 |   1.5324398664545494e-03 |   1.5324398664545494e-03 | 1
 22, 23 |   1.6198400074526946e-04 |   1.6198400074526946e-04 | 1
 22, 24 |   1.9040306110508934e-04 |   1.9040306110508934e-04 | 1
 22, 25 |   2.4705178606175353e-04 |   2.4705178606175353e-04 | 1
 22, 26 |  -3.4869563390086474e-04 |  -3.4869563390086474e-04 | 1
 22, 27 |   1.4394696636088054e-05 |   1.4394696636088054e-05 | 1
 22, 28 |   3.0049522630553997e-04 |   3.0049522630553997e-04 | 1
 22, 29 |   2.3588438140814677e-06 |   2.3588438140814677e-06 | 1
 22, 30 |  -6.2813155918575289e-05 |  -6.2813155918575289e-05 | 1
 23,  1 |   1.3229639660957624e-04 |   1.3229639660957624e-04 | 1
 23,  2 |   3.6963463897968013e-04 |   3.6963463897968013e-04 | 1
 23,  3 |   1.3819563773294862e-04 |   1.3819563773294862e-04 | 1
 23,  4 |   2.2096879410075609e-04 |   2.2096879410075609e-04 | 1
 23,  5 |   1.0911771078411369e-04 |   1.0911771078411369e-04 | 1
 23,  6 |   2.3554510808154066e-04 |   2.3554510808154066e-04 | 1
 23,  7 |   2.6313943897681845e-04 |   2.6313943897681845e-04 | 1
 23,  8 |   7.8474125481457942e-05 |   7.8474125481457942e-05 | 1
 23,  9 |   2.6167440565374696e-04 |   2.6167440565374696e-04 | 1
 23, 10 |   7.6147756979190549e-04 |   7.6147756979190549e-04 | 1
 23, 11 |   4.1906485322342900e-04 |   4.1906485322342900e-04 | 1
 23, 12 |  -2.4826673218493358e-04 |  -2.4826673218493358e-04 | 1
 23, 13 |  -6.2355918985808941e-05 |  -6.2355918985808941e-05 | 1
 23, 14 |   4.1438415451516776e-04 |   4.1438415451516776e-04 | 1
 23, 15 |   3.6407730502355446e-04 |   3.6407730502355446e-04 | 1
 23, 16 |   1.3432849219717220e-04 |   1.3432849219717220e-04 | 1
 23, 17 |   2.4866117789175586e-04 |   2.4866117789175586e-04 | 1
 23, 18 |   1.2298079239071635e-04 |   1.2298079239071635e-04 | 1
 23, 19 |   3.1618572904530961e-04 |   3.1618572904530961e-04 | 1
 23, 20 |   6.1108763476222901e-05 |   6.1108763476222901e-05 | 1
 23, 21 |   6.6494369416760695e-04 |   6.6494369416760695e-04 | 1
 23, 22 |   1.6198400074526946e-04 |   1.6198400074526946e-04 | 1
 23, 23 |   5.7286203398404002e-04 |   5.7286203398404002e-04 | 1
 23, 24 |   3.3766862666314407e-04 |   3.3766862666314407e-04 | 1
 23, 25 |   2.1055785594717590e-04 |   2.1055785594717590e-04 | 1
 23, 26 |   1.2008795575316352e-03 |   1.2008795575316352e-03 | 1
 23, 27 |   6.0824169025020089e-04 |   6.0824169025020089e-04 | 1
 23, 28 |   1.8750068688335006e-04 |   1.8750068688335006e-04 | 1
 23, 29 |   6.0934268473962039e-04 |   6.0934268473962039e-04 | 1
 23, 30 |   7.2296568403402311e-04 |   7.2296568403402311e-04 | 1
 24,  1 |   1.8194429794809677e-04 |   1.8194429794809677e-04 | 1
 24,  2 |   2.9784487791294380e-04 |   2.9784487791294380e-04 | 1
 24,  3 |   1.8972301667960999e-04 |   1.8972301667960999e-04 | 1
 24,  4 |   2.0720225501315900e-04 |   2.0720225501315900e-04 | 1
 24,  5 |   1.6612873201970883e-04 |   1.6612873201970883e-04 | 1
 24,  6 |   2.3779689317771725e-04 |   2.3779689317771725e-04 | 1
 24,  7 |   2.5293651688002310e-04 |   2.5293651688002310e-04 | 1
 24,  8 |   1.5531116859799192e-04 |   1.5531116859799192e-04 | 1
 24,  9 |   2.7027491059110754e-04 |   2.7027491059110754e-04 | 1
 24, 10 |   5.2069145169675942e-04 |   5.2069145169675942e-04 | 1
 24, 11 |   3.3412639813938975e-04 |   3.3412639813938975e-04 | 1
 24, 12 |   3.2340289492697831e-06 |   3.2340289492697831e-06 | 1
 24, 13 |   9.2766054142407055e-05 |   9.2766054142407055e-05 | 1
 24, 14 |   4.2495324558469846e-04 |   4.2495324558469846e-04 | 1
 24, 15 |   3.0940281832859029e-04 |   3.0940281832859029e-04 | 1
 24, 16 |   1.8251191194897060e-04 |   1.8251191194897060e-04 | 1
 24, 17 |   2.3397692909320271e-04 |   2.3397692909320271e-04 | 1
 24, 18 |   1.9235163164378819e-04 |   1.9235163164378819e-04 | 1
 24, 19 |   2.7910713614256685e-04 |   2.7910713614256685e-04 | 1
 24, 20 |   1.3719412269461552e-04 |   1.3719412269461552e-04 | 1
 24, 21 |   4.5963704047289190e-04 |   4.5963704047289190e-04 | 1
 24, 22 |   1.9040306110508934e-04 |   1.9040306110508934e-04 | 1
 24, 23 |   3.3766862666314407e-04 |   3.3766862666314407e-04 | 1
 24, 24 |   8.3240511246738223e-04 |   8.3240511246738223e-04 | 1
 24, 25 |   2.1693287926876042e-04 |   2.1693287926876042e-04 | 1
 24, 26 |   7.3912523285129031e-04 |   7.3912523285129031e-04 | 1
 24, 27 |   4.2905473660178266e-04 |   4.2905473660178266e-04 | 1
 24, 28 |   2.1593602698308885e-04 |   2.1593602698308885e-04 | 1
 24, 29 |   4.2622910713048057e-04 |   4.2622910713048057e-04 | 1
 24, 30 |   4.8727008141285014e-04 |   4.8727008141285014e-04 | 1
 25,  1 |   2.7196505726251883e-04 |   2.7196505726251883e-04 | 1
 25,  2 |   1.8526717538856085e-04 |   1.8526717538856085e-04 | 1
 25,  3 |   2.8300664971346232e-04 |   2.8300664971346232e-04 | 1
 25,  4 |   1.9122962572157677e-04 |   1.9122962572157677e-04 | 1
 25,  5 |   2.6788732335080833e-04 |   2.6788732335080833e-04 | 1
 25,  6 |   2.4857305853897443e-04 |   2.4857305853897443e-04 | 1
 25,  7 |   2.4336464887700072e-04 |   2.4336464887700072e-04 | 1
 25,  8 |   2.8993545417101428e-04 |   2.8993545417101428e-04 | 1
 25,  9 |   2.9450215851189825e-04 |   2.9450215851189825e-04 | 1
 25, 10 |   1.3344207340379606e-04 |   1.3344207340379606e-04 | 1
 25, 11 |   1.9972188287197817e-04 |   1.9972188287197817e-04 | 1
 25, 12 |   4.2940856805845942e-04 |   4.2940856805845942e-04 | 1
 25, 13 |   3.5840212510004346e-04 |   3.5840212510004346e-04 | 1
 25, 14 |   4.7164664486972906e-04 |   4.7164664486972906e-04 | 1
 25, 15 |   2.2509947241040762e-04 |   2.2509947241040762e-04 | 1
 25, 16 |   2.7026719226510415e-04 |   2.7026719226510415e-04 | 1
 25, 17 |   2.1891284412143755e-04 |   2.1891284412143755e-04 | 1
 25, 18 |   3.1584110121692327e-04 |   3.1584110121692327e-04 | 1
 25, 19 |   2.2608339859997450e-04 |   2.2608339859997450e-04 | 1
 25, 20 |   2.7295046288499628e-04 |   2.7295046288499628e-04 | 1
 25, 21 |   1.2656860644613419e-04 |   1.2656860644613419e-04 | 1
 25, 22 |   2.4705178606175353e-04 |   2.4705178606175353e-04 | 1
 25, 23 |   2.1055785594717590e-04 |   2.1055785594717590e-04 | 1
 25, 24 |   2.1693287926876042e-04 |   2.1693287926876042e-04 | 1
 25, 25 |   1.7781591510406551e-03 |   1.7781591510406551e-03 | 1
 25, 26 |  -1.8726090955100653e-05 |  -1.8726090955100653e-05 | 1
 25, 27 |   1.3889986108664963e-04 |   1.3889986108664963e-04 | 1
 25, 28 |   2.7115387276919274e-04 |   2.7115387276919274e-04 | 1
 25, 29 |   1.3048927955205616e-04 |   1.3048927955205616e-04 | 1
 25, 30 |   1.0292937320154340e-04 |   1.0292937320154340e-04 | 1
 26,  1 |  -6.1444933374612469e-04 |  -6.1444933374612469e-04 | 1
 26,  2 |   1.0570910431635331e-03 |   1.0570910431635331e-03 | 1
 26,  3 |  -6.3825173224997490e-04 |  -6.3825173224997490e-04 | 1
 26,  4 |   2.3682100504753792e-04 |   2.3682100504753792e-04 | 1
 26,  5 |  -7.2211268523027011e-04 |  -7.2211268523027011e-04 | 1
 26,  6 |   4.4407999592619205e-05 |   4.4407999592619205e-05 | 1
 26,  7 |   2.1232581118512515e-04 |   2.1232581118512515e-04 | 1
 26,  8 |  -9.8622794776474483e-04 |  -9.8622794776474483e-04 | 1
 26,  9 |  -4.7935254429432690e-05 |  -4.7935254429432690e-05 | 1
 26, 10 |   3.3904880366258192e-03 |   3.3904880366258192e-03 | 1
 26, 11 |   1.2496361429078567e-03 |   1.2496361429078567e-03 | 1
 26, 12 |  -3.3906561779344056e-03 |  -3.3906561779344056e-03 | 1
 26, 13 |  -2.0590869992258651e-03 |  -2.0590869992258651e-03 | 1
 26, 14 |  -3.9915967836976157e-05 |  -3.9915967836976157e-05 | 1
 26, 15 |   8.3541547453291833e-04 |   8.3541547453291833e-04 | 1
 26, 16 |  -5.9284761350338565e-04 |  -5.9284761350338565e-04 | 1
 26, 17 |   2.6678267175610730e-04 |   2.6678267175610730e-04 | 1
 26, 18 |  -8.7427716615796208e-04 |  -8.7427716615796208e-04 | 1
 26, 19 |   5.7999131599870309e-04 |   5.7999131599870309e-04 | 1
 26, 20 |  -9.9176599568865775e-04 |  -9.9176599568865775e-04 | 1
 26, 21 |   2.9018305248393874e-03 |   2.9018305248393874e-03 | 1
 26, 22 |  -3.4869563390086474e-04 |  -3.4869563390086474e-04 | 1
 26, 23 |   1.2008795575316352e-03 |   1.2008795575316352e-03 | 1
 26, 24 |   7.3912523285129031e-04 |   7.3912523285129031e-04 | 1
 26, 25 |  -1.8726090955100653e-05 |  -1.8726090955100653e-05 | 1
 26, 26 |   6.5673048769556049e-03 |   6.5673048769556049e-03 | 1
 26, 27 |   2.5524579624637608e-03 |   2.5524579624637608e-03 | 1
 26, 28 |  -3.1547869971090440e-04 |  -3.1547869971090440e-04 | 1
 26, 29 |   2.5982708330796736e-03 |   2.5982708330796736e-03 | 1
 26, 30 |   3.3294982389015905e-03 |   3.3294982389015905e-03 | 1
 27,  1 |  -7.5468300183278384e-05 |  -7.5468300183278384e-05 | 1
 27,  2 |   5.3618808230723129e-04 |   5.3618808230723129e-04 | 1
 27,  3 |  -7.7979537854687702e-05 |  -7.7979537854687702e-05 | 1
 27,  4 |   2.1190785210803038e-04 |   2.1190785210803038e-04 | 1
 27,  5 |  -1.2164255038956819e-04 |  -1.2164255038956819e-04 | 1
 27,  6 |   1.7275284124048149e-04 |   1.7275284124048149e-04 | 1
 27,  7 |   2.3554720676088046e-04 |   2.3554720676088046e-04 | 1
 27,  8 |  -2.1232477920743399e-04 |  -2.1232477920743399e-04 | 1
 27,  9 |   1.6376935044278500e-04 |   1.6376935044278500e-04 | 1
 27, 10 |   1.4307280382951674e-03 |   1.4307280382951674e-03 | 1
 27, 11 |   6.2203435284999622e-04 |   6.2203435284999622e-04 | 1
 27, 12 |  -1.0824334986954788e-03 |  -1.0824334986954788e-03 | 1
 27, 13 |  -5.9693575036403397e-04 |  -5.9693575036403397e-04 | 1
 27, 14 |   2.7279646615078676e-04 |   2.7279646615078676e-04 | 1
 27, 15 |   4.7271132093189164e-04 |   4.7271132093189164e-04 | 1
 27, 16 |  -6.8045724131144184e-05 |  -6.8045724131144184e-05 | 1
 27, 17 |   2.4153233645181151e-04 |   2.4153233645181151e-04 | 1
 27, 18 |  -1.5198865614394279e-04 |  -1.5198865614394279e-04 | 1
 27, 19 |   3.7137797745704395e-04 |   3.7137797745704395e-04 | 1
 27, 20 |  -2.2663891417171953e-04 |  -2.2663891417171953e-04 | 1
 27, 21 |   1.2335262691232723e-03 |   1.2335262691232723e-03 | 1
 27, 22 |   1.4394696636088054e-05 |   1.4394696636088054e-05 | 1
 27, 23 |   6.0824169025020089e-04 |   6.0824169025020089e-04 | 1
 27, 24 |   4.2905473660178266e-04 |   4.2905473660178266e-04 | 1
 27, 25 |   1.3889986108664963e-04 |   1.3889986108664963e-04 | 1
 27, 26 |   2.5524579624637608e-03 |   2.5524579624637608e-03 | 1
 27, 27 |   1.3918974138960281e-03 |   1.3918974138960281e-03 | 1
 27, 28 |   4.3136535201052423e-05 |   4.3136535201052423e-05 | 1
 27, 29 |   1.1147250306097188e-03 |   1.1147250306097188e-03 | 1
 27, 30 |   1.3895205514980202e-03 |   1.3895205514980202e-03 | 1
 28,  1 |   3.4052740755416140e-04 |   3.4052740755416140e-04 | 1
 28,  2 |   1.6550135476786117e-04 |   1.6550135476786117e-04 | 1
 28,  3 |   3.5459517608199607e-04 |   3.5459517608199607e-04 | 1
 28,  4 |   2.0919681042392126e-04 |   2.0919681042392126e-04 | 1
 28,  5 |   3.4156467514436759e-04 |   3.4156467514436759e-04 | 1
 28,  6 |   2.8373180367780645e-04 |   2.8373180367780645e-04 | 1
 28,  7 |   2.7064899542421188e-04 |   2.7064899542421188e-04 | 1
 28,  8 |   3.7852316000711918e-04 |   3.7852316000711918e-04 | 1
 28,  9 |   3.4179647790162491e-04 |   3.4179647790162491e-04 | 1
 28, 10 |  -3.3312562789864349e-06 |  -3.3312562789864349e-06 | 1
 28, 11 |   1.7359735820113862e-04 |   1.7359735820113862e-04 | 1
 28, 12 |   6.4829062763515288e-04 |   6.4829062763515288e-04 | 1
 28, 13 |   5.0504983470754357e-04 |   5.0504983470754357e-04 | 1
 28, 14 |   5.3429082011757605e-04 |   5.3429082011757605e-04 | 1
 28, 15 |   2.2135405682722001e-04 |   2.2135405682722001e-04 | 1
 28, 16 |   3.3736114774639655e-04 |   3.3736114774639655e-04 | 1
 28, 17 |   2.3773095218566513e-04 |   2.3773095218566513e-04 | 1
 28, 18 |   4.0259274819417085e-04 |   4.0259274819417085e-04 | 1
 28, 19 |   2.3341049754746908e-04 |   2.3341049754746908e-04 | 1
 28, 20 |   3.5776259810034081e-04 |   3.5776259810034081e-04 | 1
 28, 21 |   1.4216581612742072e-05 |   1.4216581612742072e-05 | 1
 28, 22 |   3.0049522630553997e-04 |   3.0049522630553997e-04 | 1
 28, 23 |   1.8750068688335006e-04 |   1.8750068688335006e-04 | 1
 28, 24 |   2.1593602698308885e-04 |   2.1593602698308885e-04 | 1
 28, 25 |   2.7115387276919274e-04 |   2.7115387276919274e-04 | 1
 28, 26 |  -3.1547869971090440e-04 |  -3.1547869971090440e-04 | 1
 28, 27 |   4.3136535201052423e-05 |   4.3136535201052423e-05 | 1
 28, 28 |   7.9303825817634015e-04 |   7.9303825817634015e-04 | 1
 28, 29 |   3.0878589511074604e-05 |   3.0878589511074604e-05 | 1
 28, 30 |  -3.3256098157281451e-05 |  -3.3256098157281451e-05 | 1
 29,  1 |  -8.9805717080233664e-05 |  -8.9805717080233664e-05 | 1
 29,  2 |   5.3632613283615695e-04 |   5.3632613283615695e-04 | 1
 29,  3 |  -9.2950916898593844e-05 |  -9.2950916898593844e-05 | 1
 29,  4 |   2.0824941528874245e-04 |   2.0824941528874245e-04 | 1
 29,  5 |  -1.3525055860694351e-04 |  -1.3525055860694351e-04 | 1
 29,  6 |   1.6306944719972686e-04 |   1.6306944719972686e-04 | 1
 29,  7 |   2.2837353620849219e-04 |   2.2837353620849219e-04 | 1
 29,  8 |  -2.2949948343772039e-04 |  -2.2949948343772039e-04 | 1
 29,  9 |   1.5227352913170150e-04 |   1.5227352913170150e-04 | 1
 29, 10 |   1.4500188244991599e-03 |   1.4500188244991599e-03 | 1
 29, 11 |   6.2290675790506076e-04 |   6.2290675790506076e-04 | 1
 29, 12 |  -1.1214462381351901e-03 |  -1.1214462381351901e-03 | 1
 29, 13 |  -6.2370673428857788e-04 |  -6.2370673428857788e-04 | 1
 29, 14 |   2.5669464787271697e-04 |   2.5669464787271697e-04 | 1
 29, 15 |   4.7021890262446693e-04 |   4.7021890262446693e-04 | 1
 29, 16 |  -8.1909180790608685e-05 |  -8.1909180790608685e-05 | 1
 29, 17 |   2.3558750256491698e-04 |   2.3558750256491698e-04 | 1
 29, 18 |  -1.6890712045097820e-04 |  -1.6890712045097820e-04 | 1
 29, 19 |   3.6697092128443805e-04 |   3.6697092128443805e-04 | 1
 29, 20 |  -2.4184385045076292e-04 |  -2.4184385045076292e-04 | 1
 29, 21 |   1.2486485550500452e-03 |   1.2486485550500452e-03 | 1
 29, 22 |   2.3588438140814677e-06 |   2.3588438140814677e-06 | 1
 29, 23 |   6.0934268473962039e-04 |   6.0934268473962039e-04 | 1
 29, 24 |   4.2622910713048057e-04 |   4.2622910713048057e-04 | 1
 29, 25 |   1.3048927955205616e-04 |   1.3048927955205616e-04 | 1
 29, 26 |   2.5982708330796736e-03 |   2.5982708330796736e-03 | 1
 29, 27 |   1.1147250306097188e-03 |   1.1147250306097188e-03 | 1
 29, 28 |   3.0878589511074604e-05 |   3.0878589511074604e-05 | 1
 29, 29 |   1.5327900175461388e-03 |   1.5327900175461388e-03 | 1
 29, 30 |   1.4081019604224993e-03 |   1.4081019604224993e-03 | 1
 30,  1 |  -1.8803272937947184e-04 |  -1.8803272937947184e-04 | 1
 30,  2 |   6.3712170343367593e-04 |   6.3712170343367593e-04 | 1
 30,  3 |  -1.9484985545859088e-04 |  -1.9484985545859088e-04 | 1
 30,  4 |   2.1444964423687966e-04 |   2.1444964423687966e-04 | 1
 30,  5 |  -2.4560861403576800e-04 |  -2.4560861403576800e-04 | 1
 30,  6 |   1.4281269942467505e-04 |   1.4281269942467505e-04 | 1
 30,  7 |   2.2690454025569380e-04 |   2.2690454025569380e-04 | 1
 30,  8 |  -3.7188573902300411e-04 |  -3.7188573902300411e-04 | 1
 30,  9 |   1.1661130781096298e-04 |   1.1661130781096298e-04 | 1
 30, 10 |   1.8182803739762122e-03 |   1.8182803739762122e-03 | 1
 30, 11 |   7.4426558667585279e-04 |   7.4426558667585279e-04 | 1
 30, 12 |  -1.5503998442036508e-03 |  -1.5503998442036508e-03 | 1
 30, 13 |  -8.9521751008842009e-04 |  -8.9521751008842009e-04 | 1
 30, 14 |   1.9586861513442035e-04 |   1.9586861513442035e-04 | 1
 30, 15 |   5.4147792845773263e-04 |   5.4147792845773263e-04 | 1
 30, 16 |  -1.7754172012662101e-04 |  -1.7754172012662101e-04 | 1
 30, 17 |   2.4166423061525313e-04 |   2.4166423061525313e-04 | 1
 30, 18 |  -3.0171160347595272e-04 |  -3.0171160347595272e-04 | 1
 30, 19 |   4.0899828771972797e-04 |   4.0899828771972797e-04 | 1
 30, 20 |  -3.8442600510629114e-04 |  -3.8442600510629114e-04 | 1
 30, 21 |   1.5640991616048031e-03 |   1.5640991616048031e-03 | 1
 30, 22 |  -6.2813155918575289e-05 |  -6.2813155918575289e-05 | 1
 30, 23 |   7.2296568403402311e-04 |   7.2296568403402311e-04 | 1
 30, 24 |   4.8727008141285014e-04 |   4.8727008141285014e-04 | 1
 30, 25 |   1.0292937320154340e-04 |   1.0292937320154340e-04 | 1
 30, 26 |   3.3294982389015905e-03 |   3.3294982389015905e-03 | 1
 30, 27 |   1.3895205514980202e-03 |   1.3895205514980202e-03 | 1
 30, 28 |  -3.3256098157281451e-05 |  -3.3256098157281451e-05 | 1
 30, 29 |   1.4081019604224993e-03 |   1.4081019604224993e-03 | 1
 30, 30 |   2.6205699483635558e-03 |   2.6205699483635558e-03 | 1
