row,col | V_base                   | V_new                    | equal
  1,  1 |   3.1188244848171323e-03 |   3.1188244848171323e-03 | 1
  1,  2 |  -1.0041048541783965e+01 |  -1.0041048541783965e+01 | 1
  1,  3 |   3.7852070791258088e-03 |   3.7852070791258088e-03 | 1
  1,  4 |  -1.8835530090002030e-03 |  -1.8835530090002030e-03 | 1
  1,  5 |  -1.7783561147569362e-03 |  -1.7783561147569362e-03 | 1
  1,  6 |  -1.9371616767361679e-03 |  -1.9371616767361679e-03 | 1
  2,  1 |  -1.0041048541783965e+01 |  -1.0041048541783965e+01 | 1
  2,  2 |   6.9462077233289674e+04 |   6.9462077233289674e+04 | 1
  2,  3 |  -3.1780438887035302e+01 |  -3.1780438887035302e+01 | 1
  2,  4 |   1.1227083274504320e+01 |   1.1227083274504320e+01 | 1
  2,  5 |  -8.4587718950899093e-01 |  -8.4587718950899093e-01 | 1
  2,  6 |   1.0324571478235345e+01 |   1.0324571478235345e+01 | 1
  3,  1 |   3.7852070791258088e-03 |   3.7852070791258088e-03 | 1
  3,  2 |  -3.1780438887035302e+01 |  -3.1780438887035302e+01 | 1
  3,  3 |   3.7332680258186979e-02 |   3.7332680258186979e-02 | 1
  3,  4 |  -4.6164226052229614e-03 |  -4.6164226052229614e-03 | 1
  3,  5 |   4.5702984196922041e-03 |   4.5702984196922041e-03 | 1
  3,  6 |  -3.7455635660905277e-03 |  -3.7455635660905277e-03 | 1
  4,  1 |  -1.8835530090002030e-03 |  -1.8835530090002030e-03 | 1
  4,  2 |   1.1227083274504320e+01 |   1.1227083274504320e+01 | 1
  4,  3 |  -4.6164226052229614e-03 |  -4.6164226052229614e-03 | 1
  4,  4 |   2.2728400912240773e-03 |   2.2728400912240773e-03 | 1
  4,  5 |   2.9191914703138188e-04 |   2.9191914703138188e-04 | 1
  4,  6 |   1.9281498644445746e-03 |   1.9281498644445746e-03 | 1
  5,  1 |  -1.7783561147569362e-03 |  -1.7783561147569362e-03 | 1
  5,  2 |  -8.4587718950899093e-01 |  -8.4587718950899093e-01 | 1
  5,  3 |   4.5702984196922041e-03 |   4.5702984196922041e-03 | 1
  5,  4 |   2.9191914703138188e-04 |   2.9191914703138188e-04 | 1
  5,  5 |   4.6362214952686207e-03 |   4.6362214952686207e-03 | 1
  5,  6 |   7.1776919491941475e-04 |   7.1776919491941475e-04 | 1
  6,  1 |  -1.9371616767361679e-03 |  -1.9371616767361679e-03 | 1
  6,  2 |   1.0324571478235345e+01 |   1.0324571478235345e+01 | 1
  6,  3 |  -3.7455635660905277e-03 |  -3.7455635660905277e-03 | 1
  6,  4 |   1.9281498644445746e-03 |   1.9281498644445746e-03 | 1
  6,  5 |   7.1776919491941475e-04 |   7.1776919491941475e-04 | 1
  6,  6 |   3.3310699478418413e-03 |   3.3310699478418413e-03 | 1
