row,col | V_base                   | V_new                    | equal
  1,  1 |   3.5057461442143450e-04 |   3.5057461442143450e-04 | 1
  1,  2 |   2.1520768165940534e-03 |   2.1520768165940534e-03 | 1
  1,  3 |   1.5146768666740454e-04 |   1.5146768666740454e-04 | 1
  1,  4 |   4.6629025904937284e-05 |   4.6629025904937284e-05 | 1
  1,  5 |  -5.7141313257702900e-05 |  -5.7141313257702900e-05 | 1
  1,  6 |   7.6691654260095226e-05 |   7.6691654260095226e-05 | 1
  2,  1 |   2.1520768165940534e-03 |   2.1520768165940534e-03 | 1
  2,  2 |   1.5005693651291774e-01 |   1.5005693651291774e-01 | 1
  2,  3 |   5.1642737730638009e-03 |   5.1642737730638009e-03 | 1
  2,  4 |   7.7616528025555823e-04 |   7.7616528025555823e-04 | 1
  2,  5 |  -8.9300753324213170e-03 |  -8.9300753324213170e-03 | 1
  2,  6 |   2.9697908459059067e-04 |   2.9697908459059067e-04 | 1
  3,  1 |   1.5146768666740454e-04 |   1.5146768666740454e-04 | 1
  3,  2 |   5.1642737730638009e-03 |   5.1642737730638009e-03 | 1
  3,  3 |   1.3111938254759313e-02 |   1.3111938254759313e-02 | 1
  3,  4 |   5.1672782391327021e-05 |   5.1672782391327021e-05 | 1
  3,  5 |  -2.3689185615060715e-04 |  -2.3689185615060715e-04 | 1
  3,  6 |   8.8698156978044872e-05 |   8.8698156978044872e-05 | 1
  4,  1 |   4.6629025904937284e-05 |   4.6629025904937284e-05 | 1
  4,  2 |   7.7616528025555823e-04 |   7.7616528025555823e-04 | 1
  4,  3 |   5.1672782391327021e-05 |   5.1672782391327021e-05 | 1
  4,  4 |   4.5320930010476351e-03 |   4.5320930010476351e-03 | 1
  4,  5 |   7.4699520897057731e-06 |   7.4699520897057731e-06 | 1
  4,  6 |   5.4354803658111456e-05 |   5.4354803658111456e-05 | 1
  5,  1 |  -5.7141313257702900e-05 |  -5.7141313257702900e-05 | 1
  5,  2 |  -8.9300753324213170e-03 |  -8.9300753324213170e-03 | 1
  5,  3 |  -2.3689185615060715e-04 |  -2.3689185615060715e-04 | 1
  5,  4 |   7.4699520897057731e-06 |   7.4699520897057731e-06 | 1
  5,  5 |   4.5391150983424599e-03 |   4.5391150983424599e-03 | 1
  5,  6 |   6.0493353718562861e-05 |   6.0493353718562861e-05 | 1
  6,  1 |   7.6691654260095226e-05 |   7.6691654260095226e-05 | 1
  6,  2 |   2.9697908459059067e-04 |   2.9697908459059067e-04 | 1
  6,  3 |   8.8698156978044872e-05 |   8.8698156978044872e-05 | 1
  6,  4 |   5.4354803658111456e-05 |   5.4354803658111456e-05 | 1
  6,  5 |   6.0493353718562861e-05 |   6.0493353718562861e-05 | 1
  6,  6 |   3.5852369934709377e-04 |   3.5852369934709377e-04 | 1
