row,col | V_base                   | V_new                    | equal
  1,  1 |   8.6816695081853488e-05 |   8.6816695081853488e-05 | 1
  1,  2 |   3.2383067862591575e-05 |   3.2383067862591575e-05 | 1
  1,  3 |   3.7330584403177120e-05 |   3.7330584403177120e-05 | 1
  1,  4 |   3.5906262571470796e-05 |   3.5906262571470796e-05 | 1
  1,  5 |   3.6158290875824337e-05 |   3.6158290875824337e-05 | 1
  1,  6 |   3.2170642633095174e-05 |   3.2170642633095174e-05 | 1
  1,  7 |   4.0824218054309554e-05 |   4.0824218054309554e-05 | 1
  1,  8 |   2.4597353581743015e-05 |   2.4597353581743015e-05 | 1
  1,  9 |   3.3214954638360940e-05 |   3.3214954638360940e-05 | 1
  1, 10 |   4.0591057006657321e-05 |   4.0591057006657321e-05 | 1
  1, 11 |   5.4943607613885373e-05 |   5.4943607613885373e-05 | 1
  1, 12 |   4.2954592359236758e-05 |   4.2954592359236758e-05 | 1
  1, 13 |   2.4323805195644498e-05 |   2.4323805195644498e-05 | 1
  1, 14 |   1.1681901195723395e-05 |   1.1681901195723395e-05 | 1
  1, 15 |  -7.0538223160574880e-05 |  -7.0538223160574880e-05 | 1
  1, 16 |   3.0034240966033393e-05 |   3.0034240966033393e-05 | 1
  1, 17 |  -2.6040154975289869e-05 |  -2.6040154975289869e-05 | 1
  1, 18 |  -2.5009369527445004e-05 |  -2.5009369527445004e-05 | 1
  1, 19 |  -2.6164849422834170e-05 |  -2.6164849422834170e-05 | 1
  1, 20 |  -3.5111195295960539e-05 |  -3.5111195295960539e-05 | 1
  1, 21 |   3.8903359419219678e-05 |   3.8903359419219678e-05 | 1
  1, 22 |  -1.0602945018255321e-05 |  -1.0602945018255321e-05 | 1
  2,  1 |   3.2383067862591575e-05 |   3.2383067862591575e-05 | 1
  2,  2 |   8.9815634416759048e-04 |   8.9815634416759048e-04 | 1
  2,  3 |   6.5099181585193802e-05 |   6.5099181585193802e-05 | 1
  2,  4 |   8.0558365155341128e-05 |   8.0558365155341128e-05 | 1
  2,  5 |   9.1333770117287474e-05 |   9.1333770117287474e-05 | 1
  2,  6 |   2.6623145063641308e-04 |   2.6623145063641308e-04 | 1
  2,  7 |   1.9366175706392077e-05 |   1.9366175706392077e-05 | 1
  2,  8 |   1.5659352725662227e-04 |   1.5659352725662227e-04 | 1
  2,  9 |   9.5198553868628918e-05 |   9.5198553868628918e-05 | 1
  2, 10 |   6.6822433066107421e-05 |   6.6822433066107421e-05 | 1
  2, 11 |   1.3552422766190985e-05 |   1.3552422766190985e-05 | 1
  2, 12 |   5.4418628250061911e-05 |   5.4418628250061911e-05 | 1
  2, 13 |   1.6015843056485578e-04 |   1.6015843056485578e-04 | 1
  2, 14 |  -3.6932815773408912e-05 |  -3.6932815773408912e-05 | 1
  2, 15 |   3.8145815046323149e-04 |   3.8145815046323149e-04 | 1
  2, 16 |   1.3623801172457349e-04 |   1.3623801172457349e-04 | 1
  2, 17 |  -2.4456834447280633e-05 |  -2.4456834447280633e-05 | 1
  2, 18 |  -1.9588078432236979e-05 |  -1.9588078432236979e-05 | 1
  2, 19 |  -2.0429138577276784e-05 |  -2.0429138577276784e-05 | 1
  2, 20 |  -3.2014550335244006e-05 |  -3.2014550335244006e-05 | 1
  2, 21 |   3.3945376385483024e-05 |   3.3945376385483024e-05 | 1
  2, 22 |   3.7339513973577480e-05 |   3.7339513973577480e-05 | 1
  3,  1 |   3.7330584403177120e-05 |   3.7330584403177120e-05 | 1
  3,  2 |   6.5099181585193802e-05 |   6.5099181585193802e-05 | 1
  3,  3 |   3.6214163800000606e-03 |   3.6214163800000606e-03 | 1
  3,  4 |   1.6123736908476709e-04 |   1.6123736908476709e-04 | 1
  3,  5 |   5.5911163244863889e-05 |   5.5911163244863889e-05 | 1
  3,  6 |  -1.4294824616479357e-04 |  -1.4294824616479357e-04 | 1
  3,  7 |   5.9011155751497769e-04 |   5.9011155751497769e-04 | 1
  3,  8 |  -9.5554208493684786e-07 |  -9.5554208493684786e-07 | 1
  3,  9 |   7.7710700495126612e-05 |   7.7710700495126612e-05 | 1
  3, 10 |   3.1141591586325470e-04 |   3.1141591586325470e-04 | 1
  3, 11 |   5.8412259350471550e-04 |   5.8412259350471550e-04 | 1
  3, 12 |   2.0126953202187996e-04 |   2.0126953202187996e-04 | 1
  3, 13 |   1.4256422996204981e-04 |   1.4256422996204981e-04 | 1
  3, 14 |  -9.8208330963115386e-05 |  -9.8208330963115386e-05 | 1
  3, 15 |  -1.3235466467187511e-03 |  -1.3235466467187511e-03 | 1
  3, 16 |   2.1768143102554366e-04 |   2.1768143102554366e-04 | 1
  3, 17 |  -3.0788974751288139e-05 |  -3.0788974751288139e-05 | 1
  3, 18 |  -3.2981097592917331e-05 |  -3.2981097592917331e-05 | 1
  3, 19 |  -2.4834907859190104e-05 |  -2.4834907859190104e-05 | 1
  3, 20 |  -3.0781230790525588e-05 |  -3.0781230790525588e-05 | 1
  3, 21 |   3.9932830437834177e-05 |   3.9932830437834177e-05 | 1
  3, 22 |   9.8892822179031170e-05 |   9.8892822179031170e-05 | 1
  4,  1 |   3.5906262571470796e-05 |   3.5906262571470796e-05 | 1
  4,  2 |   8.0558365155341128e-05 |   8.0558365155341128e-05 | 1
  4,  3 |   1.6123736908476709e-04 |   1.6123736908476709e-04 | 1
  4,  4 |   1.1598201284825482e-03 |   1.1598201284825482e-03 | 1
  4,  5 |   7.1138810876609100e-05 |   7.1138810876609100e-05 | 1
  4,  6 |  -1.1864329564727710e-04 |  -1.1864329564727710e-04 | 1
  4,  7 |   6.8163820136732194e-04 |   6.8163820136732194e-04 | 1
  4,  8 |   2.5201390194019115e-05 |   2.5201390194019115e-05 | 1
  4,  9 |   1.0192911893353731e-04 |   1.0192911893353731e-04 | 1
  4, 10 |   3.6639898563938108e-04 |   3.6639898563938108e-04 | 1
  4, 11 |   6.7070948046558140e-04 |   6.7070948046558140e-04 | 1
  4, 12 |   2.3076882643069516e-04 |   2.3076882643069516e-04 | 1
  4, 13 |   1.9540684522270342e-04 |   1.9540684522270342e-04 | 1
  4, 14 |  -1.5487292618245806e-04 |  -1.5487292618245806e-04 | 1
  4, 15 |  -1.4483615249499980e-03 |  -1.4483615249499980e-03 | 1
  4, 16 |   2.7701488441426412e-04 |   2.7701488441426412e-04 | 1
  4, 17 |  -2.7220102677814575e-05 |  -2.7220102677814575e-05 | 1
  4, 18 |  -2.6270457923234533e-05 |  -2.6270457923234533e-05 | 1
  4, 19 |  -2.2350163075637600e-05 |  -2.2350163075637600e-05 | 1
  4, 20 |  -3.3356965994062312e-05 |  -3.3356965994062312e-05 | 1
  4, 21 |   3.7902978612120678e-05 |   3.7902978612120678e-05 | 1
  4, 22 |   1.5516226645874084e-04 |   1.5516226645874084e-04 | 1
  5,  1 |   3.6158290875824337e-05 |   3.6158290875824337e-05 | 1
  5,  2 |   9.1333770117287474e-05 |   9.1333770117287474e-05 | 1
  5,  3 |   5.5911163244863889e-05 |   5.5911163244863889e-05 | 1
  5,  4 |   7.1138810876609100e-05 |   7.1138810876609100e-05 | 1
  5,  5 |   7.0368028406021296e-03 |   7.0368028406021296e-03 | 1
  5,  6 |   4.5145929183347381e-04 |   4.5145929183347381e-04 | 1
  5,  7 |  -1.5486601812549552e-04 |  -1.5486601812549552e-04 | 1
  5,  8 |   2.4100749777839972e-04 |   2.4100749777839972e-04 | 1
  5,  9 |   1.1938813697494376e-04 |   1.1938813697494376e-04 | 1
  5, 10 |   1.8574200887122245e-06 |   1.8574200887122245e-06 | 1
  5, 11 |  -1.6773368792543096e-04 |  -1.6773368792543096e-04 | 1
  5, 12 |   2.0668178983218118e-05 |   2.0668178983218118e-05 | 1
  5, 13 |   2.0243240338352412e-04 |   2.0243240338352412e-04 | 1
  5, 14 |  -1.9011450354790001e-04 |  -1.9011450354790001e-04 | 1
  5, 15 |   1.0142607867221121e-03 |   1.0142607867221121e-03 | 1
  5, 16 |   1.4023848506713825e-04 |   1.4023848506713825e-04 | 1
  5, 17 |  -2.7709635320181553e-05 |  -2.7709635320181553e-05 | 1
  5, 18 |  -2.7312609337415728e-05 |  -2.7312609337415728e-05 | 1
  5, 19 |  -2.0833683101540043e-05 |  -2.0833683101540043e-05 | 1
  5, 20 |  -3.3026213963660102e-05 |  -3.3026213963660102e-05 | 1
  5, 21 |   3.7939915960306060e-05 |   3.7939915960306060e-05 | 1
  5, 22 |   1.9011557371680906e-04 |   1.9011557371680906e-04 | 1
  6,  1 |   3.2170642633095174e-05 |   3.2170642633095174e-05 | 1
  6,  2 |   2.6623145063641308e-04 |   2.6623145063641308e-04 | 1
  6,  3 |  -1.4294824616479357e-04 |  -1.4294824616479357e-04 | 1
  6,  4 |  -1.1864329564727710e-04 |  -1.1864329564727710e-04 | 1
  6,  5 |   4.5145929183347381e-04 |   4.5145929183347381e-04 | 1
  6,  6 |   2.8534157043357644e-03 |   2.8534157043357644e-03 | 1
  6,  7 |  -2.5967142982501407e-03 |  -2.5967142982501407e-03 | 1
  6,  8 |   1.2946473538554405e-03 |   1.2946473538554405e-03 | 1
  6,  9 |   3.8914594152098263e-04 |   3.8914594152098263e-04 | 1
  6, 10 |  -9.3233049902470772e-04 |  -9.3233049902470772e-04 | 1
  6, 11 |  -2.6567977477215815e-03 |  -2.6567977477215815e-03 | 1
  6, 12 |  -5.2592175084724109e-04 |  -5.2592175084724109e-04 | 1
  6, 13 |   6.7789241923911481e-04 |   6.7789241923911481e-04 | 1
  6, 14 |  -7.9610179182474131e-04 |  -7.9610179182474131e-04 | 1
  6, 15 |   9.4363548789488001e-03 |   9.4363548789488001e-03 | 1
  6, 16 |   1.1524978593109871e-04 |   1.1524978593109871e-04 | 1
  6, 17 |  -7.7465953209395955e-06 |  -7.7465953209395955e-06 | 1
  6, 18 |   8.8127544690679393e-06 |   8.8127544690679393e-06 | 1
  6, 19 |   7.5363606051384498e-06 |   7.5363606051384498e-06 | 1
  6, 20 |  -6.1207654982038765e-05 |  -6.1207654982038765e-05 | 1
  6, 21 |   2.9639766187865464e-05 |   2.9639766187865464e-05 | 1
  6, 22 |   7.9383713424712875e-04 |   7.9383713424712875e-04 | 1
  7,  1 |   4.0824218054309554e-05 |   4.0824218054309554e-05 | 1
  7,  2 |   1.9366175706392077e-05 |   1.9366175706392077e-05 | 1
  7,  3 |   5.9011155751497769e-04 |   5.9011155751497769e-04 | 1
  7,  4 |   6.8163820136732194e-04 |   6.8163820136732194e-04 | 1
  7,  5 |  -1.5486601812549552e-04 |  -1.5486601812549552e-04 | 1
  7,  6 |  -2.5967142982501407e-03 |  -2.5967142982501407e-03 | 1
  7,  7 |   4.1697737025987135e-03 |   4.1697737025987135e-03 | 1
  7,  8 |  -9.2998903185983594e-04 |  -9.2998903185983594e-04 | 1
  7,  9 |  -6.8454678796749023e-06 |  -6.8454678796749023e-06 | 1
  7, 10 |   1.8613017309717197e-03 |   1.8613017309717197e-03 | 1
  7, 11 |   4.1542889294434518e-03 |   4.1542889294434518e-03 | 1
  7, 12 |   1.1004077220304824e-03 |   1.1004077220304824e-03 | 1
  7, 13 |   1.0077637659923545e-04 |   1.0077637659923545e-04 | 1
  7, 14 |   7.0583070286190061e-05 |   7.0583070286190061e-05 | 1
  7, 15 |  -1.1821162132100146e-02 |  -1.1821162132100146e-02 | 1
  7, 16 |   7.8607065787100695e-04 |   7.8607065787100695e-04 | 1
  7, 17 |  -6.0173191123400399e-05 |  -6.0173191123400399e-05 | 1
  7, 18 |  -6.4696449489974340e-05 |  -6.4696449489974340e-05 | 1
  7, 19 |  -3.9925549674643741e-05 |  -3.9925549674643741e-05 | 1
  7, 20 |  -4.1370651027564254e-06 |  -4.1370651027564254e-06 | 1
  7, 21 |   4.7754826300058667e-05 |   4.7754826300058667e-05 | 1
  7, 22 |  -7.0754947103494745e-05 |  -7.0754947103494745e-05 | 1
  8,  1 |   2.4597353581743015e-05 |   2.4597353581743015e-05 | 1
  8,  2 |   1.5659352725662227e-04 |   1.5659352725662227e-04 | 1
  8,  3 |  -9.5554208493684786e-07 |  -9.5554208493684786e-07 | 1
  8,  4 |   2.5201390194019115e-05 |   2.5201390194019115e-05 | 1
  8,  5 |   2.4100749777839972e-04 |   2.4100749777839972e-04 | 1
  8,  6 |   1.2946473538554405e-03 |   1.2946473538554405e-03 | 1
  8,  7 |  -9.2998903185983594e-04 |  -9.2998903185983594e-04 | 1
  8,  8 |   1.5829619888671393e-03 |   1.5829619888671393e-03 | 1
  8,  9 |   2.2337581793434921e-04 |   2.2337581793434921e-04 | 1
  8, 10 |  -2.8409219458557823e-04 |  -2.8409219458557823e-04 | 1
  8, 11 |  -9.6681202945514367e-04 |  -9.6681202945514367e-04 | 1
  8, 12 |  -1.5107533517943309e-04 |  -1.5107533517943309e-04 | 1
  8, 13 |   4.0693429169229398e-04 |   4.0693429169229398e-04 | 1
  8, 14 |  -4.5074747561885603e-04 |  -4.5074747561885603e-04 | 1
  8, 15 |   3.8391620057329897e-03 |   3.8391620057329897e-03 | 1
  8, 16 |   1.7486694861786045e-04 |   1.7486694861786045e-04 | 1
  8, 17 |  -1.1781186604874634e-05 |  -1.1781186604874634e-05 | 1
  8, 18 |  -6.9898663474752742e-06 |  -6.9898663474752742e-06 | 1
  8, 19 |   4.5187113453578081e-07 |   4.5187113453578081e-07 | 1
  8, 20 |  -3.7116058749341643e-05 |  -3.7116058749341643e-05 | 1
  8, 21 |   2.4238506388298034e-05 |   2.4238506388298034e-05 | 1
  8, 22 |   4.4976778910714302e-04 |   4.4976778910714302e-04 | 1
  9,  1 |   3.3214954638360940e-05 |   3.3214954638360940e-05 | 1
  9,  2 |   9.5198553868628918e-05 |   9.5198553868628918e-05 | 1
  9,  3 |   7.7710700495126612e-05 |   7.7710700495126612e-05 | 1
  9,  4 |   1.0192911893353731e-04 |   1.0192911893353731e-04 | 1
  9,  5 |   1.1938813697494376e-04 |   1.1938813697494376e-04 | 1
  9,  6 |   3.8914594152098263e-04 |   3.8914594152098263e-04 | 1
  9,  7 |  -6.8454678796749023e-06 |  -6.8454678796749023e-06 | 1
  9,  8 |   2.2337581793434921e-04 |   2.2337581793434921e-04 | 1
  9,  9 |   1.4281435214474586e-02 |   1.4281435214474586e-02 | 1
  9, 10 |   7.4274534705178857e-05 |   7.4274534705178857e-05 | 1
  9, 11 |  -1.4149219697587653e-05 |  -1.4149219697587653e-05 | 1
  9, 12 |   5.9409236926435827e-05 |   5.9409236926435827e-05 | 1
  9, 13 |   2.2596322283471902e-04 |   2.2596322283471902e-04 | 1
  9, 14 |  -2.1379878084527414e-04 |  -2.1379878084527414e-04 | 1
  9, 15 |   6.2197751180338397e-04 |   6.2197751180338397e-04 | 1
  9, 16 |   1.8685395303714417e-04 |   1.8685395303714417e-04 | 1
  9, 17 |  -1.8891673246354244e-05 |  -1.8891673246354244e-05 | 1
  9, 18 |  -9.4956861811911992e-06 |  -9.4956861811911992e-06 | 1
  9, 19 |  -1.2756823086518682e-05 |  -1.2756823086518682e-05 | 1
  9, 20 |  -4.3716572453020479e-05 |  -4.3716572453020479e-05 | 1
  9, 21 |   3.3517086463732195e-05 |   3.3517086463732195e-05 | 1
  9, 22 |   2.1366135625541698e-04 |   2.1366135625541698e-04 | 1
 10,  1 |   4.0591057006657321e-05 |   4.0591057006657321e-05 | 1
 10,  2 |   6.6822433066107421e-05 |   6.6822433066107421e-05 | 1
 10,  3 |   3.1141591586325470e-04 |   3.1141591586325470e-04 | 1
 10,  4 |   3.6639898563938108e-04 |   3.6639898563938108e-04 | 1
 10,  5 |   1.8574200887122245e-06 |   1.8574200887122245e-06 | 1
 10,  6 |  -9.3233049902470772e-04 |  -9.3233049902470772e-04 | 1
 10,  7 |   1.8613017309717197e-03 |   1.8613017309717197e-03 | 1
 10,  8 |  -2.8409219458557823e-04 |  -2.8409219458557823e-04 | 1
 10,  9 |   7.4274534705178857e-05 |   7.4274534705178857e-05 | 1
 10, 10 |   2.4654927451802259e-02 |   2.4654927451802259e-02 | 1
 10, 11 |   1.8481567299126244e-03 |   1.8481567299126244e-03 | 1
 10, 12 |   5.2905542065610832e-04 |   5.2905542065610832e-04 | 1
 10, 13 |   1.7731821432882095e-04 |   1.7731821432882095e-04 | 1
 10, 14 |  -9.1332446379719929e-05 |  -9.1332446379719929e-05 | 1
 10, 15 |  -4.9237244681332205e-03 |  -4.9237244681332205e-03 | 1
 10, 16 |   4.6188512518394783e-04 |   4.6188512518394783e-04 | 1
 10, 17 |  -3.8384785643628689e-05 |  -3.8384785643628689e-05 | 1
 10, 18 |  -3.8283868447123106e-05 |  -3.8283868447123106e-05 | 1
 10, 19 |  -3.1469045165079860e-05 |  -3.1469045165079860e-05 | 1
 10, 20 |  -2.7720275763415865e-05 |  -2.7720275763415865e-05 | 1
 10, 21 |   4.3995935081539463e-05 |   4.3995935081539463e-05 | 1
 10, 22 |   9.1650601702928427e-05 |   9.1650601702928427e-05 | 1
 11,  1 |   5.4943607613885373e-05 |   5.4943607613885373e-05 | 1
 11,  2 |   1.3552422766190985e-05 |   1.3552422766190985e-05 | 1
 11,  3 |   5.8412259350471550e-04 |   5.8412259350471550e-04 | 1
 11,  4 |   6.7070948046558140e-04 |   6.7070948046558140e-04 | 1
 11,  5 |  -1.6773368792543096e-04 |  -1.6773368792543096e-04 | 1
 11,  6 |  -2.6567977477215815e-03 |  -2.6567977477215815e-03 | 1
 11,  7 |   4.1542889294434518e-03 |   4.1542889294434518e-03 | 1
 11,  8 |  -9.6681202945514367e-04 |  -9.6681202945514367e-04 | 1
 11,  9 |  -1.4149219697587653e-05 |  -1.4149219697587653e-05 | 1
 11, 10 |   1.8481567299126244e-03 |   1.8481567299126244e-03 | 1
 11, 11 |   5.7749225099122808e-02 |   5.7749225099122808e-02 | 1
 11, 12 |   1.1146801496062428e-03 |   1.1146801496062428e-03 | 1
 11, 13 |   5.9878143636247886e-05 |   5.9878143636247886e-05 | 1
 11, 14 |   1.3380272533641428e-04 |   1.3380272533641428e-04 | 1
 11, 15 |  -1.1942321928677977e-02 |  -1.1942321928677977e-02 | 1
 11, 16 |   7.5132358374109965e-04 |   7.5132358374109965e-04 | 1
 11, 17 |  -6.1388715250629465e-05 |  -6.1388715250629465e-05 | 1
 11, 18 |  -6.1682408399985783e-05 |  -6.1682408399985783e-05 | 1
 11, 19 |  -3.1513137453383902e-05 |  -3.1513137453383902e-05 | 1
 11, 20 |  -3.3455915589733375e-05 |  -3.3455915589733375e-05 | 1
 11, 21 |   5.9900555401631281e-05 |   5.9900555401631281e-05 | 1
 11, 22 |  -1.3417250434616542e-04 |  -1.3417250434616542e-04 | 1
 12,  1 |   4.2954592359236758e-05 |   4.2954592359236758e-05 | 1
 12,  2 |   5.4418628250061911e-05 |   5.4418628250061911e-05 | 1
 12,  3 |   2.0126953202187996e-04 |   2.0126953202187996e-04 | 1
 12,  4 |   2.3076882643069516e-04 |   2.3076882643069516e-04 | 1
 12,  5 |   2.0668178983218118e-05 |   2.0668178983218118e-05 | 1
 12,  6 |  -5.2592175084724109e-04 |  -5.2592175084724109e-04 | 1
 12,  7 |   1.1004077220304824e-03 |   1.1004077220304824e-03 | 1
 12,  8 |  -1.5107533517943309e-04 |  -1.5107533517943309e-04 | 1
 12,  9 |   5.9409236926435827e-05 |   5.9409236926435827e-05 | 1
 12, 10 |   5.2905542065610832e-04 |   5.2905542065610832e-04 | 1
 12, 11 |   1.1146801496062428e-03 |   1.1146801496062428e-03 | 1
 12, 12 |   6.3460929244381426e-03 |   6.3460929244381426e-03 | 1
 12, 13 |   1.1715603276250323e-04 |   1.1715603276250323e-04 | 1
 12, 14 |  -4.6543365418961195e-05 |  -4.6543365418961195e-05 | 1
 12, 15 |  -2.8886278881350342e-03 |  -2.8886278881350342e-03 | 1
 12, 16 |   2.8332335824493847e-04 |   2.8332335824493847e-04 | 1
 12, 17 |  -3.0364645095400251e-05 |  -3.0364645095400251e-05 | 1
 12, 18 |  -4.3216661140577100e-05 |  -4.3216661140577100e-05 | 1
 12, 19 |  -2.7820831030816266e-05 |  -2.7820831030816266e-05 | 1
 12, 20 |  -3.6609698607946911e-05 |  -3.6609698607946911e-05 | 1
 12, 21 |   4.6242405007394662e-05 |   4.6242405007394662e-05 | 1
 12, 22 |   4.7903637763795407e-05 |   4.7903637763795407e-05 | 1
 13,  1 |   2.4323805195644498e-05 |   2.4323805195644498e-05 | 1
 13,  2 |   1.6015843056485578e-04 |   1.6015843056485578e-04 | 1
 13,  3 |   1.4256422996204981e-04 |   1.4256422996204981e-04 | 1
 13,  4 |   1.9540684522270342e-04 |   1.9540684522270342e-04 | 1
 13,  5 |   2.0243240338352412e-04 |   2.0243240338352412e-04 | 1
 13,  6 |   6.7789241923911481e-04 |   6.7789241923911481e-04 | 1
 13,  7 |   1.0077637659923545e-04 |   1.0077637659923545e-04 | 1
 13,  8 |   4.0693429169229398e-04 |   4.0693429169229398e-04 | 1
 13,  9 |   2.2596322283471902e-04 |   2.2596322283471902e-04 | 1
 13, 10 |   1.7731821432882095e-04 |   1.7731821432882095e-04 | 1
 13, 11 |   5.9878143636247886e-05 |   5.9878143636247886e-05 | 1
 13, 12 |   1.1715603276250323e-04 |   1.1715603276250323e-04 | 1
 13, 13 |   6.3678501339814418e-03 |   6.3678501339814418e-03 | 1
 13, 14 |  -4.6545987257628156e-04 |  -4.6545987257628156e-04 | 1
 13, 15 |   9.6524094356785191e-04 |   9.6524094356785191e-04 | 1
 13, 16 |   3.8539308061594625e-04 |   3.8539308061594625e-04 | 1
 13, 17 |  -1.3780190250036531e-05 |  -1.3780190250036531e-05 | 1
 13, 18 |  -1.0564382818398503e-05 |  -1.0564382818398503e-05 | 1
 13, 19 |   6.4290292209021946e-06 |   6.4290292209021946e-06 | 1
 13, 20 |  -3.6936535023845574e-05 |  -3.6936535023845574e-05 | 1
 13, 21 |   2.4356800837007052e-05 |   2.4356800837007052e-05 | 1
 13, 22 |   4.6349584056448875e-04 |   4.6349584056448875e-04 | 1
 14,  1 |   1.1681901195723395e-05 |   1.1681901195723395e-05 | 1
 14,  2 |  -3.6932815773408912e-05 |  -3.6932815773408912e-05 | 1
 14,  3 |  -9.8208330963115386e-05 |  -9.8208330963115386e-05 | 1
 14,  4 |  -1.5487292618245806e-04 |  -1.5487292618245806e-04 | 1
 14,  5 |  -1.9011450354790001e-04 |  -1.9011450354790001e-04 | 1
 14,  6 |  -7.9610179182474131e-04 |  -7.9610179182474131e-04 | 1
 14,  7 |   7.0583070286190061e-05 |   7.0583070286190061e-05 | 1
 14,  8 |  -4.5074747561885603e-04 |  -4.5074747561885603e-04 | 1
 14,  9 |  -2.1379878084527414e-04 |  -2.1379878084527414e-04 | 1
 14, 10 |  -9.1332446379719929e-05 |  -9.1332446379719929e-05 | 1
 14, 11 |   1.3380272533641428e-04 |   1.3380272533641428e-04 | 1
 14, 12 |  -4.6543365418961195e-05 |  -4.6543365418961195e-05 | 1
 14, 13 |  -4.6545987257628156e-04 |  -4.6545987257628156e-04 | 1
 14, 14 |   5.3565955243371993e-04 |   5.3565955243371993e-04 | 1
 14, 15 |  -1.5254436174594495e-03 |  -1.5254436174594495e-03 | 1
 14, 16 |  -3.6408627706929091e-04 |  -3.6408627706929091e-04 | 1
 14, 17 |  -1.0371826317199320e-05 |  -1.0371826317199320e-05 | 1
 14, 18 |  -1.4675246767666384e-05 |  -1.4675246767666384e-05 | 1
 14, 19 |  -2.7179348982245952e-05 |  -2.7179348982245952e-05 | 1
 14, 20 |   1.6188223712091086e-07 |   1.6188223712091086e-07 | 1
 14, 21 |   1.3634685327626834e-05 |   1.3634685327626834e-05 | 1
 14, 22 |  -5.3314920781077002e-04 |  -5.3314920781077002e-04 | 1
 15,  1 |  -7.0538223160574880e-05 |  -7.0538223160574880e-05 | 1
 15,  2 |   3.8145815046323149e-04 |   3.8145815046323149e-04 | 1
 15,  3 |  -1.3235466467187511e-03 |  -1.3235466467187511e-03 | 1
 15,  4 |  -1.4483615249499980e-03 |  -1.4483615249499980e-03 | 1
 15,  5 |   1.0142607867221121e-03 |   1.0142607867221121e-03 | 1
 15,  6 |   9.4363548789488001e-03 |   9.4363548789488001e-03 | 1
 15,  7 |  -1.1821162132100146e-02 |  -1.1821162132100146e-02 | 1
 15,  8 |   3.8391620057329897e-03 |   3.8391620057329897e-03 | 1
 15,  9 |   6.2197751180338397e-04 |   6.2197751180338397e-04 | 1
 15, 10 |  -4.9237244681332205e-03 |  -4.9237244681332205e-03 | 1
 15, 11 |  -1.1942321928677977e-02 |  -1.1942321928677977e-02 | 1
 15, 12 |  -2.8886278881350342e-03 |  -2.8886278881350342e-03 | 1
 15, 13 |   9.6524094356785191e-04 |   9.6524094356785191e-04 | 1
 15, 14 |  -1.5254436174594495e-03 |  -1.5254436174594495e-03 | 1
 15, 15 |   3.7170707822665960e-02 |   3.7170707822665960e-02 | 1
 15, 16 |  -1.2207388392803807e-03 |  -1.2207388392803807e-03 | 1
 15, 17 |   9.2146339005961671e-05 |   9.2146339005961671e-05 | 1
 15, 18 |   1.1240995540694879e-04 |   1.1240995540694879e-04 | 1
 15, 19 |   9.9088894768808902e-05 |   9.9088894768808902e-05 | 1
 15, 20 |   1.0069002860077821e-06 |   1.0069002860077821e-06 | 1
 15, 21 |  -8.2945407977680162e-05 |  -8.2945407977680162e-05 | 1
 15, 22 |   1.5203227008156108e-03 |   1.5203227008156108e-03 | 1
 16,  1 |   3.0034240966033393e-05 |   3.0034240966033393e-05 | 1
 16,  2 |   1.3623801172457349e-04 |   1.3623801172457349e-04 | 1
 16,  3 |   2.1768143102554366e-04 |   2.1768143102554366e-04 | 1
 16,  4 |   2.7701488441426412e-04 |   2.7701488441426412e-04 | 1
 16,  5 |   1.4023848506713825e-04 |   1.4023848506713825e-04 | 1
 16,  6 |   1.1524978593109871e-04 |   1.1524978593109871e-04 | 1
 16,  7 |   7.8607065787100695e-04 |   7.8607065787100695e-04 | 1
 16,  8 |   1.7486694861786045e-04 |   1.7486694861786045e-04 | 1
 16,  9 |   1.8685395303714417e-04 |   1.8685395303714417e-04 | 1
 16, 10 |   4.6188512518394783e-04 |   4.6188512518394783e-04 | 1
 16, 11 |   7.5132358374109965e-04 |   7.5132358374109965e-04 | 1
 16, 12 |   2.8332335824493847e-04 |   2.8332335824493847e-04 | 1
 16, 13 |   3.8539308061594625e-04 |   3.8539308061594625e-04 | 1
 16, 14 |  -3.6408627706929091e-04 |  -3.6408627706929091e-04 | 1
 16, 15 |  -1.2207388392803807e-03 |  -1.2207388392803807e-03 | 1
 16, 16 |   5.8014482418248820e-04 |   5.8014482418248820e-04 | 1
 16, 17 |  -1.9748395955509084e-05 |  -1.9748395955509084e-05 | 1
 16, 18 |  -1.7884927856624968e-05 |  -1.7884927856624968e-05 | 1
 16, 19 |  -7.0476326881588247e-06 |  -7.0476326881588247e-06 | 1
 16, 20 |  -3.6089490626329927e-05 |  -3.6089490626329927e-05 | 1
 16, 21 |   3.1006167336941783e-05 |   3.1006167336941783e-05 | 1
 16, 22 |   3.6326939124001678e-04 |   3.6326939124001678e-04 | 1
 17,  1 |  -2.6040154975289869e-05 |  -2.6040154975289869e-05 | 1
 17,  2 |  -2.4456834447280633e-05 |  -2.4456834447280633e-05 | 1
 17,  3 |  -3.0788974751288139e-05 |  -3.0788974751288139e-05 | 1
 17,  4 |  -2.7220102677814575e-05 |  -2.7220102677814575e-05 | 1
 17,  5 |  -2.7709635320181553e-05 |  -2.7709635320181553e-05 | 1
 17,  6 |  -7.7465953209395955e-06 |  -7.7465953209395955e-06 | 1
 17,  7 |  -6.0173191123400399e-05 |  -6.0173191123400399e-05 | 1
 17,  8 |  -1.1781186604874634e-05 |  -1.1781186604874634e-05 | 1
 17,  9 |  -1.8891673246354244e-05 |  -1.8891673246354244e-05 | 1
 17, 10 |  -3.8384785643628689e-05 |  -3.8384785643628689e-05 | 1
 17, 11 |  -6.1388715250629465e-05 |  -6.1388715250629465e-05 | 1
 17, 12 |  -3.0364645095400251e-05 |  -3.0364645095400251e-05 | 1
 17, 13 |  -1.3780190250036531e-05 |  -1.3780190250036531e-05 | 1
 17, 14 |  -1.0371826317199320e-05 |  -1.0371826317199320e-05 | 1
 17, 15 |   9.2146339005961671e-05 |   9.2146339005961671e-05 | 1
 17, 16 |  -1.9748395955509084e-05 |  -1.9748395955509084e-05 | 1
 17, 17 |   4.8838303892313944e-05 |   4.8838303892313944e-05 | 1
 17, 18 |   2.8028391060867604e-05 |   2.8028391060867604e-05 | 1
 17, 19 |   2.8163289627230769e-05 |   2.8163289627230769e-05 | 1
 17, 20 |   2.0000396152361683e-07 |   2.0000396152361683e-07 | 1
 17, 21 |  -3.0058199710656869e-05 |  -3.0058199710656869e-05 | 1
 17, 22 |   1.2433054732398231e-05 |   1.2433054732398231e-05 | 1
 18,  1 |  -2.5009369527445004e-05 |  -2.5009369527445004e-05 | 1
 18,  2 |  -1.9588078432236979e-05 |  -1.9588078432236979e-05 | 1
 18,  3 |  -3.2981097592917331e-05 |  -3.2981097592917331e-05 | 1
 18,  4 |  -2.6270457923234533e-05 |  -2.6270457923234533e-05 | 1
 18,  5 |  -2.7312609337415728e-05 |  -2.7312609337415728e-05 | 1
 18,  6 |   8.8127544690679393e-06 |   8.8127544690679393e-06 | 1
 18,  7 |  -6.4696449489974340e-05 |  -6.4696449489974340e-05 | 1
 18,  8 |  -6.9898663474752742e-06 |  -6.9898663474752742e-06 | 1
 18,  9 |  -9.4956861811911992e-06 |  -9.4956861811911992e-06 | 1
 18, 10 |  -3.8283868447123106e-05 |  -3.8283868447123106e-05 | 1
 18, 11 |  -6.1682408399985783e-05 |  -6.1682408399985783e-05 | 1
 18, 12 |  -4.3216661140577100e-05 |  -4.3216661140577100e-05 | 1
 18, 13 |  -1.0564382818398503e-05 |  -1.0564382818398503e-05 | 1
 18, 14 |  -1.4675246767666384e-05 |  -1.4675246767666384e-05 | 1
 18, 15 |   1.1240995540694879e-04 |   1.1240995540694879e-04 | 1
 18, 16 |  -1.7884927856624968e-05 |  -1.7884927856624968e-05 | 1
 18, 17 |   2.8028391060867604e-05 |   2.8028391060867604e-05 | 1
 18, 18 |   5.2808712391301623e-05 |   5.2808712391301623e-05 | 1
 18, 19 |   3.2227012100934670e-05 |   3.2227012100934670e-05 | 1
 18, 20 |  -1.7965353737214466e-07 |  -1.7965353737214466e-07 | 1
 18, 21 |  -3.0255280490343287e-05 |  -3.0255280490343287e-05 | 1
 18, 22 |   1.2157363261056583e-05 |   1.2157363261056583e-05 | 1
 19,  1 |  -2.6164849422834170e-05 |  -2.6164849422834170e-05 | 1
 19,  2 |  -2.0429138577276784e-05 |  -2.0429138577276784e-05 | 1
 19,  3 |  -2.4834907859190104e-05 |  -2.4834907859190104e-05 | 1
 19,  4 |  -2.2350163075637600e-05 |  -2.2350163075637600e-05 | 1
 19,  5 |  -2.0833683101540043e-05 |  -2.0833683101540043e-05 | 1
 19,  6 |   7.5363606051384498e-06 |   7.5363606051384498e-06 | 1
 19,  7 |  -3.9925549674643741e-05 |  -3.9925549674643741e-05 | 1
 19,  8 |   4.5187113453578081e-07 |   4.5187113453578081e-07 | 1
 19,  9 |  -1.2756823086518682e-05 |  -1.2756823086518682e-05 | 1
 19, 10 |  -3.1469045165079860e-05 |  -3.1469045165079860e-05 | 1
 19, 11 |  -3.1513137453383902e-05 |  -3.1513137453383902e-05 | 1
 19, 12 |  -2.7820831030816266e-05 |  -2.7820831030816266e-05 | 1
 19, 13 |   6.4290292209021946e-06 |   6.4290292209021946e-06 | 1
 19, 14 |  -2.7179348982245952e-05 |  -2.7179348982245952e-05 | 1
 19, 15 |   9.9088894768808902e-05 |   9.9088894768808902e-05 | 1
 19, 16 |  -7.0476326881588247e-06 |  -7.0476326881588247e-06 | 1
 19, 17 |   2.8163289627230769e-05 |   2.8163289627230769e-05 | 1
 19, 18 |   3.2227012100934670e-05 |   3.2227012100934670e-05 | 1
 19, 19 |   5.3297378786269903e-05 |   5.3297378786269903e-05 | 1
 19, 20 |  -2.2771807656679568e-07 |  -2.2771807656679568e-07 | 1
 19, 21 |  -3.0340388064822028e-05 |  -3.0340388064822028e-05 | 1
 19, 22 |   2.3312441924420086e-05 |   2.3312441924420086e-05 | 1
 20,  1 |  -3.5111195295960539e-05 |  -3.5111195295960539e-05 | 1
 20,  2 |  -3.2014550335244006e-05 |  -3.2014550335244006e-05 | 1
 20,  3 |  -3.0781230790525588e-05 |  -3.0781230790525588e-05 | 1
 20,  4 |  -3.3356965994062312e-05 |  -3.3356965994062312e-05 | 1
 20,  5 |  -3.3026213963660102e-05 |  -3.3026213963660102e-05 | 1
 20,  6 |  -6.1207654982038765e-05 |  -6.1207654982038765e-05 | 1
 20,  7 |  -4.1370651027564254e-06 |  -4.1370651027564254e-06 | 1
 20,  8 |  -3.7116058749341643e-05 |  -3.7116058749341643e-05 | 1
 20,  9 |  -4.3716572453020479e-05 |  -4.3716572453020479e-05 | 1
 20, 10 |  -2.7720275763415865e-05 |  -2.7720275763415865e-05 | 1
 20, 11 |  -3.3455915589733375e-05 |  -3.3455915589733375e-05 | 1
 20, 12 |  -3.6609698607946911e-05 |  -3.6609698607946911e-05 | 1
 20, 13 |  -3.6936535023845574e-05 |  -3.6936535023845574e-05 | 1
 20, 14 |   1.6188223712091086e-07 |   1.6188223712091086e-07 | 1
 20, 15 |   1.0069002860077821e-06 |   1.0069002860077821e-06 | 1
 20, 16 |  -3.6089490626329927e-05 |  -3.6089490626329927e-05 | 1
 20, 17 |   2.0000396152361683e-07 |   2.0000396152361683e-07 | 1
 20, 18 |  -1.7965353737214466e-07 |  -1.7965353737214466e-07 | 1
 20, 19 |  -2.2771807656679568e-07 |  -2.2771807656679568e-07 | 1
 20, 20 |   6.5031367351697287e-05 |   6.5031367351697287e-05 | 1
 20, 21 |  -3.2972338541108221e-05 |  -3.2972338541108221e-05 | 1
 20, 22 |  -4.2583413127432575e-07 |  -4.2583413127432575e-07 | 1
 21,  1 |   3.8903359419219678e-05 |   3.8903359419219678e-05 | 1
 21,  2 |   3.3945376385483024e-05 |   3.3945376385483024e-05 | 1
 21,  3 |   3.9932830437834177e-05 |   3.9932830437834177e-05 | 1
 21,  4 |   3.7902978612120678e-05 |   3.7902978612120678e-05 | 1
 21,  5 |   3.7939915960306060e-05 |   3.7939915960306060e-05 | 1
 21,  6 |   2.9639766187865464e-05 |   2.9639766187865464e-05 | 1
 21,  7 |   4.7754826300058667e-05 |   4.7754826300058667e-05 | 1
 21,  8 |   2.4238506388298034e-05 |   2.4238506388298034e-05 | 1
 21,  9 |   3.3517086463732195e-05 |   3.3517086463732195e-05 | 1
 21, 10 |   4.3995935081539463e-05 |   4.3995935081539463e-05 | 1
 21, 11 |   5.9900555401631281e-05 |   5.9900555401631281e-05 | 1
 21, 12 |   4.6242405007394662e-05 |   4.6242405007394662e-05 | 1
 21, 13 |   2.4356800837007052e-05 |   2.4356800837007052e-05 | 1
 21, 14 |   1.3634685327626834e-05 |   1.3634685327626834e-05 | 1
 21, 15 |  -8.2945407977680162e-05 |  -8.2945407977680162e-05 | 1
 21, 16 |   3.1006167336941783e-05 |   3.1006167336941783e-05 | 1
 21, 17 |  -3.0058199710656869e-05 |  -3.0058199710656869e-05 | 1
 21, 18 |  -3.0255280490343287e-05 |  -3.0255280490343287e-05 | 1
 21, 19 |  -3.0340388064822028e-05 |  -3.0340388064822028e-05 | 1
 21, 20 |  -3.2972338541108221e-05 |  -3.2972338541108221e-05 | 1
 21, 21 |   8.3883053093764258e-05 |   8.3883053093764258e-05 | 1
 21, 22 |  -5.3011634574127360e-05 |  -5.3011634574127360e-05 | 1
 22,  1 |  -1.0602945018255321e-05 |  -1.0602945018255321e-05 | 1
 22,  2 |   3.7339513973577480e-05 |   3.7339513973577480e-05 | 1
 22,  3 |   9.8892822179031170e-05 |   9.8892822179031170e-05 | 1
 22,  4 |   1.5516226645874084e-04 |   1.5516226645874084e-04 | 1
 22,  5 |   1.9011557371680906e-04 |   1.9011557371680906e-04 | 1
 22,  6 |   7.9383713424712875e-04 |   7.9383713424712875e-04 | 1
 22,  7 |  -7.0754947103494745e-05 |  -7.0754947103494745e-05 | 1
 22,  8 |   4.4976778910714302e-04 |   4.4976778910714302e-04 | 1
 22,  9 |   2.1366135625541698e-04 |   2.1366135625541698e-04 | 1
 22, 10 |   9.1650601702928427e-05 |   9.1650601702928427e-05 | 1
 22, 11 |  -1.3417250434616542e-04 |  -1.3417250434616542e-04 | 1
 22, 12 |   4.7903637763795407e-05 |   4.7903637763795407e-05 | 1
 22, 13 |   4.6349584056448875e-04 |   4.6349584056448875e-04 | 1
 22, 14 |  -5.3314920781077002e-04 |  -5.3314920781077002e-04 | 1
 22, 15 |   1.5203227008156108e-03 |   1.5203227008156108e-03 | 1
 22, 16 |   3.6326939124001678e-04 |   3.6326939124001678e-04 | 1
 22, 17 |   1.2433054732398231e-05 |   1.2433054732398231e-05 | 1
 22, 18 |   1.2157363261056583e-05 |   1.2157363261056583e-05 | 1
 22, 19 |   2.3312441924420086e-05 |   2.3312441924420086e-05 | 1
 22, 20 |  -4.2583413127432575e-07 |  -4.2583413127432575e-07 | 1
 22, 21 |  -5.3011634574127360e-05 |  -5.3011634574127360e-05 | 1
 22, 22 |   6.6014071280491582e-04 |   6.6014071280491582e-04 | 1
