row,col | V_base                   | V_new                    | equal
  1,  1 |   6.3766940421157176e-03 |   6.3766940421157176e-03 | 1
  1,  2 |   1.2999410409003272e-03 |   1.2999410409003272e-03 | 1
  1,  3 |   1.1793827083408826e-03 |   1.1793827083408826e-03 | 1
  1,  4 |  -7.0143973523715351e-03 |  -7.0143973523715351e-03 | 1
  1,  5 |  -7.3193238848188655e-04 |  -7.3193238848188655e-04 | 1
  1,  6 |  -3.0711090301031478e-04 |  -3.0711090301031478e-04 | 1
  1,  7 |   2.2440366298776917e-03 |   2.2440366298776917e-03 | 1
  1,  8 |   1.0499546637519680e-03 |   1.0499546637519680e-03 | 1
  2,  1 |   1.2999410409003272e-03 |   1.2999410409003272e-03 | 1
  2,  2 |   2.4738692718309290e-02 |   2.4738692718309290e-02 | 1
  2,  3 |  -4.6856010558516125e-05 |  -4.6856010558516125e-05 | 1
  2,  4 |   1.9327617504198816e-01 |   1.9327617504198816e-01 | 1
  2,  5 |   1.4847581465141438e-03 |   1.4847581465141438e-03 | 1
  2,  6 |  -4.5712679189742955e-03 |  -4.5712679189742955e-03 | 1
  2,  7 |   8.4514275839169782e-03 |   8.4514275839169782e-03 | 1
  2,  8 |   2.1403249663127163e-03 |   2.1403249663127163e-03 | 1
  3,  1 |   1.1793827083408826e-03 |   1.1793827083408826e-03 | 1
  3,  2 |  -4.6856010558516125e-05 |  -4.6856010558516125e-05 | 1
  3,  3 |   5.0018455616350713e-03 |   5.0018455616350713e-03 | 1
  3,  4 |  -1.4206690320704162e-02 |  -1.4206690320704162e-02 | 1
  3,  5 |  -5.3090764652312687e-04 |  -5.3090764652312687e-04 | 1
  3,  6 |  -1.1860183119369332e-05 |  -1.1860183119369332e-05 | 1
  3,  7 |   1.0751068287123799e-03 |   1.0751068287123799e-03 | 1
  3,  8 |   5.7110265305557249e-04 |   5.7110265305557249e-04 | 1
  4,  1 |  -7.0143973523715351e-03 |  -7.0143973523715351e-03 | 1
  4,  2 |   1.9327617504198816e-01 |   1.9327617504198816e-01 | 1
  4,  3 |  -1.4206690320704162e-02 |  -1.4206690320704162e-02 | 1
  4,  4 |   2.2495148410028816e+00 |   2.2495148410028816e+00 | 1
  4,  5 |   2.5373703429941899e-02 |   2.5373703429941899e-02 | 1
  4,  6 |  -4.8265484970777296e-02 |  -4.8265484970777296e-02 | 1
  4,  7 |   6.8256409209738966e-02 |   6.8256409209738966e-02 | 1
  4,  8 |   1.1495456544339993e-02 |   1.1495456544339993e-02 | 1
  5,  1 |  -7.3193238848188655e-04 |  -7.3193238848188655e-04 | 1
  5,  2 |   1.4847581465141438e-03 |   1.4847581465141438e-03 | 1
  5,  3 |  -5.3090764652312687e-04 |  -5.3090764652312687e-04 | 1
  5,  4 |   2.5373703429941899e-02 |   2.5373703429941899e-02 | 1
  5,  5 |   2.3900041256626786e-02 |   2.3900041256626786e-02 | 1
  5,  6 |  -3.5274741997541408e-04 |  -3.5274741997541408e-04 | 1
  5,  7 |  -1.4240893144887258e-04 |  -1.4240893144887258e-04 | 1
  5,  8 |  -2.8596134510489550e-04 |  -2.8596134510489550e-04 | 1
  6,  1 |  -3.0711090301031478e-04 |  -3.0711090301031478e-04 | 1
  6,  2 |  -4.5712679189742955e-03 |  -4.5712679189742955e-03 | 1
  6,  3 |  -1.1860183119369332e-05 |  -1.1860183119369332e-05 | 1
  6,  4 |  -4.8265484970777296e-02 |  -4.8265484970777296e-02 | 1
  6,  5 |  -3.5274741997541408e-04 |  -3.5274741997541408e-04 | 1
  6,  6 |   1.4971673331208107e-02 |   1.4971673331208107e-02 | 1
  6,  7 |  -2.0358509187409003e-03 |  -2.0358509187409003e-03 | 1
  6,  8 |  -4.8522977565211540e-04 |  -4.8522977565211540e-04 | 1
  7,  1 |   2.2440366298776917e-03 |   2.2440366298776917e-03 | 1
  7,  2 |   8.4514275839169782e-03 |   8.4514275839169782e-03 | 1
  7,  3 |   1.0751068287123799e-03 |   1.0751068287123799e-03 | 1
  7,  4 |   6.8256409209738966e-02 |   6.8256409209738966e-02 | 1
  7,  5 |  -1.4240893144887258e-04 |  -1.4240893144887258e-04 | 1
  7,  6 |  -2.0358509187409003e-03 |  -2.0358509187409003e-03 | 1
  7,  7 |   3.2223668041336175e-02 |   3.2223668041336175e-02 | 1
  7,  8 |   1.8332339988838078e-03 |   1.8332339988838078e-03 | 1
  8,  1 |   1.0499546637519680e-03 |   1.0499546637519680e-03 | 1
  8,  2 |   2.1403249663127163e-03 |   2.1403249663127163e-03 | 1
  8,  3 |   5.7110265305557249e-04 |   5.7110265305557249e-04 | 1
  8,  4 |   1.1495456544339993e-02 |   1.1495456544339993e-02 | 1
  8,  5 |  -2.8596134510489550e-04 |  -2.8596134510489550e-04 | 1
  8,  6 |  -4.8522977565211540e-04 |  -4.8522977565211540e-04 | 1
  8,  7 |   1.8332339988838078e-03 |   1.8332339988838078e-03 | 1
  8,  8 |   3.3270483186452669e-02 |   3.3270483186452669e-02 | 1
