row,col | V_base                   | V_new                    | equal
  1,  1 |   6.3203638322763753e-03 |   6.3203638322763753e-03 | 1
  1,  2 |   1.7595743592320498e-03 |   1.7595743592320498e-03 | 1
  1,  3 |   1.0438964540477646e-03 |   1.0438964540477646e-03 | 1
  1,  4 |   1.3078589715220233e-03 |   1.3078589715220233e-03 | 1
  1,  5 |  -4.3538286635898509e-04 |  -4.3538286635898509e-04 | 1
  1,  6 |  -6.8019579194007122e-04 |  -6.8019579194007122e-04 | 1
  1,  7 |   2.0374546442525026e-03 |   2.0374546442525026e-03 | 1
  1,  8 |   9.9802825699568058e-04 |   9.9802825699568058e-04 | 1
  2,  1 |   1.7595743592320498e-03 |   1.7595743592320498e-03 | 1
  2,  2 |   2.1531444855684215e-02 |   2.1531444855684215e-02 | 1
  2,  3 |   2.3141844589126900e-04 |   2.3141844589126900e-04 | 1
  2,  4 |   2.0306289632391655e-01 |   2.0306289632391655e-01 | 1
  2,  5 |   9.1514607087497314e-04 |   9.1514607087497314e-04 | 1
  2,  6 |  -7.1088366618633925e-03 |  -7.1088366618633925e-03 | 1
  2,  7 |   7.3678679025372361e-03 |   7.3678679025372361e-03 | 1
  2,  8 |   2.4069995064693117e-03 |   2.4069995064693117e-03 | 1
  3,  1 |   1.0438964540477646e-03 |   1.0438964540477646e-03 | 1
  3,  2 |   2.3141844589126900e-04 |   2.3141844589126900e-04 | 1
  3,  3 |   4.8961033473325826e-03 |   4.8961033473325826e-03 | 1
  3,  4 |  -1.0340525582533660e-02 |  -1.0340525582533660e-02 | 1
  3,  5 |  -3.2392580801328180e-04 |  -3.2392580801328180e-04 | 1
  3,  6 |  -1.1201064034123206e-04 |  -1.1201064034123206e-04 | 1
  3,  7 |   1.0000331594621108e-03 |   1.0000331594621108e-03 | 1
  3,  8 |   5.3922986907751873e-04 |   5.3922986907751873e-04 | 1
  4,  1 |   1.3078589715220233e-03 |   1.3078589715220233e-03 | 1
  4,  2 |   2.0306289632391655e-01 |   2.0306289632391655e-01 | 1
  4,  3 |  -1.0340525582533660e-02 |  -1.0340525582533660e-02 | 1
  4,  4 |   2.5328864640195441e+00 |   2.5328864640195441e+00 | 1
  4,  5 |   1.7257956111399738e-02 |   1.7257956111399738e-02 | 1
  4,  6 |  -8.1199397675238455e-02 |  -8.1199397675238455e-02 | 1
  4,  7 |   6.6109954001060831e-02 |   6.6109954001060831e-02 | 1
  4,  8 |   1.7176815371480105e-02 |   1.7176815371480105e-02 | 1
  5,  1 |  -4.3538286635898509e-04 |  -4.3538286635898509e-04 | 1
  5,  2 |   9.1514607087497314e-04 |   9.1514607087497314e-04 | 1
  5,  3 |  -3.2392580801328180e-04 |  -3.2392580801328180e-04 | 1
  5,  4 |   1.7257956111399738e-02 |   1.7257956111399738e-02 | 1
  5,  5 |   2.4885727318669285e-02 |   2.4885727318669285e-02 | 1
  5,  6 |  -3.8239737988247696e-04 |  -3.8239737988247696e-04 | 1
  5,  7 |  -1.3948345881430521e-04 |  -1.3948345881430521e-04 | 1
  5,  8 |  -1.8475995063108445e-04 |  -1.8475995063108445e-04 | 1
  6,  1 |  -6.8019579194007122e-04 |  -6.8019579194007122e-04 | 1
  6,  2 |  -7.1088366618633925e-03 |  -7.1088366618633925e-03 | 1
  6,  3 |  -1.1201064034123206e-04 |  -1.1201064034123206e-04 | 1
  6,  4 |  -8.1199397675238455e-02 |  -8.1199397675238455e-02 | 1
  6,  5 |  -3.8239737988247696e-04 |  -3.8239737988247696e-04 | 1
  6,  6 |   1.4017023421370919e-02 |   1.4017023421370919e-02 | 1
  6,  7 |  -2.8595947785686202e-03 |  -2.8595947785686202e-03 | 1
  6,  8 |  -9.0937581013495502e-04 |  -9.0937581013495502e-04 | 1
  7,  1 |   2.0374546442525026e-03 |   2.0374546442525026e-03 | 1
  7,  2 |   7.3678679025372361e-03 |   7.3678679025372361e-03 | 1
  7,  3 |   1.0000331594621108e-03 |   1.0000331594621108e-03 | 1
  7,  4 |   6.6109954001060831e-02 |   6.6109954001060831e-02 | 1
  7,  5 |  -1.3948345881430521e-04 |  -1.3948345881430521e-04 | 1
  7,  6 |  -2.8595947785686202e-03 |  -2.8595947785686202e-03 | 1
  7,  7 |   3.2811095917286454e-02 |   3.2811095917286454e-02 | 1
  7,  8 |   1.6971030279818908e-03 |   1.6971030279818908e-03 | 1
  8,  1 |   9.9802825699568058e-04 |   9.9802825699568058e-04 | 1
  8,  2 |   2.4069995064693117e-03 |   2.4069995064693117e-03 | 1
  8,  3 |   5.3922986907751873e-04 |   5.3922986907751873e-04 | 1
  8,  4 |   1.7176815371480105e-02 |   1.7176815371480105e-02 | 1
  8,  5 |  -1.8475995063108445e-04 |  -1.8475995063108445e-04 | 1
  8,  6 |  -9.0937581013495502e-04 |  -9.0937581013495502e-04 | 1
  8,  7 |   1.6971030279818908e-03 |   1.6971030279818908e-03 | 1
  8,  8 |   3.2542021067041037e-02 |   3.2542021067041037e-02 | 1
