row,col | V_base                   | V_new                    | equal
  1,  1 |   6.4807087598774376e-05 |   6.4807087598774376e-05 | 1
  1,  2 |   9.0282686145622904e-06 |   9.0282686145622904e-06 | 1
  1,  3 |  -1.8700478946014495e-05 |  -1.8700478946014495e-05 | 1
  1,  4 |   6.6608700949032812e-06 |   6.6608700949032812e-06 | 1
  1,  5 |   3.5869629042558634e-05 |   3.5869629042558634e-05 | 1
  1,  6 |   1.5927991443591293e-05 |   1.5927991443591293e-05 | 1
  1,  7 |   1.8457942788069571e-05 |   1.8457942788069571e-05 | 1
  1,  8 |   5.7911703948270164e-06 |   5.7911703948270164e-06 | 1
  1,  9 |  -3.3069026341036318e-05 |  -3.3069026341036318e-05 | 1
  1, 10 |   6.6357694950137084e-05 |   6.6357694950137084e-05 | 1
  1, 11 |  -2.0783937418392582e-05 |  -2.0783937418392582e-05 | 1
  1, 12 |  -2.1763467645052268e-05 |  -2.1763467645052268e-05 | 1
  1, 13 |   0.0000000000000000e+00 |   0.0000000000000000e+00 | 1
  2,  1 |   9.0282686145622904e-06 |   9.0282686145622904e-06 | 1
  2,  2 |   6.7855781588750295e-04 |   6.7855781588750295e-04 | 1
  2,  3 |  -7.0270909595991388e-04 |  -7.0270909595991388e-04 | 1
  2,  4 |  -3.4245375327949210e-05 |  -3.4245375327949210e-05 | 1
  2,  5 |   1.0549869241283720e-04 |   1.0549869241283720e-04 | 1
  2,  6 |   2.1643833755057264e-06 |   2.1643833755057264e-06 | 1
  2,  7 |   6.5721513778144947e-06 |   6.5721513778144947e-06 | 1
  2,  8 |  -2.1782794137499808e-04 |  -2.1782794137499808e-04 | 1
  2,  9 |  -4.1339964701963910e-04 |  -4.1339964701963910e-04 | 1
  2, 10 |   4.4746747615748107e-04 |   4.4746747615748107e-04 | 1
  2, 11 |  -1.9972530752143032e-05 |  -1.9972530752143032e-05 | 1
  2, 12 |  -6.4406557550358131e-06 |  -6.4406557550358131e-06 | 1
  2, 13 |   0.0000000000000000e+00 |   0.0000000000000000e+00 | 1
  3,  1 |  -1.8700478946014495e-05 |  -1.8700478946014495e-05 | 1
  3,  2 |  -7.0270909595991388e-04 |  -7.0270909595991388e-04 | 1
  3,  3 |   1.9914153690986414e-02 |   1.9914153690986414e-02 | 1
  3,  4 |   6.5864519398767230e-04 |   6.5864519398767230e-04 | 1
  3,  5 |  -1.2436099839751918e-03 |  -1.2436099839751918e-03 | 1
  3,  6 |   8.6263455950864919e-04 |   8.6263455950864919e-04 | 1
  3,  7 |  -8.9640361296419122e-05 |  -8.9640361296419122e-05 | 1
  3,  8 |  -1.8194851387496910e-03 |  -1.8194851387496910e-03 | 1
  3,  9 |   1.2819415272117815e-02 |   1.2819415272117815e-02 | 1
  3, 10 |  -1.6567828947108159e-02 |  -1.6567828947108159e-02 | 1
  3, 11 |  -4.9465169396547707e-05 |  -4.9465169396547707e-05 | 1
  3, 12 |   1.3043707532005224e-04 |   1.3043707532005224e-04 | 1
  3, 13 |   0.0000000000000000e+00 |   0.0000000000000000e+00 | 1
  4,  1 |   6.6608700949032812e-06 |   6.6608700949032812e-06 | 1
  4,  2 |  -3.4245375327949210e-05 |  -3.4245375327949210e-05 | 1
  4,  3 |   6.5864519398767230e-04 |   6.5864519398767230e-04 | 1
  4,  4 |   3.0549327351739156e-02 |   3.0549327351739156e-02 | 1
  4,  5 |  -7.3386623040648023e-05 |  -7.3386623040648023e-05 | 1
  4,  6 |   2.7643100424051354e-05 |   2.7643100424051354e-05 | 1
  4,  7 |  -1.0205730754380104e-05 |  -1.0205730754380104e-05 | 1
  4,  8 |  -1.0982949055730410e-04 |  -1.0982949055730410e-04 | 1
  4,  9 |   3.0332085131191982e-04 |   3.0332085131191982e-04 | 1
  4, 10 |  -2.2252989255912669e-04 |  -2.2252989255912669e-04 | 1
  4, 11 |  -1.9440740652515959e-05 |  -1.9440740652515959e-05 | 1
  4, 12 |  -1.5251720223732673e-06 |  -1.5251720223732673e-06 | 1
  4, 13 |   0.0000000000000000e+00 |   0.0000000000000000e+00 | 1
  5,  1 |   3.5869629042558634e-05 |   3.5869629042558634e-05 | 1
  5,  2 |   1.0549869241283720e-04 |   1.0549869241283720e-04 | 1
  5,  3 |  -1.2436099839751918e-03 |  -1.2436099839751918e-03 | 1
  5,  4 |  -7.3386623040648023e-05 |  -7.3386623040648023e-05 | 1
  5,  5 |   1.3797879677350992e-02 |   1.3797879677350992e-02 | 1
  5,  6 |   2.3591539193424574e-05 |   2.3591539193424574e-05 | 1
  5,  7 |   5.8574051492177017e-05 |   5.8574051492177017e-05 | 1
  5,  8 |   1.9314599090068305e-04 |   1.9314599090068305e-04 | 1
  5,  9 |  -7.2166416259647915e-04 |  -7.2166416259647915e-04 | 1
  5, 10 |   7.7016040531323955e-04 |   7.7016040531323955e-04 | 1
  5, 11 |  -5.9050772676136187e-05 |  -5.9050772676136187e-05 | 1
  5, 12 |  -5.5393275593703365e-05 |  -5.5393275593703365e-05 | 1
  5, 13 |   0.0000000000000000e+00 |   0.0000000000000000e+00 | 1
  6,  1 |   1.5927991443591293e-05 |   1.5927991443591293e-05 | 1
  6,  2 |   2.1643833755057264e-06 |   2.1643833755057264e-06 | 1
  6,  3 |   8.6263455950864919e-04 |   8.6263455950864919e-04 | 1
  6,  4 |   2.7643100424051354e-05 |   2.7643100424051354e-05 | 1
  6,  5 |   2.3591539193424574e-05 |   2.3591539193424574e-05 | 1
  6,  6 |   8.9623896049563015e-03 |   8.9623896049563015e-03 | 1
  6,  7 |   8.0509486631927460e-06 |   8.0509486631927460e-06 | 1
  6,  8 |  -5.3121548666375762e-05 |  -5.3121548666375762e-05 | 1
  6,  9 |   5.7385447609131942e-04 |   5.7385447609131942e-04 | 1
  6, 10 |  -7.9254801596521885e-04 |  -7.9254801596521885e-04 | 1
  6, 11 |  -3.7903704709062121e-05 |  -3.7903704709062121e-05 | 1
  6, 12 |  -9.2787830805085929e-06 |  -9.2787830805085929e-06 | 1
  6, 13 |   0.0000000000000000e+00 |   0.0000000000000000e+00 | 1
  7,  1 |   1.8457942788069571e-05 |   1.8457942788069571e-05 | 1
  7,  2 |   6.5721513778144947e-06 |   6.5721513778144947e-06 | 1
  7,  3 |  -8.9640361296419122e-05 |  -8.9640361296419122e-05 | 1
  7,  4 |  -1.0205730754380104e-05 |  -1.0205730754380104e-05 | 1
  7,  5 |   5.8574051492177017e-05 |   5.8574051492177017e-05 | 1
  7,  6 |   8.0509486631927460e-06 |   8.0509486631927460e-06 | 1
  7,  7 |   6.9173793569516934e-04 |   6.9173793569516934e-04 | 1
  7,  8 |   3.2175632255133979e-05 |   3.2175632255133979e-05 | 1
  7,  9 |  -4.2357629319912142e-05 |  -4.2357629319912142e-05 | 1
  7, 10 |   4.8037216524888149e-05 |   4.8037216524888149e-05 | 1
  7, 11 |  -1.5993326868589749e-05 |  -1.5993326868589749e-05 | 1
  7, 12 |  -4.5879922297105386e-05 |  -4.5879922297105386e-05 | 1
  7, 13 |   0.0000000000000000e+00 |   0.0000000000000000e+00 | 1
  8,  1 |   5.7911703948270164e-06 |   5.7911703948270164e-06 | 1
  8,  2 |  -2.1782794137499808e-04 |  -2.1782794137499808e-04 | 1
  8,  3 |  -1.8194851387496910e-03 |  -1.8194851387496910e-03 | 1
  8,  4 |  -1.0982949055730410e-04 |  -1.0982949055730410e-04 | 1
  8,  5 |   1.9314599090068305e-04 |   1.9314599090068305e-04 | 1
  8,  6 |  -5.3121548666375762e-05 |  -5.3121548666375762e-05 | 1
  8,  7 |   3.2175632255133979e-05 |   3.2175632255133979e-05 | 1
  8,  8 |   3.9467470560213322e-04 |   3.9467470560213322e-04 | 1
  8,  9 |  -1.0340726894193890e-03 |  -1.0340726894193890e-03 | 1
  8, 10 |   1.1267616549436982e-03 |   1.1267616549436982e-03 | 1
  8, 11 |   3.5937215423422843e-07 |   3.5937215423422843e-07 | 1
  8, 12 |  -2.1231023889424720e-05 |  -2.1231023889424720e-05 | 1
  8, 13 |   0.0000000000000000e+00 |   0.0000000000000000e+00 | 1
  9,  1 |  -3.3069026341036318e-05 |  -3.3069026341036318e-05 | 1
  9,  2 |  -4.1339964701963910e-04 |  -4.1339964701963910e-04 | 1
  9,  3 |   1.2819415272117815e-02 |   1.2819415272117815e-02 | 1
  9,  4 |   3.0332085131191982e-04 |   3.0332085131191982e-04 | 1
  9,  5 |  -7.2166416259647915e-04 |  -7.2166416259647915e-04 | 1
  9,  6 |   5.7385447609131942e-04 |   5.7385447609131942e-04 | 1
  9,  7 |  -4.2357629319912142e-05 |  -4.2357629319912142e-05 | 1
  9,  8 |  -1.0340726894193890e-03 |  -1.0340726894193890e-03 | 1
  9,  9 |   8.5829247888463221e-03 |   8.5829247888463221e-03 | 1
  9, 10 |  -1.1564978481415373e-02 |  -1.1564978481415373e-02 | 1
  9, 11 |   8.5956416552807088e-06 |   8.5956416552807088e-06 | 1
  9, 12 |   1.0712661798839644e-04 |   1.0712661798839644e-04 | 1
  9, 13 |   0.0000000000000000e+00 |   0.0000000000000000e+00 | 1
 10,  1 |   6.6357694950137084e-05 |   6.6357694950137084e-05 | 1
 10,  2 |   4.4746747615748107e-04 |   4.4746747615748107e-04 | 1
 10,  3 |  -1.6567828947108159e-02 |  -1.6567828947108159e-02 | 1
 10,  4 |  -2.2252989255912669e-04 |  -2.2252989255912669e-04 | 1
 10,  5 |   7.7016040531323955e-04 |   7.7016040531323955e-04 | 1
 10,  6 |  -7.9254801596521885e-04 |  -7.9254801596521885e-04 | 1
 10,  7 |   4.8037216524888149e-05 |   4.8037216524888149e-05 | 1
 10,  8 |   1.1267616549436982e-03 |   1.1267616549436982e-03 | 1
 10,  9 |  -1.1564978481415373e-02 |  -1.1564978481415373e-02 | 1
 10, 10 |   1.7032078811178512e-02 |   1.7032078811178512e-02 | 1
 10, 11 |  -4.2589531201682828e-05 |  -4.2589531201682828e-05 | 1
 10, 12 |  -1.8151827128427256e-04 |  -1.8151827128427256e-04 | 1
 10, 13 |   0.0000000000000000e+00 |   0.0000000000000000e+00 | 1
 11,  1 |  -2.0783937418392582e-05 |  -2.0783937418392582e-05 | 1
 11,  2 |  -1.9972530752143032e-05 |  -1.9972530752143032e-05 | 1
 11,  3 |  -4.9465169396547707e-05 |  -4.9465169396547707e-05 | 1
 11,  4 |  -1.9440740652515959e-05 |  -1.9440740652515959e-05 | 1
 11,  5 |  -5.9050772676136187e-05 |  -5.9050772676136187e-05 | 1
 11,  6 |  -3.7903704709062121e-05 |  -3.7903704709062121e-05 | 1
 11,  7 |  -1.5993326868589749e-05 |  -1.5993326868589749e-05 | 1
 11,  8 |   3.5937215423422843e-07 |   3.5937215423422843e-07 | 1
 11,  9 |   8.5956416552807088e-06 |   8.5956416552807088e-06 | 1
 11, 10 |  -4.2589531201682828e-05 |  -4.2589531201682828e-05 | 1
 11, 11 |   3.9403590812188122e-05 |   3.9403590812188122e-05 | 1
 11, 12 |   2.3641249312154627e-05 |   2.3641249312154627e-05 | 1
 11, 13 |   0.0000000000000000e+00 |   0.0000000000000000e+00 | 1
 12,  1 |  -2.1763467645052268e-05 |  -2.1763467645052268e-05 | 1
 12,  2 |  -6.4406557550358131e-06 |  -6.4406557550358131e-06 | 1
 12,  3 |   1.3043707532005224e-04 |   1.3043707532005224e-04 | 1
 12,  4 |  -1.5251720223732673e-06 |  -1.5251720223732673e-06 | 1
 12,  5 |  -5.5393275593703365e-05 |  -5.5393275593703365e-05 | 1
 12,  6 |  -9.2787830805085929e-06 |  -9.2787830805085929e-06 | 1
 12,  7 |  -4.5879922297105386e-05 |  -4.5879922297105386e-05 | 1
 12,  8 |  -2.1231023889424720e-05 |  -2.1231023889424720e-05 | 1
 12,  9 |   1.0712661798839644e-04 |   1.0712661798839644e-04 | 1
 12, 10 |  -1.8151827128427256e-04 |  -1.8151827128427256e-04 | 1
 12, 11 |   2.3641249312154627e-05 |   2.3641249312154627e-05 | 1
 12, 12 |   4.7821704281908483e-05 |   4.7821704281908483e-05 | 1
 12, 13 |   0.0000000000000000e+00 |   0.0000000000000000e+00 | 1
 13,  1 |   0.0000000000000000e+00 |   0.0000000000000000e+00 | 1
 13,  2 |   0.0000000000000000e+00 |   0.0000000000000000e+00 | 1
 13,  3 |   0.0000000000000000e+00 |   0.0000000000000000e+00 | 1
 13,  4 |   0.0000000000000000e+00 |   0.0000000000000000e+00 | 1
 13,  5 |   0.0000000000000000e+00 |   0.0000000000000000e+00 | 1
 13,  6 |   0.0000000000000000e+00 |   0.0000000000000000e+00 | 1
 13,  7 |   0.0000000000000000e+00 |   0.0000000000000000e+00 | 1
 13,  8 |   0.0000000000000000e+00 |   0.0000000000000000e+00 | 1
 13,  9 |   0.0000000000000000e+00 |   0.0000000000000000e+00 | 1
 13, 10 |   0.0000000000000000e+00 |   0.0000000000000000e+00 | 1
 13, 11 |   0.0000000000000000e+00 |   0.0000000000000000e+00 | 1
 13, 12 |   0.0000000000000000e+00 |   0.0000000000000000e+00 | 1
 13, 13 |   0.0000000000000000e+00 |   0.0000000000000000e+00 | 1
