row,col | V_base                   | V_new                    | equal
  1,  1 |   4.5295134446121920e-04 |   4.5295134446121920e-04 | 1
  1,  2 |   3.1553756299622533e-04 |   3.1553756299622533e-04 | 1
  1,  3 |   3.4669385112433304e-04 |   3.4669385112433304e-04 | 1
  1,  4 |   4.5508665961136255e-04 |   4.5508665961136255e-04 | 1
  1,  5 |   7.6291869691095789e-04 |   7.6291869691095789e-04 | 1
  1,  6 |   9.3867802231780735e-05 |   9.3867802231780735e-05 | 1
  1,  7 |   5.9455194087339939e-04 |   5.9455194087339939e-04 | 1
  1,  8 |   4.6473227088527930e-04 |   4.6473227088527930e-04 | 1
  1,  9 |   2.5523990864973595e-04 |   2.5523990864973595e-04 | 1
  1, 10 |  -6.2599829095399975e-05 |  -6.2599829095399975e-05 | 1
  1, 11 |   1.2921936761742174e-04 |   1.2921936761742174e-04 | 1
  1, 12 |   4.3776141615343138e-04 |   4.3776141615343138e-04 | 1
  2,  1 |   3.1553756299622533e-04 |   3.1553756299622533e-04 | 1
  2,  2 |   7.5662474983879404e-04 |   7.5662474983879404e-04 | 1
  2,  3 |   6.3472600682195441e-04 |   6.3472600682195441e-04 | 1
  2,  4 |   3.1470880865275242e-04 |   3.1470880865275242e-04 | 1
  2,  5 |  -4.5967501352871964e-04 |  -4.5967501352871964e-04 | 1
  2,  6 |   1.4889110937603498e-03 |   1.4889110937603498e-03 | 1
  2,  7 |  -4.4358148246506607e-05 |  -4.4358148246506607e-05 | 1
  2,  8 |   2.9448649934579307e-04 |   2.9448649934579307e-04 | 1
  2,  9 |   9.4630319833490244e-04 |   9.4630319833490244e-04 | 1
  2, 10 |   1.8496771526611317e-03 |   1.8496771526611317e-03 | 1
  2, 11 |   1.3565385031799734e-03 |   1.3565385031799734e-03 | 1
  2, 12 |   4.4678787039040258e-04 |   4.4678787039040258e-04 | 1
  3,  1 |   3.4669385112433304e-04 |   3.4669385112433304e-04 | 1
  3,  2 |   6.3472600682195441e-04 |   6.3472600682195441e-04 | 1
  3,  3 |   5.8764910183260559e-04 |   5.8764910183260559e-04 | 1
  3,  4 |   3.4829936437670729e-04 |   3.4829936437670729e-04 | 1
  3,  5 |  -1.9399012377327126e-04 |  -1.9399012377327126e-04 | 1
  3,  6 |   1.1938655867409125e-03 |   1.1938655867409125e-03 | 1
  3,  7 |   9.6146880308253617e-05 |   9.6146880308253617e-05 | 1
  3,  8 |   3.3453467241650745e-04 |   3.3453467241650745e-04 | 1
  3,  9 |   8.0191627628388223e-04 |   8.0191627628388223e-04 | 1
  3, 10 |   1.4436625245882898e-03 |   1.4436625245882898e-03 | 1
  3, 11 |   1.0973958285949951e-03 |   1.0973958285949951e-03 | 1
  3, 12 |   4.4857879556844710e-04 |   4.4857879556844710e-04 | 1
  4,  1 |   4.5508665961136255e-04 |   4.5508665961136255e-04 | 1
  4,  2 |   3.1470880865275242e-04 |   3.1470880865275242e-04 | 1
  4,  3 |   3.4829936437670729e-04 |   3.4829936437670729e-04 | 1
  4,  4 |   5.7182106694812697e-04 |   5.7182106694812697e-04 | 1
  4,  5 |   7.9727394786550596e-04 |   7.9727394786550596e-04 | 1
  4,  6 |   7.2513333832118119e-05 |   7.2513333832118119e-05 | 1
  4,  7 |   6.1609591069226725e-04 |   6.1609591069226725e-04 | 1
  4,  8 |   4.7612753465878970e-04 |   4.7612753465878970e-04 | 1
  4,  9 |   2.4849786157552498e-04 |   2.4849786157552498e-04 | 1
  4, 10 |  -9.5474991883789446e-05 |  -9.5474991883789446e-05 | 1
  4, 11 |   1.1123953730407913e-04 |   1.1123953730407913e-04 | 1
  4, 12 |   4.4568542739929307e-04 |   4.4568542739929307e-04 | 1
  5,  1 |   7.6291869691095789e-04 |   7.6291869691095789e-04 | 1
  5,  2 |  -4.5967501352871964e-04 |  -4.5967501352871964e-04 | 1
  5,  3 |  -1.9399012377327126e-04 |  -1.9399012377327126e-04 | 1
  5,  4 |   7.9727394786550596e-04 |   7.9727394786550596e-04 | 1
  5,  5 |   3.3398540311696690e-03 |   3.3398540311696690e-03 | 1
  5,  6 |  -2.7248272825239287e-03 |  -2.7248272825239287e-03 | 1
  5,  7 |   1.9657051119579922e-03 |   1.9657051119579922e-03 | 1
  5,  8 |   8.6882354667562481e-04 |   8.6882354667562481e-04 | 1
  5,  9 |  -1.1146260474163205e-03 |  -1.1146260474163205e-03 | 1
  5, 10 |  -3.9501962383841766e-03 |  -3.9501962383841766e-03 | 1
  5, 11 |  -2.3445701015793905e-03 |  -2.3445701015793905e-03 | 1
  5, 12 |   4.7467348002447980e-04 |   4.7467348002447980e-04 | 1
  6,  1 |   9.3867802231780735e-05 |   9.3867802231780735e-05 | 1
  6,  2 |   1.4889110937603498e-03 |   1.4889110937603498e-03 | 1
  6,  3 |   1.1938655867409125e-03 |   1.1938655867409125e-03 | 1
  6,  4 |   7.2513333832118119e-05 |   7.2513333832118119e-05 | 1
  6,  5 |  -2.7248272825239287e-03 |  -2.7248272825239287e-03 | 1
  6,  6 |   4.1203508824562010e-03 |   4.1203508824562010e-03 | 1
  6,  7 |  -1.2184493683089635e-03 |  -1.2184493683089635e-03 | 1
  6,  8 |  -3.5947924922374218e-06 |  -3.5947924922374218e-06 | 1
  6,  9 |   2.2598626924311797e-03 |   2.2598626924311797e-03 | 1
  6, 10 |   5.4471550631457226e-03 |   5.4471550631457226e-03 | 1
  6, 11 |   3.6736502916345729e-03 |   3.6736502916345729e-03 | 1
  6, 12 |   4.8494111669573702e-04 |   4.8494111669573702e-04 | 1
  7,  1 |   5.9455194087339939e-04 |   5.9455194087339939e-04 | 1
  7,  2 |  -4.4358148246506607e-05 |  -4.4358148246506607e-05 | 1
  7,  3 |   9.6146880308253617e-05 |   9.6146880308253617e-05 | 1
  7,  4 |   6.1609591069226725e-04 |   6.1609591069226725e-04 | 1
  7,  5 |   1.9657051119579922e-03 |   1.9657051119579922e-03 | 1
  7,  6 |  -1.2184493683089635e-03 |  -1.2184493683089635e-03 | 1
  7,  7 |   1.2477482444381428e-03 |   1.2477482444381428e-03 | 1
  7,  8 |   6.5457761315938789e-04 |   6.5457761315938789e-04 | 1
  7,  9 |  -3.8183095269736620e-04 |  -3.8183095269736620e-04 | 1
  7, 10 |  -1.8734441893843170e-03 |  -1.8734441893843170e-03 | 1
  7, 11 |  -1.0224221392535339e-03 |  -1.0224221392535339e-03 | 1
  7, 12 |   4.5653428145225292e-04 |   4.5653428145225292e-04 | 1
  8,  1 |   4.6473227088527930e-04 |   4.6473227088527930e-04 | 1
  8,  2 |   2.9448649934579307e-04 |   2.9448649934579307e-04 | 1
  8,  3 |   3.3453467241650745e-04 |   3.3453467241650745e-04 | 1
  8,  4 |   4.7612753465878970e-04 |   4.7612753465878970e-04 | 1
  8,  5 |   8.6882354667562481e-04 |   8.6882354667562481e-04 | 1
  8,  6 |  -3.5947924922374218e-06 |  -3.5947924922374218e-06 | 1
  8,  7 |   6.5457761315938789e-04 |   6.5457761315938789e-04 | 1
  8,  8 |   6.5657717823022147e-04 |   6.5657717823022147e-04 | 1
  8,  9 |   2.1206730917499697e-04 |   2.1206730917499697e-04 | 1
  8, 10 |  -2.0067382569004702e-04 |  -2.0067382569004702e-04 | 1
  8, 11 |   4.4719938872721921e-05 |   4.4719938872721921e-05 | 1
  8, 12 |   4.4773297765808367e-04 |   4.4773297765808367e-04 | 1
  9,  1 |   2.5523990864973595e-04 |   2.5523990864973595e-04 | 1
  9,  2 |   9.4630319833490244e-04 |   9.4630319833490244e-04 | 1
  9,  3 |   8.0191627628388223e-04 |   8.0191627628388223e-04 | 1
  9,  4 |   2.4849786157552498e-04 |   2.4849786157552498e-04 | 1
  9,  5 |  -1.1146260474163205e-03 |  -1.1146260474163205e-03 | 1
  9,  6 |   2.2598626924311797e-03 |   2.2598626924311797e-03 | 1
  9,  7 |  -3.8183095269736620e-04 |  -3.8183095269736620e-04 | 1
  9,  8 |   2.1206730917499697e-04 |   2.1206730917499697e-04 | 1
  9,  9 |   1.6514398836686797e-03 |   1.6514398836686797e-03 | 1
  9, 10 |   2.9017885943293208e-03 |   2.9017885943293208e-03 | 1
  9, 11 |   2.0359521751812200e-03 |   2.0359521751812200e-03 | 1
  9, 12 |   4.6246668445420574e-04 |   4.6246668445420574e-04 | 1
 10,  1 |  -6.2599829095399975e-05 |  -6.2599829095399975e-05 | 1
 10,  2 |   1.8496771526611317e-03 |   1.8496771526611317e-03 | 1
 10,  3 |   1.4436625245882898e-03 |   1.4436625245882898e-03 | 1
 10,  4 |  -9.5474991883789446e-05 |  -9.5474991883789446e-05 | 1
 10,  5 |  -3.9501962383841766e-03 |  -3.9501962383841766e-03 | 1
 10,  6 |   5.4471550631457226e-03 |   5.4471550631457226e-03 | 1
 10,  7 |  -1.8734441893843170e-03 |  -1.8734441893843170e-03 | 1
 10,  8 |  -2.0067382569004702e-04 |  -2.0067382569004702e-04 | 1
 10,  9 |   2.9017885943293208e-03 |   2.9017885943293208e-03 | 1
 10, 10 |   7.6687675420923675e-03 |   7.6687675420923675e-03 | 1
 10, 11 |   4.8377717483394696e-03 |   4.8377717483394696e-03 | 1
 10, 12 |   4.6127982503061629e-04 |   4.6127982503061629e-04 | 1
 11,  1 |   1.2921936761742174e-04 |   1.2921936761742174e-04 | 1
 11,  2 |   1.3565385031799734e-03 |   1.3565385031799734e-03 | 1
 11,  3 |   1.0973958285949951e-03 |   1.0973958285949951e-03 | 1
 11,  4 |   1.1123953730407913e-04 |   1.1123953730407913e-04 | 1
 11,  5 |  -2.3445701015793905e-03 |  -2.3445701015793905e-03 | 1
 11,  6 |   3.6736502916345729e-03 |   3.6736502916345729e-03 | 1
 11,  7 |  -1.0224221392535339e-03 |  -1.0224221392535339e-03 | 1
 11,  8 |   4.4719938872721921e-05 |   4.4719938872721921e-05 | 1
 11,  9 |   2.0359521751812200e-03 |   2.0359521751812200e-03 | 1
 11, 10 |   4.8377717483394696e-03 |   4.8377717483394696e-03 | 1
 11, 11 |   3.3385404700809248e-03 |   3.3385404700809248e-03 | 1
 11, 12 |   4.7637165202654838e-04 |   4.7637165202654838e-04 | 1
 12,  1 |   4.3776141615343138e-04 |   4.3776141615343138e-04 | 1
 12,  2 |   4.4678787039040258e-04 |   4.4678787039040258e-04 | 1
 12,  3 |   4.4857879556844710e-04 |   4.4857879556844710e-04 | 1
 12,  4 |   4.4568542739929307e-04 |   4.4568542739929307e-04 | 1
 12,  5 |   4.7467348002447980e-04 |   4.7467348002447980e-04 | 1
 12,  6 |   4.8494111669573702e-04 |   4.8494111669573702e-04 | 1
 12,  7 |   4.5653428145225292e-04 |   4.5653428145225292e-04 | 1
 12,  8 |   4.4773297765808367e-04 |   4.4773297765808367e-04 | 1
 12,  9 |   4.6246668445420574e-04 |   4.6246668445420574e-04 | 1
 12, 10 |   4.6127982503061629e-04 |   4.6127982503061629e-04 | 1
 12, 11 |   4.7637165202654838e-04 |   4.7637165202654838e-04 | 1
 12, 12 |   5.4594743298530025e-04 |   5.4594743298530025e-04 | 1
