row,col | V_base                   | V_new                    | equal
  1,  1 |   1.7498267982342757e-04 |   1.7498267982342757e-04 | 1
  1,  2 |   1.2904328491360724e-04 |   1.2904328491360724e-04 | 1
  1,  3 |   1.2407286178413944e-04 |   1.2407286178413944e-04 | 1
  1,  4 |   1.3293461226230306e-04 |   1.3293461226230306e-04 | 1
  1,  5 |   1.2559518338167675e-04 |   1.2559518338167675e-04 | 1
  1,  6 |   1.2432580596826928e-04 |   1.2432580596826928e-04 | 1
  1,  7 |   1.0514185641293712e-04 |   1.0514185641293712e-04 | 1
  1,  8 |   1.2539350864932121e-04 |   1.2539350864932121e-04 | 1
  1,  9 |   1.3465817810837867e-04 |   1.3465817810837867e-04 | 1
  1, 10 |   1.3710540798139216e-04 |   1.3710540798139216e-04 | 1
  1, 11 |   1.2787562138430830e-04 |   1.2787562138430830e-04 | 1
  1, 12 |   1.4953075731871299e-04 |   1.4953075731871299e-04 | 1
  1, 13 |   1.3380171772253051e-04 |   1.3380171772253051e-04 | 1
  1, 14 |   6.0206651923022296e-06 |   6.0206651923022296e-06 | 1
  1, 15 |  -1.5419412528137680e-05 |  -1.5419412528137680e-05 | 1
  1, 16 |   1.5751925775559709e-04 |   1.5751925775559709e-04 | 1
  1, 17 |  -1.3247039826870978e-05 |  -1.3247039826870978e-05 | 1
  1, 18 |  -8.6627355422968711e-06 |  -8.6627355422968711e-06 | 1
  1, 19 |  -6.7462275219046313e-06 |  -6.7462275219046313e-06 | 1
  1, 20 |  -3.6992678470022691e-05 |  -3.6992678470022691e-05 | 1
  1, 21 |  -2.1006366024126321e-08 |  -2.1006366024126321e-08 | 1
  1, 22 |  -1.4932524303999402e-05 |  -1.4932524303999402e-05 | 1
  1, 23 |   5.8737764853172155e-07 |   5.8737764853172155e-07 | 1
  1, 24 |   1.2997916774726699e-04 |   1.2997916774726699e-04 | 1
  1, 25 |   9.5615315438486995e-06 |   9.5615315438486995e-06 | 1
  2,  1 |   1.2904328491360724e-04 |   1.2904328491360724e-04 | 1
  2,  2 |   8.4810807473306130e-04 |   8.4810807473306130e-04 | 1
  2,  3 |   1.2851160646429343e-04 |   1.2851160646429343e-04 | 1
  2,  4 |   1.4109297067157415e-04 |   1.4109297067157415e-04 | 1
  2,  5 |   1.4480615418032555e-04 |   1.4480615418032555e-04 | 1
  2,  6 |   1.9244770342702138e-04 |   1.9244770342702138e-04 | 1
  2,  7 |   1.0849515682298956e-04 |   1.0849515682298956e-04 | 1
  2,  8 |   1.4942497159119126e-04 |   1.4942497159119126e-04 | 1
  2,  9 |   1.4039723716431375e-04 |   1.4039723716431375e-04 | 1
  2, 10 |   1.4358468825018047e-04 |   1.4358468825018047e-04 | 1
  2, 11 |   1.3285989001179656e-04 |   1.3285989001179656e-04 | 1
  2, 12 |   1.5754432164678383e-04 |   1.5754432164678383e-04 | 1
  2, 13 |   1.5280200694317418e-04 |   1.5280200694317418e-04 | 1
  2, 14 |  -1.7747009131085568e-04 |  -1.7747009131085568e-04 | 1
  2, 15 |   5.3290817467414662e-05 |   5.3290817467414662e-05 | 1
  2, 16 |   1.7560447012066554e-04 |   1.7560447012066554e-04 | 1
  2, 17 |  -1.3690353216053817e-05 |  -1.3690353216053817e-05 | 1
  2, 18 |  -7.4217085529302049e-06 |  -7.4217085529302049e-06 | 1
  2, 19 |  -2.6159037030947049e-06 |  -2.6159037030947049e-06 | 1
  2, 20 |  -3.7206883810382419e-05 |  -3.7206883810382419e-05 | 1
  2, 21 |  -2.0286060926201543e-08 |  -2.0286060926201543e-08 | 1
  2, 22 |  -1.3942765490031652e-05 |  -1.3942765490031652e-05 | 1
  2, 23 |   4.7984062020798821e-07 |   4.7984062020798821e-07 | 1
  2, 24 |   1.2865090372008006e-04 |   1.2865090372008006e-04 | 1
  2, 25 |   1.9426409554696193e-04 |   1.9426409554696193e-04 | 1
  3,  1 |   1.2407286178413944e-04 |   1.2407286178413944e-04 | 1
  3,  2 |   1.2851160646429343e-04 |   1.2851160646429343e-04 | 1
  3,  3 |   3.4361274333655038e-03 |   3.4361274333655038e-03 | 1
  3,  4 |   1.6062794555937770e-04 |   1.6062794555937770e-04 | 1
  3,  5 |   1.2639845812400526e-04 |   1.2639845812400526e-04 | 1
  3,  6 |   6.1011695944308247e-05 |   6.1011695944308247e-05 | 1
  3,  7 |   3.9473714438394169e-04 |   3.9473714438394169e-04 | 1
  3,  8 |   1.3453670789359816e-04 |   1.3453670789359816e-04 | 1
  3,  9 |   1.4781940571380729e-04 |   1.4781940571380729e-04 | 1
  3, 10 |   1.8144677708243912e-04 |   1.8144677708243912e-04 | 1
  3, 11 |   1.0984284036559411e-04 |   1.0984284036559411e-04 | 1
  3, 12 |   2.7888722039631466e-04 |   2.7888722039631466e-04 | 1
  3, 13 |   1.8945442483125829e-04 |   1.8945442483125829e-04 | 1
  3, 14 |  -6.2527644262173930e-05 |  -6.2527644262173930e-05 | 1
  3, 15 |  -3.5801095148705860e-04 |  -3.5801095148705860e-04 | 1
  3, 16 |   3.6595076855431533e-04 |   3.6595076855431533e-04 | 1
  3, 17 |  -1.6084124462277965e-05 |  -1.6084124462277965e-05 | 1
  3, 18 |  -1.0689099893921008e-05 |  -1.0689099893921008e-05 | 1
  3, 19 |  -6.7117488332757465e-06 |  -6.7117488332757465e-06 | 1
  3, 20 |  -3.3494375661525346e-05 |  -3.3494375661525346e-05 | 1
  3, 21 |  -1.7775221747262471e-08 |  -1.7775221747262471e-08 | 1
  3, 22 |  -1.4814400658180350e-05 |  -1.4814400658180350e-05 | 1
  3, 23 |   5.6591051638944074e-07 |   5.6591051638944074e-07 | 1
  3, 24 |   1.2455234701631149e-04 |   1.2455234701631149e-04 | 1
  3, 25 |   7.7893873885276067e-05 |   7.7893873885276067e-05 | 1
  4,  1 |   1.3293461226230306e-04 |   1.3293461226230306e-04 | 1
  4,  2 |   1.4109297067157415e-04 |   1.4109297067157415e-04 | 1
  4,  3 |   1.6062794555937770e-04 |   1.6062794555937770e-04 | 1
  4,  4 |   1.2947077224640280e-03 |   1.2947077224640280e-03 | 1
  4,  5 |   1.4446332034914007e-04 |   1.4446332034914007e-04 | 1
  4,  6 |   9.1284267618600920e-05 |   9.1284267618600920e-05 | 1
  4,  7 |   4.6120440380897400e-04 |   4.6120440380897400e-04 | 1
  4,  8 |   1.6216319935329272e-04 |   1.6216319935329272e-04 | 1
  4,  9 |   1.6379338430323184e-04 |   1.6379338430323184e-04 | 1
  4, 10 |   2.0174403967597492e-04 |   2.0174403967597492e-04 | 1
  4, 11 |   1.1574274776940550e-04 |   1.1574274776940550e-04 | 1
  4, 12 |   3.2370008928106931e-04 |   3.2370008928106931e-04 | 1
  4, 13 |   2.2738311026585577e-04 |   2.2738311026585577e-04 | 1
  4, 14 |  -9.7821368471109389e-05 |  -9.7821368471109389e-05 | 1
  4, 15 |  -3.9498231487530107e-04 |  -3.9498231487530107e-04 | 1
  4, 16 |   4.3592160134461183e-04 |   4.3592160134461183e-04 | 1
  4, 17 |  -1.2851943562629105e-05 |  -1.2851943562629105e-05 | 1
  4, 18 |  -5.0165970346005730e-06 |  -5.0165970346005730e-06 | 1
  4, 19 |  -1.1502486765751546e-06 |  -1.1502486765751546e-06 | 1
  4, 20 |  -3.5472047872266517e-05 |  -3.5472047872266517e-05 | 1
  4, 21 |  -2.0823005015454095e-08 |  -2.0823005015454095e-08 | 1
  4, 22 |  -1.5046292476098349e-05 |  -1.5046292476098349e-05 | 1
  4, 23 |   5.2161927206480156e-07 |   5.2161927206480156e-07 | 1
  4, 24 |   1.3261173502715978e-04 |   1.3261173502715978e-04 | 1
  4, 25 |   1.1538320738092113e-04 |   1.1538320738092113e-04 | 1
  5,  1 |   1.2559518338167675e-04 |   1.2559518338167675e-04 | 1
  5,  2 |   1.4480615418032555e-04 |   1.4480615418032555e-04 | 1
  5,  3 |   1.2639845812400526e-04 |   1.2639845812400526e-04 | 1
  5,  4 |   1.4446332034914007e-04 |   1.4446332034914007e-04 | 1
  5,  5 |   1.2434383127094228e-02 |   1.2434383127094228e-02 | 1
  5,  6 |   9.9379936278076340e-04 |   9.9379936278076340e-04 | 1
  5,  7 |  -4.9071910667515008e-04 |  -4.9071910667515008e-04 | 1
  5,  8 |   3.4600836195129779e-04 |   3.4600836195129779e-04 | 1
  5,  9 |   1.8069480365856403e-04 |   1.8069480365856403e-04 | 1
  5, 10 |   9.9287665436568112e-05 |   9.9287665436568112e-05 | 1
  5, 11 |   1.8094081899162743e-04 |   1.8094081899162743e-04 | 1
  5, 12 |  -7.7784180288713713e-05 |  -7.7784180288713713e-05 | 1
  5, 13 |   2.0596247162176287e-04 |   2.0596247162176287e-04 | 1
  5, 14 |  -2.0136240950301409e-04 |  -2.0136240950301409e-04 | 1
  5, 15 |   1.4585512035738333e-03 |   1.4585512035738333e-03 | 1
  5, 16 |  -1.5041750985286432e-04 |  -1.5041750985286432e-04 | 1
  5, 17 |  -1.5084196830073040e-05 |  -1.5084196830073040e-05 | 1
  5, 18 |  -1.1210660764517591e-05 |  -1.1210660764517591e-05 | 1
  5, 19 |  -3.1474739690907429e-06 |  -3.1474739690907429e-06 | 1
  5, 20 |  -3.3811158882468758e-05 |  -3.3811158882468758e-05 | 1
  5, 21 |  -1.5645184719150015e-08 |  -1.5645184719150015e-08 | 1
  5, 22 |  -1.5796899680795245e-05 |  -1.5796899680795245e-05 | 1
  5, 23 |   5.4011830091377599e-07 |   5.4011830091377599e-07 | 1
  5, 24 |   1.2862317020078897e-04 |   1.2862317020078897e-04 | 1
  5, 25 |   2.1937927966241946e-04 |   2.1937927966241946e-04 | 1
  6,  1 |   1.2432580596826928e-04 |   1.2432580596826928e-04 | 1
  6,  2 |   1.9244770342702138e-04 |   1.9244770342702138e-04 | 1
  6,  3 |   6.1011695944308247e-05 |   6.1011695944308247e-05 | 1
  6,  4 |   9.1284267618600920e-05 |   9.1284267618600920e-05 | 1
  6,  5 |   9.9379936278076340e-04 |   9.9379936278076340e-04 | 1
  6,  6 |   4.6976314132609774e-03 |   4.6976314132609774e-03 | 1
  6,  7 |  -3.7948524825823070e-03 |  -3.7948524825823070e-03 | 1
  6,  8 |   1.2062109362626747e-03 |   1.2062109362626747e-03 | 1
  6,  9 |   3.1583475295924603e-04 |   3.1583475295924603e-04 | 1
  6, 10 |  -2.1206844087341985e-04 |  -2.1206844087341985e-04 | 1
  6, 11 |   3.4720530280827136e-04 |   3.4720530280827136e-04 | 1
  6, 12 |  -1.4091004128088669e-03 |  -1.4091004128088669e-03 | 1
  6, 13 |   3.4624088370525192e-04 |   3.4624088370525192e-04 | 1
  6, 14 |  -8.3198622375476173e-04 |  -8.3198622375476173e-04 | 1
  6, 15 |   8.3806715690270157e-03 |   8.3806715690270157e-03 | 1
  6, 16 |  -2.0276322340763921e-03 |  -2.0276322340763921e-03 | 1
  6, 17 |  -3.1680076563761176e-06 |  -3.1680076563761176e-06 | 1
  6, 18 |   1.5171553808980094e-05 |   1.5171553808980094e-05 | 1
  6, 19 |   1.8846341755171091e-05 |   1.8846341755171091e-05 | 1
  6, 20 |  -6.2373675791184738e-05 |  -6.2373675791184738e-05 | 1
  6, 21 |  -1.1786679226933357e-08 |  -1.1786679226933357e-08 | 1
  6, 22 |  -2.2242290434367225e-05 |  -2.2242290434367225e-05 | 1
  6, 23 |   1.1493655548838852e-06 |   1.1493655548838852e-06 | 1
  6, 24 |   1.2114388678839691e-04 |   1.2114388678839691e-04 | 1
  6, 25 |   8.4063611771714091e-04 |   8.4063611771714091e-04 | 1
  7,  1 |   1.0514185641293712e-04 |   1.0514185641293712e-04 | 1
  7,  2 |   1.0849515682298956e-04 |   1.0849515682298956e-04 | 1
  7,  3 |   3.9473714438394169e-04 |   3.9473714438394169e-04 | 1
  7,  4 |   4.6120440380897400e-04 |   4.6120440380897400e-04 | 1
  7,  5 |  -4.9071910667515008e-04 |  -4.9071910667515008e-04 | 1
  7,  6 |  -3.7948524825823070e-03 |  -3.7948524825823070e-03 | 1
  7,  7 |   5.7835968693178228e-03 |   5.7835968693178228e-03 | 1
  7,  8 |  -5.3716226884965791e-04 |  -5.3716226884965791e-04 | 1
  7,  9 |   1.6312777584994025e-04 |   1.6312777584994025e-04 | 1
  7, 10 |   8.3725556494293344e-04 |   8.3725556494293344e-04 | 1
  7, 11 |  -2.4623011325465067e-04 |  -2.4623011325465067e-04 | 1
  7, 12 |   2.5691622531393522e-03 |   2.5691622531393522e-03 | 1
  7, 13 |   5.8466300744040335e-04 |   5.8466300744040335e-04 | 1
  7, 14 |  -3.9624253663185928e-05 |  -3.9624253663185928e-05 | 1
  7, 15 |  -9.5119694967269481e-03 |  -9.5119694967269481e-03 | 1
  7, 16 |   3.8081584980835413e-03 |   3.8081584980835413e-03 | 1
  7, 17 |  -3.9696817111706037e-05 |  -3.9696817111706037e-05 | 1
  7, 18 |  -3.6894289688049878e-05 |  -3.6894289688049878e-05 | 1
  7, 19 |  -2.2632760397451171e-05 |  -2.2632760397451171e-05 | 1
  7, 20 |  -9.3536554818575875e-06 |  -9.3536554818575875e-06 | 1
  7, 21 |  -7.5891354307814779e-09 |  -7.5891354307814779e-09 | 1
  7, 22 |  -1.7763653347049258e-05 |  -1.7763653347049258e-05 | 1
  7, 23 |   8.3820427134445940e-07 |   8.3820427134445940e-07 | 1
  7, 24 |   1.1107202456800351e-04 |   1.1107202456800351e-04 | 1
  7, 25 |   4.9876337475962514e-05 |   4.9876337475962514e-05 | 1
  8,  1 |   1.2539350864932121e-04 |   1.2539350864932121e-04 | 1
  8,  2 |   1.4942497159119126e-04 |   1.4942497159119126e-04 | 1
  8,  3 |   1.3453670789359816e-04 |   1.3453670789359816e-04 | 1
  8,  4 |   1.6216319935329272e-04 |   1.6216319935329272e-04 | 1
  8,  5 |   3.4600836195129779e-04 |   3.4600836195129779e-04 | 1
  8,  6 |   1.2062109362626747e-03 |   1.2062109362626747e-03 | 1
  8,  7 |  -5.3716226884965791e-04 |  -5.3716226884965791e-04 | 1
  8,  8 |   1.7545392586371814e-03 |   1.7545392586371814e-03 | 1
  8,  9 |   1.9596466727290715e-04 |   1.9596466727290715e-04 | 1
  8, 10 |   9.8181721246900299e-05 |   9.8181721246900299e-05 | 1
  8, 11 |   1.6358101903040089e-04 |   1.6358101903040089e-04 | 1
  8, 12 |  -8.1161645487324633e-05 |  -8.1161645487324633e-05 | 1
  8, 13 |   2.6664810463420665e-04 |   2.6664810463420665e-04 | 1
  8, 14 |  -2.9625096383532011e-04 |  -2.9625096383532011e-04 | 1
  8, 15 |   1.7029501226176144e-03 |   1.7029501226176144e-03 | 1
  8, 16 |  -1.3102463678637443e-04 |  -1.3102463678637443e-04 | 1
  8, 17 |  -2.9673068510164739e-06 |  -2.9673068510164739e-06 | 1
  8, 18 |   2.9829657877497535e-06 |   2.9829657877497535e-06 | 1
  8, 19 |   1.1541860245393095e-05 |   1.1541860245393095e-05 | 1
  8, 20 |  -3.8012412147086141e-05 |  -3.8012412147086141e-05 | 1
  8, 21 |  -2.0349646591946725e-08 |  -2.0349646591946725e-08 | 1
  8, 22 |  -1.6244948621669805e-05 |  -1.6244948621669805e-05 | 1
  8, 23 |   6.6427376539694214e-07 |   6.6427376539694214e-07 | 1
  8, 24 |   1.2270747280366138e-04 |   1.2270747280366138e-04 | 1
  8, 25 |   3.1137023601912606e-04 |   3.1137023601912606e-04 | 1
  9,  1 |   1.3465817810837867e-04 |   1.3465817810837867e-04 | 1
  9,  2 |   1.4039723716431375e-04 |   1.4039723716431375e-04 | 1
  9,  3 |   1.4781940571380729e-04 |   1.4781940571380729e-04 | 1
  9,  4 |   1.6379338430323184e-04 |   1.6379338430323184e-04 | 1
  9,  5 |   1.8069480365856403e-04 |   1.8069480365856403e-04 | 1
  9,  6 |   3.1583475295924603e-04 |   3.1583475295924603e-04 | 1
  9,  7 |   1.6312777584994025e-04 |   1.6312777584994025e-04 | 1
  9,  8 |   1.9596466727290715e-04 |   1.9596466727290715e-04 | 1
  9,  9 |   1.2400399626366026e-02 |   1.2400399626366026e-02 | 1
  9, 10 |   1.6782507034645802e-04 |   1.6782507034645802e-04 | 1
  9, 11 |   1.2284870539261877e-04 |   1.2284870539261877e-04 | 1
  9, 12 |   1.8905611143689584e-04 |   1.8905611143689584e-04 | 1
  9, 13 |   2.0196683758040652e-04 |   2.0196683758040652e-04 | 1
  9, 14 |  -8.9974323010983429e-05 |  -8.9974323010983429e-05 | 1
  9, 15 |   1.1091877108259335e-04 |   1.1091877108259335e-04 | 1
  9, 16 |   2.3216837822915361e-04 |   2.3216837822915361e-04 | 1
  9, 17 |  -1.5435846894777228e-05 |  -1.5435846894777228e-05 | 1
  9, 18 |  -5.7233969798186619e-06 |  -5.7233969798186619e-06 | 1
  9, 19 |  -7.7541233359311175e-06 |  -7.7541233359311175e-06 | 1
  9, 20 |  -4.3030591776085782e-05 |  -4.3030591776085782e-05 | 1
  9, 21 |  -1.7213468414977369e-08 |  -1.7213468414977369e-08 | 1
  9, 22 |  -1.8218133810899855e-05 |  -1.8218133810899855e-05 | 1
  9, 23 |   7.8185797727908201e-07 |   7.8185797727908201e-07 | 1
  9, 24 |   1.3468895922264253e-04 |   1.3468895922264253e-04 | 1
  9, 25 |   1.0544558880032362e-04 |   1.0544558880032362e-04 | 1
 10,  1 |   1.3710540798139216e-04 |   1.3710540798139216e-04 | 1
 10,  2 |   1.4358468825018047e-04 |   1.4358468825018047e-04 | 1
 10,  3 |   1.8144677708243912e-04 |   1.8144677708243912e-04 | 1
 10,  4 |   2.0174403967597492e-04 |   2.0174403967597492e-04 | 1
 10,  5 |   9.9287665436568112e-05 |   9.9287665436568112e-05 | 1
 10,  6 |  -2.1206844087341985e-04 |  -2.1206844087341985e-04 | 1
 10,  7 |   8.3725556494293344e-04 |   8.3725556494293344e-04 | 1
 10,  8 |   9.8181721246900299e-05 |   9.8181721246900299e-05 | 1
 10,  9 |   1.6782507034645802e-04 |   1.6782507034645802e-04 | 1
 10, 10 |   8.9050417302821663e-02 |   8.9050417302821663e-02 | 1
 10, 11 |   1.0273971613755854e-04 |   1.0273971613755854e-04 | 1
 10, 12 |   4.7626744389718599e-04 |   4.7626744389718599e-04 | 1
 10, 13 |   2.3834072112062027e-04 |   2.3834072112062027e-04 | 1
 10, 14 |  -6.4858656481862193e-05 |  -6.4858656481862193e-05 | 1
 10, 15 |  -1.0680563717077173e-03 |  -1.0680563717077173e-03 | 1
 10, 16 |   6.5539897701867784e-04 |   6.5539897701867784e-04 | 1
 10, 17 |  -2.9490926146607156e-05 |  -2.9490926146607156e-05 | 1
 10, 18 |  -1.5362056476218053e-05 |  -1.5362056476218053e-05 | 1
 10, 19 |  -1.7304053941801691e-05 |  -1.7304053941801691e-05 | 1
 10, 20 |  -3.2114785116013134e-05 |  -3.2114785116013134e-05 | 1
 10, 21 |  -1.7611572568207623e-08 |  -1.7611572568207623e-08 | 1
 10, 22 |  -1.6709441871834782e-05 |  -1.6709441871834782e-05 | 1
 10, 23 |   6.3182317889991919e-07 |   6.3182317889991919e-07 | 1
 10, 24 |   1.3948851745167027e-04 |   1.3948851745167027e-04 | 1
 10, 25 |   8.1364278384857947e-05 |   8.1364278384857947e-05 | 1
 11,  1 |   1.2787562138430830e-04 |   1.2787562138430830e-04 | 1
 11,  2 |   1.3285989001179656e-04 |   1.3285989001179656e-04 | 1
 11,  3 |   1.0984284036559411e-04 |   1.0984284036559411e-04 | 1
 11,  4 |   1.1574274776940550e-04 |   1.1574274776940550e-04 | 1
 11,  5 |   1.8094081899162743e-04 |   1.8094081899162743e-04 | 1
 11,  6 |   3.4720530280827136e-04 |   3.4720530280827136e-04 | 1
 11,  7 |  -2.4623011325465067e-04 |  -2.4623011325465067e-04 | 1
 11,  8 |   1.6358101903040089e-04 |   1.6358101903040089e-04 | 1
 11,  9 |   1.2284870539261877e-04 |   1.2284870539261877e-04 | 1
 11, 10 |   1.0273971613755854e-04 |   1.0273971613755854e-04 | 1
 11, 11 |   3.7622229140948371e-02 |   3.7622229140948371e-02 | 1
 11, 12 |   1.5380929630593932e-05 |   1.5380929630593932e-05 | 1
 11, 13 |   1.0617731230775202e-04 |   1.0617731230775202e-04 | 1
 11, 14 |   8.9504491387743347e-07 |   8.9504491387743347e-07 | 1
 11, 15 |   5.8398691199884199e-04 |   5.8398691199884199e-04 | 1
 11, 16 |  -5.4800941395575870e-05 |  -5.4800941395575870e-05 | 1
 11, 17 |  -1.7604229660885747e-05 |  -1.7604229660885747e-05 | 1
 11, 18 |  -2.9645815743396966e-05 |  -2.9645815743396966e-05 | 1
 11, 19 |  -1.2359640341331095e-05 |  -1.2359640341331095e-05 | 1
 11, 20 |  -3.2635950074634391e-05 |  -3.2635950074634391e-05 | 1
 11, 21 |  -2.2142991084338957e-08 |  -2.2142991084338957e-08 | 1
 11, 22 |  -4.8888009809272244e-06 |  -4.8888009809272244e-06 | 1
 11, 23 |  -3.1915611927165592e-07 |  -3.1915611927165592e-07 | 1
 11, 24 |   1.3300645917533542e-04 |   1.3300645917533542e-04 | 1
 11, 25 |   2.6282225871310784e-05 |   2.6282225871310784e-05 | 1
 12,  1 |   1.4953075731871299e-04 |   1.4953075731871299e-04 | 1
 12,  2 |   1.5754432164678383e-04 |   1.5754432164678383e-04 | 1
 12,  3 |   2.7888722039631466e-04 |   2.7888722039631466e-04 | 1
 12,  4 |   3.2370008928106931e-04 |   3.2370008928106931e-04 | 1
 12,  5 |  -7.7784180288713713e-05 |  -7.7784180288713713e-05 | 1
 12,  6 |  -1.4091004128088669e-03 |  -1.4091004128088669e-03 | 1
 12,  7 |   2.5691622531393522e-03 |   2.5691622531393522e-03 | 1
 12,  8 |  -8.1161645487324633e-05 |  -8.1161645487324633e-05 | 1
 12,  9 |   1.8905611143689584e-04 |   1.8905611143689584e-04 | 1
 12, 10 |   4.7626744389718599e-04 |   4.7626744389718599e-04 | 1
 12, 11 |   1.5380929630593932e-05 |   1.5380929630593932e-05 | 1
 12, 12 |   8.1874462265970668e-03 |   8.1874462265970668e-03 | 1
 12, 13 |   4.0262133508873809e-04 |   4.0262133508873809e-04 | 1
 12, 14 |  -8.3184333689468833e-05 |  -8.3184333689468833e-05 | 1
 12, 15 |  -3.9786577628751155e-03 |  -3.9786577628751155e-03 | 1
 12, 16 |   1.8085716093270267e-03 |   1.8085716093270267e-03 | 1
 12, 17 |  -1.8883412340493363e-05 |  -1.8883412340493363e-05 | 1
 12, 18 |  -1.7456695236163111e-05 |  -1.7456695236163111e-05 | 1
 12, 19 |  -8.6469652501591426e-06 |  -8.6469652501591426e-06 | 1
 12, 20 |  -3.7103808995209785e-05 |  -3.7103808995209785e-05 | 1
 12, 21 |  -2.2878728818069392e-08 |  -2.2878728818069392e-08 | 1
 12, 22 |  -1.5603279488765206e-05 |  -1.5603279488765206e-05 | 1
 12, 23 |   4.7905460643588111e-07 |   4.7905460643588111e-07 | 1
 12, 24 |   1.5107662144460019e-04 |   1.5107662144460019e-04 | 1
 12, 25 |   1.0439907446707495e-04 |   1.0439907446707495e-04 | 1
 13,  1 |   1.3380171772253051e-04 |   1.3380171772253051e-04 | 1
 13,  2 |   1.5280200694317418e-04 |   1.5280200694317418e-04 | 1
 13,  3 |   1.8945442483125829e-04 |   1.8945442483125829e-04 | 1
 13,  4 |   2.2738311026585577e-04 |   2.2738311026585577e-04 | 1
 13,  5 |   2.0596247162176287e-04 |   2.0596247162176287e-04 | 1
 13,  6 |   3.4624088370525192e-04 |   3.4624088370525192e-04 | 1
 13,  7 |   5.8466300744040335e-04 |   5.8466300744040335e-04 | 1
 13,  8 |   2.6664810463420665e-04 |   2.6664810463420665e-04 | 1
 13,  9 |   2.0196683758040652e-04 |   2.0196683758040652e-04 | 1
 13, 10 |   2.3834072112062027e-04 |   2.3834072112062027e-04 | 1
 13, 11 |   1.0617731230775202e-04 |   1.0617731230775202e-04 | 1
 13, 12 |   4.0262133508873809e-04 |   4.0262133508873809e-04 | 1
 13, 13 |   8.0088624883136710e-03 |   8.0088624883136710e-03 | 1
 13, 14 |  -2.5874179487664296e-04 |  -2.5874179487664296e-04 | 1
 13, 15 |  -2.7786055032726878e-04 |  -2.7786055032726878e-04 | 1
 13, 16 |   5.8675622648790473e-04 |   5.8675622648790473e-04 | 1
 13, 17 |  -8.6530831017997353e-06 |  -8.6530831017997353e-06 | 1
 13, 18 |  -4.3679200699633560e-06 |  -4.3679200699633560e-06 | 1
 13, 19 |   5.8371298774920193e-07 |   5.8371298774920193e-07 | 1
 13, 20 |  -4.2354008034335846e-05 |  -4.2354008034335846e-05 | 1
 13, 21 |  -2.1526557815762978e-08 |  -2.1526557815762978e-08 | 1
 13, 22 |  -1.6157552289941958e-05 |  -1.6157552289941958e-05 | 1
 13, 23 |   6.9079551937744589e-07 |   6.9079551937744589e-07 | 1
 13, 24 |   1.3116679446243941e-04 |   1.3116679446243941e-04 | 1
 13, 25 |   2.7293240053024117e-04 |   2.7293240053024117e-04 | 1
 14,  1 |   6.0206651923022296e-06 |   6.0206651923022296e-06 | 1
 14,  2 |  -1.7747009131085568e-04 |  -1.7747009131085568e-04 | 1
 14,  3 |  -6.2527644262173930e-05 |  -6.2527644262173930e-05 | 1
 14,  4 |  -9.7821368471109389e-05 |  -9.7821368471109389e-05 | 1
 14,  5 |  -2.0136240950301409e-04 |  -2.0136240950301409e-04 | 1
 14,  6 |  -8.3198622375476173e-04 |  -8.3198622375476173e-04 | 1
 14,  7 |  -3.9624253663185928e-05 |  -3.9624253663185928e-05 | 1
 14,  8 |  -2.9625096383532011e-04 |  -2.9625096383532011e-04 | 1
 14,  9 |  -8.9974323010983429e-05 |  -8.9974323010983429e-05 | 1
 14, 10 |  -6.4858656481862193e-05 |  -6.4858656481862193e-05 | 1
 14, 11 |   8.9504491387743347e-07 |   8.9504491387743347e-07 | 1
 14, 12 |  -8.3184333689468833e-05 |  -8.3184333689468833e-05 | 1
 14, 13 |  -2.5874179487664296e-04 |  -2.5874179487664296e-04 | 1
 14, 14 |   4.4430889068764742e-04 |   4.4430889068764742e-04 | 1
 14, 15 |  -7.9224035469664385e-04 |  -7.9224035469664385e-04 | 1
 14, 16 |  -2.0295297675427051e-04 |  -2.0295297675427051e-04 | 1
 14, 17 |  -5.3429090638095827e-06 |  -5.3429090638095827e-06 | 1
 14, 18 |  -1.0091964660181063e-05 |  -1.0091964660181063e-05 | 1
 14, 19 |  -1.7296734529679314e-05 |  -1.7296734529679314e-05 | 1
 14, 20 |   2.7976698530164489e-07 |   2.7976698530164489e-07 | 1
 14, 21 |   1.2265119119008232e-11 |   1.2265119119008232e-11 | 1
 14, 22 |   3.2598239264129807e-07 |   3.2598239264129807e-07 | 1
 14, 23 |  -1.8817465202614783e-08 |  -1.8817465202614783e-08 | 1
 14, 24 |   7.1935717367353940e-06 |   7.1935717367353940e-06 | 1
 14, 25 |  -4.4345156447077826e-04 |  -4.4345156447077826e-04 | 1
 15,  1 |  -1.5419412528137680e-05 |  -1.5419412528137680e-05 | 1
 15,  2 |   5.3290817467414662e-05 |   5.3290817467414662e-05 | 1
 15,  3 |  -3.5801095148705860e-04 |  -3.5801095148705860e-04 | 1
 15,  4 |  -3.9498231487530107e-04 |  -3.9498231487530107e-04 | 1
 15,  5 |   1.4585512035738333e-03 |   1.4585512035738333e-03 | 1
 15,  6 |   8.3806715690270157e-03 |   8.3806715690270157e-03 | 1
 15,  7 |  -9.5119694967269481e-03 |  -9.5119694967269481e-03 | 1
 15,  8 |   1.7029501226176144e-03 |   1.7029501226176144e-03 | 1
 15,  9 |   1.1091877108259335e-04 |   1.1091877108259335e-04 | 1
 15, 10 |  -1.0680563717077173e-03 |  -1.0680563717077173e-03 | 1
 15, 11 |   5.8398691199884199e-04 |   5.8398691199884199e-04 | 1
 15, 12 |  -3.9786577628751155e-03 |  -3.9786577628751155e-03 | 1
 15, 13 |  -2.7786055032726878e-04 |  -2.7786055032726878e-04 | 1
 15, 14 |  -7.9224035469664385e-04 |  -7.9224035469664385e-04 | 1
 15, 15 |   1.7799939449279493e-02 |   1.7799939449279493e-02 | 1
 15, 16 |  -5.8327421489042328e-03 |  -5.8327421489042328e-03 | 1
 15, 17 |   3.6101788481358010e-05 |   3.6101788481358010e-05 | 1
 15, 18 |   4.2208443154608509e-05 |   4.2208443154608509e-05 | 1
 15, 19 |   4.9644791635438017e-05 |   4.9644791635438017e-05 | 1
 15, 20 |   1.5439481134032538e-06 |   1.5439481134032538e-06 | 1
 15, 21 |  -2.1744345128939959e-09 |  -2.1744345128939959e-09 | 1
 15, 22 |  -2.8488442883221138e-06 |  -2.8488442883221138e-06 | 1
 15, 23 |   1.4286740682599016e-07 |   1.4286740682599016e-07 | 1
 15, 24 |  -2.0171050522462828e-05 |  -2.0171050522462828e-05 | 1
 15, 25 |   7.9276516789019216e-04 |   7.9276516789019216e-04 | 1
 16,  1 |   1.5751925775559709e-04 |   1.5751925775559709e-04 | 1
 16,  2 |   1.7560447012066554e-04 |   1.7560447012066554e-04 | 1
 16,  3 |   3.6595076855431533e-04 |   3.6595076855431533e-04 | 1
 16,  4 |   4.3592160134461183e-04 |   4.3592160134461183e-04 | 1
 16,  5 |  -1.5041750985286432e-04 |  -1.5041750985286432e-04 | 1
 16,  6 |  -2.0276322340763921e-03 |  -2.0276322340763921e-03 | 1
 16,  7 |   3.8081584980835413e-03 |   3.8081584980835413e-03 | 1
 16,  8 |  -1.3102463678637443e-04 |  -1.3102463678637443e-04 | 1
 16,  9 |   2.3216837822915361e-04 |   2.3216837822915361e-04 | 1
 16, 10 |   6.5539897701867784e-04 |   6.5539897701867784e-04 | 1
 16, 11 |  -5.4800941395575870e-05 |  -5.4800941395575870e-05 | 1
 16, 12 |   1.8085716093270267e-03 |   1.8085716093270267e-03 | 1
 16, 13 |   5.8675622648790473e-04 |   5.8675622648790473e-04 | 1
 16, 14 |  -2.0295297675427051e-04 |  -2.0295297675427051e-04 | 1
 16, 15 |  -5.8327421489042328e-03 |  -5.8327421489042328e-03 | 1
 16, 16 |   2.7718020993672469e-03 |   2.7718020993672469e-03 | 1
 16, 17 |  -1.7489190759232681e-05 |  -1.7489190759232681e-05 | 1
 16, 18 |  -1.1239046367810575e-05 |  -1.1239046367810575e-05 | 1
 16, 19 |  -2.3566347667379907e-06 |  -2.3566347667379907e-06 | 1
 16, 20 |  -4.2729822400239418e-05 |  -4.2729822400239418e-05 | 1
 16, 21 |  -2.4983254406810338e-08 |  -2.4983254406810338e-08 | 1
 16, 22 |  -1.6486888654365085e-05 |  -1.6486888654365085e-05 | 1
 16, 23 |   5.1612210052475823e-07 |   5.1612210052475823e-07 | 1
 16, 24 |   1.5786221335164195e-04 |   1.5786221335164195e-04 | 1
 16, 25 |   2.2469196414929893e-04 |   2.2469196414929893e-04 | 1
 17,  1 |  -1.3247039826870978e-05 |  -1.3247039826870978e-05 | 1
 17,  2 |  -1.3690353216053817e-05 |  -1.3690353216053817e-05 | 1
 17,  3 |  -1.6084124462277965e-05 |  -1.6084124462277965e-05 | 1
 17,  4 |  -1.2851943562629105e-05 |  -1.2851943562629105e-05 | 1
 17,  5 |  -1.5084196830073040e-05 |  -1.5084196830073040e-05 | 1
 17,  6 |  -3.1680076563761176e-06 |  -3.1680076563761176e-06 | 1
 17,  7 |  -3.9696817111706037e-05 |  -3.9696817111706037e-05 | 1
 17,  8 |  -2.9673068510164739e-06 |  -2.9673068510164739e-06 | 1
 17,  9 |  -1.5435846894777228e-05 |  -1.5435846894777228e-05 | 1
 17, 10 |  -2.9490926146607156e-05 |  -2.9490926146607156e-05 | 1
 17, 11 |  -1.7604229660885747e-05 |  -1.7604229660885747e-05 | 1
 17, 12 |  -1.8883412340493363e-05 |  -1.8883412340493363e-05 | 1
 17, 13 |  -8.6530831017997353e-06 |  -8.6530831017997353e-06 | 1
 17, 14 |  -5.3429090638095827e-06 |  -5.3429090638095827e-06 | 1
 17, 15 |   3.6101788481358010e-05 |   3.6101788481358010e-05 | 1
 17, 16 |  -1.7489190759232681e-05 |  -1.7489190759232681e-05 | 1
 17, 17 |   3.2939616850618142e-05 |   3.2939616850618142e-05 | 1
 17, 18 |   1.8217191029339250e-05 |   1.8217191029339250e-05 | 1
 17, 19 |   1.8295591527882198e-05 |   1.8295591527882198e-05 | 1
 17, 20 |  -4.1603418106187599e-07 |  -4.1603418106187599e-07 | 1
 17, 21 |  -8.5164401925027026e-10 |  -8.5164401925027026e-10 | 1
 17, 22 |  -3.4113550761274655e-07 |  -3.4113550761274655e-07 | 1
 17, 23 |   9.6856841317133040e-09 |   9.6856841317133040e-09 | 1
 17, 24 |  -1.5773434460745957e-05 |  -1.5773434460745957e-05 | 1
 17, 25 |   7.8393086898703849e-06 |   7.8393086898703849e-06 | 1
 18,  1 |  -8.6627355422968711e-06 |  -8.6627355422968711e-06 | 1
 18,  2 |  -7.4217085529302049e-06 |  -7.4217085529302049e-06 | 1
 18,  3 |  -1.0689099893921008e-05 |  -1.0689099893921008e-05 | 1
 18,  4 |  -5.0165970346005730e-06 |  -5.0165970346005730e-06 | 1
 18,  5 |  -1.1210660764517591e-05 |  -1.1210660764517591e-05 | 1
 18,  6 |   1.5171553808980094e-05 |   1.5171553808980094e-05 | 1
 18,  7 |  -3.6894289688049878e-05 |  -3.6894289688049878e-05 | 1
 18,  8 |   2.9829657877497535e-06 |   2.9829657877497535e-06 | 1
 18,  9 |  -5.7233969798186619e-06 |  -5.7233969798186619e-06 | 1
 18, 10 |  -1.5362056476218053e-05 |  -1.5362056476218053e-05 | 1
 18, 11 |  -2.9645815743396966e-05 |  -2.9645815743396966e-05 | 1
 18, 12 |  -1.7456695236163111e-05 |  -1.7456695236163111e-05 | 1
 18, 13 |  -4.3679200699633560e-06 |  -4.3679200699633560e-06 | 1
 18, 14 |  -1.0091964660181063e-05 |  -1.0091964660181063e-05 | 1
 18, 15 |   4.2208443154608509e-05 |   4.2208443154608509e-05 | 1
 18, 16 |  -1.1239046367810575e-05 |  -1.1239046367810575e-05 | 1
 18, 17 |   1.8217191029339250e-05 |   1.8217191029339250e-05 | 1
 18, 18 |   3.5619769700454888e-05 |   3.5619769700454888e-05 | 1
 18, 19 |   2.1602104244952064e-05 |   2.1602104244952064e-05 | 1
 18, 20 |  -1.0155794655708333e-06 |  -1.0155794655708333e-06 | 1
 18, 21 |  -1.7442576614176840e-09 |  -1.7442576614176840e-09 | 1
 18, 22 |  -7.3289745142818942e-07 |  -7.3289745142818942e-07 | 1
 18, 23 |   2.2685101686148333e-08 |   2.2685101686148333e-08 | 1
 18, 24 |  -1.2258292738348553e-05 |  -1.2258292738348553e-05 | 1
 18, 25 |   1.0358327777250261e-05 |   1.0358327777250261e-05 | 1
 19,  1 |  -6.7462275219046313e-06 |  -6.7462275219046313e-06 | 1
 19,  2 |  -2.6159037030947049e-06 |  -2.6159037030947049e-06 | 1
 19,  3 |  -6.7117488332757465e-06 |  -6.7117488332757465e-06 | 1
 19,  4 |  -1.1502486765751546e-06 |  -1.1502486765751546e-06 | 1
 19,  5 |  -3.1474739690907429e-06 |  -3.1474739690907429e-06 | 1
 19,  6 |   1.8846341755171091e-05 |   1.8846341755171091e-05 | 1
 19,  7 |  -2.2632760397451171e-05 |  -2.2632760397451171e-05 | 1
 19,  8 |   1.1541860245393095e-05 |   1.1541860245393095e-05 | 1
 19,  9 |  -7.7541233359311175e-06 |  -7.7541233359311175e-06 | 1
 19, 10 |  -1.7304053941801691e-05 |  -1.7304053941801691e-05 | 1
 19, 11 |  -1.2359640341331095e-05 |  -1.2359640341331095e-05 | 1
 19, 12 |  -8.6469652501591426e-06 |  -8.6469652501591426e-06 | 1
 19, 13 |   5.8371298774920193e-07 |   5.8371298774920193e-07 | 1
 19, 14 |  -1.7296734529679314e-05 |  -1.7296734529679314e-05 | 1
 19, 15 |   4.9644791635438017e-05 |   4.9644791635438017e-05 | 1
 19, 16 |  -2.3566347667379907e-06 |  -2.3566347667379907e-06 | 1
 19, 17 |   1.8295591527882198e-05 |   1.8295591527882198e-05 | 1
 19, 18 |   2.1602104244952064e-05 |   2.1602104244952064e-05 | 1
 19, 19 |   3.6617026141798672e-05 |   3.6617026141798672e-05 | 1
 19, 20 |  -1.2798226794689109e-06 |  -1.2798226794689109e-06 | 1
 19, 21 |  -2.6137535305444803e-09 |  -2.6137535305444803e-09 | 1
 19, 22 |  -8.0067140236296128e-07 |  -8.0067140236296128e-07 | 1
 19, 23 |   1.6019984929502995e-08 |   1.6019984929502995e-08 | 1
 19, 24 |  -9.8298793522955223e-06 |  -9.8298793522955223e-06 | 1
 19, 25 |   1.7891213057853304e-05 |   1.7891213057853304e-05 | 1
 20,  1 |  -3.6992678470022691e-05 |  -3.6992678470022691e-05 | 1
 20,  2 |  -3.7206883810382419e-05 |  -3.7206883810382419e-05 | 1
 20,  3 |  -3.3494375661525346e-05 |  -3.3494375661525346e-05 | 1
 20,  4 |  -3.5472047872266517e-05 |  -3.5472047872266517e-05 | 1
 20,  5 |  -3.3811158882468758e-05 |  -3.3811158882468758e-05 | 1
 20,  6 |  -6.2373675791184738e-05 |  -6.2373675791184738e-05 | 1
 20,  7 |  -9.3536554818575875e-06 |  -9.3536554818575875e-06 | 1
 20,  8 |  -3.8012412147086141e-05 |  -3.8012412147086141e-05 | 1
 20,  9 |  -4.3030591776085782e-05 |  -4.3030591776085782e-05 | 1
 20, 10 |  -3.2114785116013134e-05 |  -3.2114785116013134e-05 | 1
 20, 11 |  -3.2635950074634391e-05 |  -3.2635950074634391e-05 | 1
 20, 12 |  -3.7103808995209785e-05 |  -3.7103808995209785e-05 | 1
 20, 13 |  -4.2354008034335846e-05 |  -4.2354008034335846e-05 | 1
 20, 14 |   2.7976698530164489e-07 |   2.7976698530164489e-07 | 1
 20, 15 |   1.5439481134032538e-06 |   1.5439481134032538e-06 | 1
 20, 16 |  -4.2729822400239418e-05 |  -4.2729822400239418e-05 | 1
 20, 17 |  -4.1603418106187599e-07 |  -4.1603418106187599e-07 | 1
 20, 18 |  -1.0155794655708333e-06 |  -1.0155794655708333e-06 | 1
 20, 19 |  -1.2798226794689109e-06 |  -1.2798226794689109e-06 | 1
 20, 20 |   4.5537179086847621e-05 |   4.5537179086847621e-05 | 1
 20, 21 |   1.9528169763068860e-09 |   1.9528169763068860e-09 | 1
 20, 22 |   2.3353969612098101e-06 |   2.3353969612098101e-06 | 1
 20, 23 |  -8.9615474028730614e-08 |  -8.9615474028730614e-08 | 1
 20, 24 |  -3.6065622082329213e-05 |  -3.6065622082329213e-05 | 1
 20, 25 |  -2.6682050884252833e-06 |  -2.6682050884252833e-06 | 1
 21,  1 |  -2.1006366024126321e-08 |  -2.1006366024126321e-08 | 1
 21,  2 |  -2.0286060926201543e-08 |  -2.0286060926201543e-08 | 1
 21,  3 |  -1.7775221747262471e-08 |  -1.7775221747262471e-08 | 1
 21,  4 |  -2.0823005015454095e-08 |  -2.0823005015454095e-08 | 1
 21,  5 |  -1.5645184719150015e-08 |  -1.5645184719150015e-08 | 1
 21,  6 |  -1.1786679226933357e-08 |  -1.1786679226933357e-08 | 1
 21,  7 |  -7.5891354307814779e-09 |  -7.5891354307814779e-09 | 1
 21,  8 |  -2.0349646591946725e-08 |  -2.0349646591946725e-08 | 1
 21,  9 |  -1.7213468414977369e-08 |  -1.7213468414977369e-08 | 1
 21, 10 |  -1.7611572568207623e-08 |  -1.7611572568207623e-08 | 1
 21, 11 |  -2.2142991084338957e-08 |  -2.2142991084338957e-08 | 1
 21, 12 |  -2.2878728818069392e-08 |  -2.2878728818069392e-08 | 1
 21, 13 |  -2.1526557815762978e-08 |  -2.1526557815762978e-08 | 1
 21, 14 |   1.2265119119008232e-11 |   1.2265119119008232e-11 | 1
 21, 15 |  -2.1744345128939959e-09 |  -2.1744345128939959e-09 | 1
 21, 16 |  -2.4983254406810338e-08 |  -2.4983254406810338e-08 | 1
 21, 17 |  -8.5164401925027026e-10 |  -8.5164401925027026e-10 | 1
 21, 18 |  -1.7442576614176840e-09 |  -1.7442576614176840e-09 | 1
 21, 19 |  -2.6137535305444803e-09 |  -2.6137535305444803e-09 | 1
 21, 20 |   1.9528169763068860e-09 |   1.9528169763068860e-09 | 1
 21, 21 |   6.4085739106081716e-12 |   6.4085739106081716e-12 | 1
 21, 22 |   1.0657372168615836e-09 |   1.0657372168615836e-09 | 1
 21, 23 |  -6.0074599495615922e-12 |  -6.0074599495615922e-12 | 1
 21, 24 |  -1.9286567823390173e-08 |  -1.9286567823390173e-08 | 1
 21, 25 |  -2.9880598846998719e-09 |  -2.9880598846998719e-09 | 1
 22,  1 |  -1.4932524303999402e-05 |  -1.4932524303999402e-05 | 1
 22,  2 |  -1.3942765490031652e-05 |  -1.3942765490031652e-05 | 1
 22,  3 |  -1.4814400658180350e-05 |  -1.4814400658180350e-05 | 1
 22,  4 |  -1.5046292476098349e-05 |  -1.5046292476098349e-05 | 1
 22,  5 |  -1.5796899680795245e-05 |  -1.5796899680795245e-05 | 1
 22,  6 |  -2.2242290434367225e-05 |  -2.2242290434367225e-05 | 1
 22,  7 |  -1.7763653347049258e-05 |  -1.7763653347049258e-05 | 1
 22,  8 |  -1.6244948621669805e-05 |  -1.6244948621669805e-05 | 1
 22,  9 |  -1.8218133810899855e-05 |  -1.8218133810899855e-05 | 1
 22, 10 |  -1.6709441871834782e-05 |  -1.6709441871834782e-05 | 1
 22, 11 |  -4.8888009809272244e-06 |  -4.8888009809272244e-06 | 1
 22, 12 |  -1.5603279488765206e-05 |  -1.5603279488765206e-05 | 1
 22, 13 |  -1.6157552289941958e-05 |  -1.6157552289941958e-05 | 1
 22, 14 |   3.2598239264129807e-07 |   3.2598239264129807e-07 | 1
 22, 15 |  -2.8488442883221138e-06 |  -2.8488442883221138e-06 | 1
 22, 16 |  -1.6486888654365085e-05 |  -1.6486888654365085e-05 | 1
 22, 17 |  -3.4113550761274655e-07 |  -3.4113550761274655e-07 | 1
 22, 18 |  -7.3289745142818942e-07 |  -7.3289745142818942e-07 | 1
 22, 19 |  -8.0067140236296128e-07 |  -8.0067140236296128e-07 | 1
 22, 20 |   2.3353969612098101e-06 |   2.3353969612098101e-06 | 1
 22, 21 |   1.0657372168615836e-09 |   1.0657372168615836e-09 | 1
 22, 22 |   4.2260668575513859e-06 |   4.2260668575513859e-06 | 1
 22, 23 |  -2.4785204374023404e-07 |  -2.4785204374023404e-07 | 1
 22, 24 |  -1.4603698830246103e-05 |  -1.4603698830246103e-05 | 1
 22, 25 |  -1.1420629700842058e-06 |  -1.1420629700842058e-06 | 1
 23,  1 |   5.8737764853172155e-07 |   5.8737764853172155e-07 | 1
 23,  2 |   4.7984062020798821e-07 |   4.7984062020798821e-07 | 1
 23,  3 |   5.6591051638944074e-07 |   5.6591051638944074e-07 | 1
 23,  4 |   5.2161927206480156e-07 |   5.2161927206480156e-07 | 1
 23,  5 |   5.4011830091377599e-07 |   5.4011830091377599e-07 | 1
 23,  6 |   1.1493655548838852e-06 |   1.1493655548838852e-06 | 1
 23,  7 |   8.3820427134445940e-07 |   8.3820427134445940e-07 | 1
 23,  8 |   6.6427376539694214e-07 |   6.6427376539694214e-07 | 1
 23,  9 |   7.8185797727908201e-07 |   7.8185797727908201e-07 | 1
 23, 10 |   6.3182317889991919e-07 |   6.3182317889991919e-07 | 1
 23, 11 |  -3.1915611927165592e-07 |  -3.1915611927165592e-07 | 1
 23, 12 |   4.7905460643588111e-07 |   4.7905460643588111e-07 | 1
 23, 13 |   6.9079551937744589e-07 |   6.9079551937744589e-07 | 1
 23, 14 |  -1.8817465202614783e-08 |  -1.8817465202614783e-08 | 1
 23, 15 |   1.4286740682599016e-07 |   1.4286740682599016e-07 | 1
 23, 16 |   5.1612210052475823e-07 |   5.1612210052475823e-07 | 1
 23, 17 |   9.6856841317133040e-09 |   9.6856841317133040e-09 | 1
 23, 18 |   2.2685101686148333e-08 |   2.2685101686148333e-08 | 1
 23, 19 |   1.6019984929502995e-08 |   1.6019984929502995e-08 | 1
 23, 20 |  -8.9615474028730614e-08 |  -8.9615474028730614e-08 | 1
 23, 21 |  -6.0074599495615922e-12 |  -6.0074599495615922e-12 | 1
 23, 22 |  -2.4785204374023404e-07 |  -2.4785204374023404e-07 | 1
 23, 23 |   1.7346198947597399e-08 |   1.7346198947597399e-08 | 1
 23, 24 |   5.3310757539910846e-07 |   5.3310757539910846e-07 | 1
 23, 25 |  -4.4899115975500453e-08 |  -4.4899115975500453e-08 | 1
 24,  1 |   1.2997916774726699e-04 |   1.2997916774726699e-04 | 1
 24,  2 |   1.2865090372008006e-04 |   1.2865090372008006e-04 | 1
 24,  3 |   1.2455234701631149e-04 |   1.2455234701631149e-04 | 1
 24,  4 |   1.3261173502715978e-04 |   1.3261173502715978e-04 | 1
 24,  5 |   1.2862317020078897e-04 |   1.2862317020078897e-04 | 1
 24,  6 |   1.2114388678839691e-04 |   1.2114388678839691e-04 | 1
 24,  7 |   1.1107202456800351e-04 |   1.1107202456800351e-04 | 1
 24,  8 |   1.2270747280366138e-04 |   1.2270747280366138e-04 | 1
 24,  9 |   1.3468895922264253e-04 |   1.3468895922264253e-04 | 1
 24, 10 |   1.3948851745167027e-04 |   1.3948851745167027e-04 | 1
 24, 11 |   1.3300645917533542e-04 |   1.3300645917533542e-04 | 1
 24, 12 |   1.5107662144460019e-04 |   1.5107662144460019e-04 | 1
 24, 13 |   1.3116679446243941e-04 |   1.3116679446243941e-04 | 1
 24, 14 |   7.1935717367353940e-06 |   7.1935717367353940e-06 | 1
 24, 15 |  -2.0171050522462828e-05 |  -2.0171050522462828e-05 | 1
 24, 16 |   1.5786221335164195e-04 |   1.5786221335164195e-04 | 1
 24, 17 |  -1.5773434460745957e-05 |  -1.5773434460745957e-05 | 1
 24, 18 |  -1.2258292738348553e-05 |  -1.2258292738348553e-05 | 1
 24, 19 |  -9.8298793522955223e-06 |  -9.8298793522955223e-06 | 1
 24, 20 |  -3.6065622082329213e-05 |  -3.6065622082329213e-05 | 1
 24, 21 |  -1.9286567823390173e-08 |  -1.9286567823390173e-08 | 1
 24, 22 |  -1.4603698830246103e-05 |  -1.4603698830246103e-05 | 1
 24, 23 |   5.3310757539910846e-07 |   5.3310757539910846e-07 | 1
 24, 24 |   1.6668492082218196e-04 |   1.6668492082218196e-04 | 1
 24, 25 |  -2.5995162691376932e-05 |  -2.5995162691376932e-05 | 1
 25,  1 |   9.5615315438486995e-06 |   9.5615315438486995e-06 | 1
 25,  2 |   1.9426409554696193e-04 |   1.9426409554696193e-04 | 1
 25,  3 |   7.7893873885276067e-05 |   7.7893873885276067e-05 | 1
 25,  4 |   1.1538320738092113e-04 |   1.1538320738092113e-04 | 1
 25,  5 |   2.1937927966241946e-04 |   2.1937927966241946e-04 | 1
 25,  6 |   8.4063611771714091e-04 |   8.4063611771714091e-04 | 1
 25,  7 |   4.9876337475962514e-05 |   4.9876337475962514e-05 | 1
 25,  8 |   3.1137023601912606e-04 |   3.1137023601912606e-04 | 1
 25,  9 |   1.0544558880032362e-04 |   1.0544558880032362e-04 | 1
 25, 10 |   8.1364278384857947e-05 |   8.1364278384857947e-05 | 1
 25, 11 |   2.6282225871310784e-05 |   2.6282225871310784e-05 | 1
 25, 12 |   1.0439907446707495e-04 |   1.0439907446707495e-04 | 1
 25, 13 |   2.7293240053024117e-04 |   2.7293240053024117e-04 | 1
 25, 14 |  -4.4345156447077826e-04 |  -4.4345156447077826e-04 | 1
 25, 15 |   7.9276516789019216e-04 |   7.9276516789019216e-04 | 1
 25, 16 |   2.2469196414929893e-04 |   2.2469196414929893e-04 | 1
 25, 17 |   7.8393086898703849e-06 |   7.8393086898703849e-06 | 1
 25, 18 |   1.0358327777250261e-05 |   1.0358327777250261e-05 | 1
 25, 19 |   1.7891213057853304e-05 |   1.7891213057853304e-05 | 1
 25, 20 |  -2.6682050884252833e-06 |  -2.6682050884252833e-06 | 1
 25, 21 |  -2.9880598846998719e-09 |  -2.9880598846998719e-09 | 1
 25, 22 |  -1.1420629700842058e-06 |  -1.1420629700842058e-06 | 1
 25, 23 |  -4.4899115975500453e-08 |  -4.4899115975500453e-08 | 1
 25, 24 |  -2.5995162691376932e-05 |  -2.5995162691376932e-05 | 1
 25, 25 |   5.2365390875876909e-04 |   5.2365390875876909e-04 | 1
