row,col | V_base                   | V_new                    | equal
  1,  1 |   9.8051724060830810e-05 |   9.8051724060830810e-05 | 1
  1,  2 |   4.7587326408195046e-05 |   4.7587326408195046e-05 | 1
  1,  3 |   4.4804809028515106e-05 |   4.4804809028515106e-05 | 1
  1,  4 |   4.6573554315277554e-05 |   4.6573554315277554e-05 | 1
  1,  5 |   3.5544829570033270e-05 |   3.5544829570033270e-05 | 1
  1,  6 |   2.7223316896264821e-05 |   2.7223316896264821e-05 | 1
  1,  7 |   1.8428236107860443e-05 |   1.8428236107860443e-05 | 1
  1,  8 |   4.1838462066952010e-05 |   4.1838462066952010e-05 | 1
  1,  9 |   4.3755995268642827e-05 |   4.3755995268642827e-05 | 1
  1, 10 |   3.8081121764689372e-05 |   3.8081121764689372e-05 | 1
  1, 11 |   5.4661287407664160e-05 |   5.4661287407664160e-05 | 1
  1, 12 |   5.3086015524415825e-05 |   5.3086015524415825e-05 | 1
  1, 13 |   5.3178944427654623e-05 |   5.3178944427654623e-05 | 1
  1, 14 |   7.8853758493236554e-06 |   7.8853758493236554e-06 | 1
  1, 15 |  -2.9537721180012476e-05 |  -2.9537721180012476e-05 | 1
  1, 16 |   5.9105794814695258e-05 |   5.9105794814695258e-05 | 1
  1, 17 |  -1.5784406754606092e-05 |  -1.5784406754606092e-05 | 1
  1, 18 |  -1.3533733743735554e-05 |  -1.3533733743735554e-05 | 1
  1, 19 |  -1.2846529396030176e-05 |  -1.2846529396030176e-05 | 1
  1, 20 |  -2.5848752955224375e-05 |  -2.5848752955224375e-05 | 1
  1, 21 |  -1.2360672854128963e-08 |  -1.2360672854128963e-08 | 1
  1, 22 |   4.8611367895989036e-05 |   4.8611367895989036e-05 | 1
  1, 23 |  -6.7882704910789728e-06 |  -6.7882704910789728e-06 | 1
  2,  1 |   4.7587326408195046e-05 |   4.7587326408195046e-05 | 1
  2,  2 |   8.0582586955189146e-04 |   8.0582586955189146e-04 | 1
  2,  3 |   4.9954943349820917e-05 |   4.9954943349820917e-05 | 1
  2,  4 |   5.3462638224543897e-05 |   5.3462638224543897e-05 | 1
  2,  5 |   5.0398623811560039e-05 |   5.0398623811560039e-05 | 1
  2,  6 |   1.1789760406969612e-04 |   1.1789760406969612e-04 | 1
  2,  7 |   4.3290689150163057e-05 |   4.3290689150163057e-05 | 1
  2,  8 |   7.1603574414124744e-05 |   7.1603574414124744e-05 | 1
  2,  9 |   5.2097287841596322e-05 |   5.2097287841596322e-05 | 1
  2, 10 |   5.2114433303675556e-05 |   5.2114433303675556e-05 | 1
  2, 11 |   4.7910004905905537e-05 |   4.7910004905905537e-05 | 1
  2, 12 |   6.0509850955844370e-05 |   6.0509850955844370e-05 | 1
  2, 13 |   7.9641955289668826e-05 |   7.9641955289668826e-05 | 1
  2, 14 |  -1.6015898974732292e-04 |  -1.6015898974732292e-04 | 1
  2, 15 |   4.2185309517722227e-05 |   4.2185309517722227e-05 | 1
  2, 16 |   7.3594833673551322e-05 |   7.3594833673551322e-05 | 1
  2, 17 |  -1.6382236352752650e-05 |  -1.6382236352752650e-05 | 1
  2, 18 |  -1.2114857033612497e-05 |  -1.2114857033612497e-05 | 1
  2, 19 |  -9.2021156110730722e-06 |  -9.2021156110730722e-06 | 1
  2, 20 |  -2.4889209461820012e-05 |  -2.4889209461820012e-05 | 1
  2, 21 |  -1.0580959596135770e-08 |  -1.0580959596135770e-08 | 1
  2, 22 |   4.3705728927170091e-05 |   4.3705728927170091e-05 | 1
  2, 23 |   1.6071682941728327e-04 |   1.6071682941728327e-04 | 1
  3,  1 |   4.4804809028515106e-05 |   4.4804809028515106e-05 | 1
  3,  2 |   4.9954943349820917e-05 |   4.9954943349820917e-05 | 1
  3,  3 |   3.9249822628806847e-03 |   3.9249822628806847e-03 | 1
  3,  4 |   8.0317581971727859e-05 |   8.0317581971727859e-05 | 1
  3,  5 |   4.9795469461446538e-05 |   4.9795469461446538e-05 | 1
  3,  6 |  -4.7451482247605690e-05 |  -4.7451482247605690e-05 | 1
  3,  7 |   2.4752440947759717e-04 |   2.4752440947759717e-04 | 1
  3,  8 |   5.8766409251583712e-05 |   5.8766409251583712e-05 | 1
  3,  9 |   6.0156387906104066e-05 |   6.0156387906104066e-05 | 1
  3, 10 |   1.4007683920371042e-04 |   1.4007683920371042e-04 | 1
  3, 11 |   1.3547220130687929e-04 |   1.3547220130687929e-04 | 1
  3, 12 |   2.5462418617855668e-04 |   2.5462418617855668e-04 | 1
  3, 13 |   1.3450125500687456e-04 |   1.3450125500687456e-04 | 1
  3, 14 |  -8.1590529894630084e-05 |  -8.1590529894630084e-05 | 1
  3, 15 |  -3.3599073259822827e-04 |  -3.3599073259822827e-04 | 1
  3, 16 |   2.9850361778221773e-04 |   2.9850361778221773e-04 | 1
  3, 17 |  -1.8913618886803127e-05 |  -1.8913618886803127e-05 | 1
  3, 18 |  -1.6905813772174746e-05 |  -1.6905813772174746e-05 | 1
  3, 19 |  -1.3350191804275121e-05 |  -1.3350191804275121e-05 | 1
  3, 20 |  -2.2503339924653168e-05 |  -2.2503339924653168e-05 | 1
  3, 21 |  -8.6965236086940574e-09 |  -8.6965236086940574e-09 | 1
  3, 22 |   4.2149000017867204e-05 |   4.2149000017867204e-05 | 1
  3, 23 |   8.2064117032518190e-05 |   8.2064117032518190e-05 | 1
  4,  1 |   4.6573554315277554e-05 |   4.6573554315277554e-05 | 1
  4,  2 |   5.3462638224543897e-05 |   5.3462638224543897e-05 | 1
  4,  3 |   8.0317581971727859e-05 |   8.0317581971727859e-05 | 1
  4,  4 |   1.1785663859781841e-03 |   1.1785663859781841e-03 | 1
  4,  5 |   5.2056830796320266e-05 |   5.2056830796320266e-05 | 1
  4,  6 |  -5.3616516879056154e-05 |  -5.3616516879056154e-05 | 1
  4,  7 |   2.8437155369112448e-04 |   2.8437155369112448e-04 | 1
  4,  8 |   6.8304803931776132e-05 |   6.8304803931776132e-05 | 1
  4,  9 |   6.5816237250741142e-05 |   6.5816237250741142e-05 | 1
  4, 10 |   1.5800326172391263e-04 |   1.5800326172391263e-04 | 1
  4, 11 |   1.4897955383005456e-04 |   1.4897955383005456e-04 | 1
  4, 12 |   2.9375304674355944e-04 |   2.9375304674355944e-04 | 1
  4, 13 |   1.5569053765781529e-04 |   1.5569053765781529e-04 | 1
  4, 14 |  -1.0109809703973480e-04 |  -1.0109809703973480e-04 | 1
  4, 15 |  -3.8404199341851277e-04 |  -3.8404199341851277e-04 | 1
  4, 16 |   3.4557981304169174e-04 |   3.4557981304169174e-04 | 1
  4, 17 |  -1.5522693569523833e-05 |  -1.5522693569523833e-05 | 1
  4, 18 |  -1.0347261136110236e-05 |  -1.0347261136110236e-05 | 1
  4, 19 |  -8.1719567409406835e-06 |  -8.1719567409406835e-06 | 1
  4, 20 |  -2.3783072107738416e-05 |  -2.3783072107738416e-05 | 1
  4, 21 |  -1.0565993732144837e-08 |  -1.0565993732144837e-08 | 1
  4, 22 |   4.2490725565093177e-05 |   4.2490725565093177e-05 | 1
  4, 23 |   1.0133796471091891e-04 |   1.0133796471091891e-04 | 1
  5,  1 |   3.5544829570033270e-05 |   3.5544829570033270e-05 | 1
  5,  2 |   5.0398623811560039e-05 |   5.0398623811560039e-05 | 1
  5,  3 |   4.9795469461446538e-05 |   4.9795469461446538e-05 | 1
  5,  4 |   5.2056830796320266e-05 |   5.2056830796320266e-05 | 1
  5,  5 |   1.2597918208700171e-02 |   1.2597918208700171e-02 | 1
  5,  6 |   6.5223268299103893e-04 |   6.5223268299103893e-04 | 1
  5,  7 |  -8.7023214817477090e-05 |  -8.7023214817477090e-05 | 1
  5,  8 |   1.9804031290096140e-04 |   1.9804031290096140e-04 | 1
  5,  9 |   8.2737849206450051e-05 |   8.2737849206450051e-05 | 1
  5, 10 |   1.3677468409905367e-05 |   1.3677468409905367e-05 | 1
  5, 11 |  -7.1790993186965683e-05 |  -7.1790993186965683e-05 | 1
  5, 12 |  -1.2881769515848485e-04 |  -1.2881769515848485e-04 | 1
  5, 13 |   1.1995444353589348e-04 |   1.1995444353589348e-04 | 1
  5, 14 |  -1.5808930771733776e-04 |  -1.5808930771733776e-04 | 1
  5, 15 |   7.3824168488754072e-04 |   7.3824168488754072e-04 | 1
  5, 16 |  -1.2471994983848656e-04 |  -1.2471994983848656e-04 | 1
  5, 17 |  -2.0026358467283805e-05 |  -2.0026358467283805e-05 | 1
  5, 18 |  -2.0176671209203308e-05 |  -2.0176671209203308e-05 | 1
  5, 19 |  -1.5210169281743515e-05 |  -1.5210169281743515e-05 | 1
  5, 20 |  -2.2447646377852352e-05 |  -2.2447646377852352e-05 | 1
  5, 21 |  -4.1661306183110798e-09 |  -4.1661306183110798e-09 | 1
  5, 22 |   3.5009839290105842e-05 |   3.5009839290105842e-05 | 1
  5, 23 |   1.5797135000725514e-04 |   1.5797135000725514e-04 | 1
  6,  1 |   2.7223316896264821e-05 |   2.7223316896264821e-05 | 1
  6,  2 |   1.1789760406969612e-04 |   1.1789760406969612e-04 | 1
  6,  3 |  -4.7451482247605690e-05 |  -4.7451482247605690e-05 | 1
  6,  4 |  -5.3616516879056154e-05 |  -5.3616516879056154e-05 | 1
  6,  5 |   6.5223268299103893e-04 |   6.5223268299103893e-04 | 1
  6,  6 |   5.9258419405214960e-03 |   5.9258419405214960e-03 | 1
  6,  7 |  -2.3972604094910973e-03 |  -2.3972604094910973e-03 | 1
  6,  8 |   1.3576446815830936e-03 |   1.3576446815830936e-03 | 1
  6,  9 |   3.2034459104772690e-04 |   3.2034459104772690e-04 | 1
  6, 10 |  -7.9418524849510317e-04 |  -7.9418524849510317e-04 | 1
  6, 11 |  -1.5097919815823054e-03 |  -1.5097919815823054e-03 | 1
  6, 12 |  -2.7383943495838574e-03 |  -2.7383943495838574e-03 | 1
  6, 13 |   1.9416714888204368e-04 |   1.9416714888204368e-04 | 1
  6, 14 |  -8.5548903482559821e-04 |  -8.5548903482559821e-04 | 1
  6, 15 |   8.5539875504885392e-03 |   8.5539875504885392e-03 | 1
  6, 16 |  -2.9762027076474700e-03 |  -2.9762027076474700e-03 | 1
  6, 17 |  -1.1142331353655314e-06 |  -1.1142331353655314e-06 | 1
  6, 18 |   1.5764587800557001e-05 |   1.5764587800557001e-05 | 1
  6, 19 |   1.7743621200755484e-05 |   1.7743621200755484e-05 | 1
  6, 20 |  -5.0150252796906624e-05 |  -5.0150252796906624e-05 | 1
  6, 21 |  -2.8710056309517033e-09 |  -2.8710056309517033e-09 | 1
  6, 22 |   2.3377217057488872e-05 |   2.3377217057488872e-05 | 1
  6, 23 |   8.5380404508570546e-04 |   8.5380404508570546e-04 | 1
  7,  1 |   1.8428236107860443e-05 |   1.8428236107860443e-05 | 1
  7,  2 |   4.3290689150163057e-05 |   4.3290689150163057e-05 | 1
  7,  3 |   2.4752440947759717e-04 |   2.4752440947759717e-04 | 1
  7,  4 |   2.8437155369112448e-04 |   2.8437155369112448e-04 | 1
  7,  5 |  -8.7023214817477090e-05 |  -8.7023214817477090e-05 | 1
  7,  6 |  -2.3972604094910973e-03 |  -2.3972604094910973e-03 | 1
  7,  7 |   2.1624733882564394e-03 |   2.1624733882564394e-03 | 1
  7,  8 |  -2.9463980847500458e-04 |  -2.9463980847500458e-04 | 1
  7,  9 |   4.6755011073993714e-05 |   4.6755011073993714e-05 | 1
  7, 10 |   9.1016699205554385e-04 |   9.1016699205554385e-04 | 1
  7, 11 |   1.0547845661368685e-03 |   1.0547845661368685e-03 | 1
  7, 12 |   2.1741064173402712e-03 |   2.1741064173402712e-03 | 1
  7, 13 |   4.8884185038809225e-04 |   4.8884185038809225e-04 | 1
  7, 14 |  -2.2382569193477497e-04 |  -2.2382569193477497e-04 | 1
  7, 15 |  -4.7060746677635885e-03 |  -4.7060746677635885e-03 | 1
  7, 16 |   2.4827420608328479e-03 |   2.4827420608328479e-03 | 1
  7, 17 |  -3.4144859605416826e-05 |  -3.4144859605416826e-05 | 1
  7, 18 |  -3.3023950339274674e-05 |  -3.3023950339274674e-05 | 1
  7, 19 |  -1.7728471829915389e-05 |  -1.7728471829915389e-05 | 1
  7, 20 |   3.6641169680307078e-06 |   3.6641169680307078e-06 | 1
  7, 21 |  -9.5884892503430809e-11 |  -9.5884892503430809e-11 | 1
  7, 22 |   2.1779338710180186e-05 |   2.1779338710180186e-05 | 1
  7, 23 |   2.2243652853085684e-04 |   2.2243652853085684e-04 | 1
  8,  1 |   4.1838462066952010e-05 |   4.1838462066952010e-05 | 1
  8,  2 |   7.1603574414124744e-05 |   7.1603574414124744e-05 | 1
  8,  3 |   5.8766409251583712e-05 |   5.8766409251583712e-05 | 1
  8,  4 |   6.8304803931776132e-05 |   6.8304803931776132e-05 | 1
  8,  5 |   1.9804031290096140e-04 |   1.9804031290096140e-04 | 1
  8,  6 |   1.3576446815830936e-03 |   1.3576446815830936e-03 | 1
  8,  7 |  -2.9463980847500458e-04 |  -2.9463980847500458e-04 | 1
  8,  8 |   1.6527493756997389e-03 |   1.6527493756997389e-03 | 1
  8,  9 |   1.3064452900362055e-04 |   1.3064452900362055e-04 | 1
  8, 10 |  -4.1733270744495537e-05 |  -4.1733270744495537e-05 | 1
  8, 11 |  -2.2482392214876758e-04 |  -2.2482392214876758e-04 | 1
  8, 12 |  -3.7152782133385008e-04 |  -3.7152782133385008e-04 | 1
  8, 13 |   1.9449823518466008e-04 |   1.9449823518466008e-04 | 1
  8, 14 |  -3.1165483938541910e-04 |  -3.1165483938541910e-04 | 1
  8, 15 |   1.6750862733070247e-03 |   1.6750862733070247e-03 | 1
  8, 16 |  -3.7636984749761770e-04 |  -3.7636984749761770e-04 | 1
  8, 17 |  -5.3832184635316268e-06 |  -5.3832184635316268e-06 | 1
  8, 18 |  -1.2004300716154028e-06 |  -1.2004300716154028e-06 | 1
  8, 19 |   5.8855547904398961e-06 |   5.8855547904398961e-06 | 1
  8, 20 |  -2.7009126291064654e-05 |  -2.7009126291064654e-05 | 1
  8, 21 |  -1.1182324138831702e-08 |  -1.1182324138831702e-08 | 1
  8, 22 |   3.6287007082814817e-05 |   3.6287007082814817e-05 | 1
  8, 23 |   3.1196585538207809e-04 |   3.1196585538207809e-04 | 1
  9,  1 |   4.3755995268642827e-05 |   4.3755995268642827e-05 | 1
  9,  2 |   5.2097287841596322e-05 |   5.2097287841596322e-05 | 1
  9,  3 |   6.0156387906104066e-05 |   6.0156387906104066e-05 | 1
  9,  4 |   6.5816237250741142e-05 |   6.5816237250741142e-05 | 1
  9,  5 |   8.2737849206450051e-05 |   8.2737849206450051e-05 | 1
  9,  6 |   3.2034459104772690e-04 |   3.2034459104772690e-04 | 1
  9,  7 |   4.6755011073993714e-05 |   4.6755011073993714e-05 | 1
  9,  8 |   1.3064452900362055e-04 |   1.3064452900362055e-04 | 1
  9,  9 |   1.3754178415652527e-02 |   1.3754178415652527e-02 | 1
  9, 10 |   6.5004629559350062e-05 |   6.5004629559350062e-05 | 1
  9, 11 |   2.1888081225924381e-05 |   2.1888081225924381e-05 | 1
  9, 12 |   4.1535248999654420e-05 |   4.1535248999654420e-05 | 1
  9, 13 |   1.2194345589523857e-04 |   1.2194345589523857e-04 | 1
  9, 14 |  -1.0993121406341740e-04 |  -1.0993121406341740e-04 | 1
  9, 15 |   2.3935855356159354e-04 |   2.3935855356159354e-04 | 1
  9, 16 |   6.1436416697972391e-05 |   6.1436416697972391e-05 | 1
  9, 17 |  -1.7145452949221790e-05 |  -1.7145452949221790e-05 | 1
  9, 18 |  -9.0581826711415835e-06 |  -9.0581826711415835e-06 | 1
  9, 19 |  -1.2494397906023136e-05 |  -1.2494397906023136e-05 | 1
  9, 20 |  -3.0101402204723664e-05 |  -3.0101402204723664e-05 | 1
  9, 21 |  -7.8579775316705067e-09 |  -7.8579775316705067e-09 | 1
  9, 22 |   4.0891192818831294e-05 |   4.0891192818831294e-05 | 1
  9, 23 |   1.1040179576106302e-04 |   1.1040179576106302e-04 | 1
 10,  1 |   3.8081121764689372e-05 |   3.8081121764689372e-05 | 1
 10,  2 |   5.2114433303675556e-05 |   5.2114433303675556e-05 | 1
 10,  3 |   1.4007683920371042e-04 |   1.4007683920371042e-04 | 1
 10,  4 |   1.5800326172391263e-04 |   1.5800326172391263e-04 | 1
 10,  5 |   1.3677468409905367e-05 |   1.3677468409905367e-05 | 1
 10,  6 |  -7.9418524849510317e-04 |  -7.9418524849510317e-04 | 1
 10,  7 |   9.1016699205554385e-04 |   9.1016699205554385e-04 | 1
 10,  8 |  -4.1733270744495537e-05 |  -4.1733270744495537e-05 | 1
 10,  9 |   6.5004629559350062e-05 |   6.5004629559350062e-05 | 1
 10, 10 |   6.2279734518004046e-02 |   6.2279734518004046e-02 | 1
 10, 11 |   4.4536914402528626e-04 |   4.4536914402528626e-04 | 1
 10, 12 |   9.1624287911000783e-04 |   9.1624287911000783e-04 | 1
 10, 13 |   2.7572921060092022e-04 |   2.7572921060092022e-04 | 1
 10, 14 |  -1.5290517893818325e-04 |  -1.5290517893818325e-04 | 1
 10, 15 |  -1.7862670832087873e-03 |  -1.7862670832087873e-03 | 1
 10, 16 |   1.0536857975023610e-03 |   1.0536857975023610e-03 | 1
 10, 17 |  -2.4982340690164738e-05 |  -2.4982340690164738e-05 | 1
 10, 18 |  -1.9713760368997982e-05 |  -1.9713760368997982e-05 | 1
 10, 19 |  -1.8708758238634624e-05 |  -1.8708758238634624e-05 | 1
 10, 20 |  -1.5261047756975602e-05 |  -1.5261047756975602e-05 | 1
 10, 21 |  -6.2885053992948389e-09 |  -6.2885053992948389e-09 | 1
 10, 22 |   3.7026052538271728e-05 |   3.7026052538271728e-05 | 1
 10, 23 |   1.5271179848561263e-04 |   1.5271179848561263e-04 | 1
 11,  1 |   5.4661287407664160e-05 |   5.4661287407664160e-05 | 1
 11,  2 |   4.7910004905905537e-05 |   4.7910004905905537e-05 | 1
 11,  3 |   1.3547220130687929e-04 |   1.3547220130687929e-04 | 1
 11,  4 |   1.4897955383005456e-04 |   1.4897955383005456e-04 | 1
 11,  5 |  -7.1790993186965683e-05 |  -7.1790993186965683e-05 | 1
 11,  6 |  -1.5097919815823054e-03 |  -1.5097919815823054e-03 | 1
 11,  7 |   1.0547845661368685e-03 |   1.0547845661368685e-03 | 1
 11,  8 |  -2.2482392214876758e-04 |  -2.2482392214876758e-04 | 1
 11,  9 |   2.1888081225924381e-05 |   2.1888081225924381e-05 | 1
 11, 10 |   4.4536914402528626e-04 |   4.4536914402528626e-04 | 1
 11, 11 |   3.9348734237325413e-02 |   3.9348734237325413e-02 | 1
 11, 12 |   1.1292500760741336e-03 |   1.1292500760741336e-03 | 1
 11, 13 |   1.9767421245620931e-04 |   1.9767421245620931e-04 | 1
 11, 14 |   3.4515465830819676e-05 |   3.4515465830819676e-05 | 1
 11, 15 |  -2.6773754723950316e-03 |  -2.6773754723950316e-03 | 1
 11, 16 |   1.2690352242949493e-03 |   1.2690352242949493e-03 | 1
 11, 17 |  -2.8094628729257153e-05 |  -2.8094628729257153e-05 | 1
 11, 18 |  -3.6441222781438139e-05 |  -3.6441222781438139e-05 | 1
 11, 19 |  -2.1923850674002316e-05 |  -2.1923850674002316e-05 | 1
 11, 20 |  -2.1071511297396791e-05 |  -2.1071511297396791e-05 | 1
 11, 21 |  -9.9646170925028938e-09 |  -9.9646170925028938e-09 | 1
 11, 22 |   5.2867457534039437e-05 |   5.2867457534039437e-05 | 1
 11, 23 |  -3.3106300341787822e-05 |  -3.3106300341787822e-05 | 1
 12,  1 |   5.3086015524415825e-05 |   5.3086015524415825e-05 | 1
 12,  2 |   6.0509850955844370e-05 |   6.0509850955844370e-05 | 1
 12,  3 |   2.5462418617855668e-04 |   2.5462418617855668e-04 | 1
 12,  4 |   2.9375304674355944e-04 |   2.9375304674355944e-04 | 1
 12,  5 |  -1.2881769515848485e-04 |  -1.2881769515848485e-04 | 1
 12,  6 |  -2.7383943495838574e-03 |  -2.7383943495838574e-03 | 1
 12,  7 |   2.1741064173402712e-03 |   2.1741064173402712e-03 | 1
 12,  8 |  -3.7152782133385008e-04 |  -3.7152782133385008e-04 | 1
 12,  9 |   4.1535248999654420e-05 |   4.1535248999654420e-05 | 1
 12, 10 |   9.1624287911000783e-04 |   9.1624287911000783e-04 | 1
 12, 11 |   1.1292500760741336e-03 |   1.1292500760741336e-03 | 1
 12, 12 |   8.8321943999043785e-03 |   8.8321943999043785e-03 | 1
 12, 13 |   4.5885189303208765e-04 |   4.5885189303208765e-04 | 1
 12, 14 |  -1.0542040259957502e-04 |  -1.0542040259957502e-04 | 1
 12, 15 |  -5.1172770638309266e-03 |  -5.1172770638309266e-03 | 1
 12, 16 |   2.5733256138241421e-03 |   2.5733256138241421e-03 | 1
 12, 17 |  -2.3748060713499275e-05 |  -2.3748060713499275e-05 | 1
 12, 18 |  -2.1266929611018056e-05 |  -2.1266929611018056e-05 | 1
 12, 19 |  -1.5720967740122241e-05 |  -1.5720967740122241e-05 | 1
 12, 20 |  -2.3309025537803785e-05 |  -2.3309025537803785e-05 | 1
 12, 21 |  -1.0916315311903899e-08 |  -1.0916315311903899e-08 | 1
 12, 22 |   4.9919426525502384e-05 |   4.9919426525502384e-05 | 1
 12, 23 |   1.0584264605555203e-04 |   1.0584264605555203e-04 | 1
 13,  1 |   5.3178944427654623e-05 |   5.3178944427654623e-05 | 1
 13,  2 |   7.9641955289668826e-05 |   7.9641955289668826e-05 | 1
 13,  3 |   1.3450125500687456e-04 |   1.3450125500687456e-04 | 1
 13,  4 |   1.5569053765781529e-04 |   1.5569053765781529e-04 | 1
 13,  5 |   1.1995444353589348e-04 |   1.1995444353589348e-04 | 1
 13,  6 |   1.9416714888204368e-04 |   1.9416714888204368e-04 | 1
 13,  7 |   4.8884185038809225e-04 |   4.8884185038809225e-04 | 1
 13,  8 |   1.9449823518466008e-04 |   1.9449823518466008e-04 | 1
 13,  9 |   1.2194345589523857e-04 |   1.2194345589523857e-04 | 1
 13, 10 |   2.7572921060092022e-04 |   2.7572921060092022e-04 | 1
 13, 11 |   1.9767421245620931e-04 |   1.9767421245620931e-04 | 1
 13, 12 |   4.5885189303208765e-04 |   4.5885189303208765e-04 | 1
 13, 13 |   8.3391625331217922e-03 |   8.3391625331217922e-03 | 1
 13, 14 |  -2.9176268066365992e-04 |  -2.9176268066365992e-04 | 1
 13, 15 |  -3.4739685555105397e-04 |  -3.4739685555105397e-04 | 1
 13, 16 |   5.5873963200722687e-04 |   5.5873963200722687e-04 | 1
 13, 17 |  -1.0371313050417453e-05 |  -1.0371313050417453e-05 | 1
 13, 18 |  -7.3238296406070033e-06 |  -7.3238296406070033e-06 | 1
 13, 19 |  -1.5479638269612900e-06 |  -1.5479638269612900e-06 | 1
 13, 20 |  -3.1026684367738353e-05 |  -3.1026684367738353e-05 | 1
 13, 21 |  -1.3151791299534531e-08 |  -1.3151791299534531e-08 | 1
 13, 22 |   4.7455936125381726e-05 |   4.7455936125381726e-05 | 1
 13, 23 |   2.9225350241519302e-04 |   2.9225350241519302e-04 | 1
 14,  1 |   7.8853758493236554e-06 |   7.8853758493236554e-06 | 1
 14,  2 |  -1.6015898974732292e-04 |  -1.6015898974732292e-04 | 1
 14,  3 |  -8.1590529894630084e-05 |  -8.1590529894630084e-05 | 1
 14,  4 |  -1.0109809703973480e-04 |  -1.0109809703973480e-04 | 1
 14,  5 |  -1.5808930771733776e-04 |  -1.5808930771733776e-04 | 1
 14,  6 |  -8.5548903482559821e-04 |  -8.5548903482559821e-04 | 1
 14,  7 |  -2.2382569193477497e-04 |  -2.2382569193477497e-04 | 1
 14,  8 |  -3.1165483938541910e-04 |  -3.1165483938541910e-04 | 1
 14,  9 |  -1.0993121406341740e-04 |  -1.0993121406341740e-04 | 1
 14, 10 |  -1.5290517893818325e-04 |  -1.5290517893818325e-04 | 1
 14, 11 |   3.4515465830819676e-05 |   3.4515465830819676e-05 | 1
 14, 12 |  -1.0542040259957502e-04 |  -1.0542040259957502e-04 | 1
 14, 13 |  -2.9176268066365992e-04 |  -2.9176268066365992e-04 | 1
 14, 14 |   4.4041162429467849e-04 |   4.4041162429467849e-04 | 1
 14, 15 |  -6.5858406604790828e-04 |  -6.5858406604790828e-04 | 1
 14, 16 |  -1.7617272087888127e-04 |  -1.7617272087888127e-04 | 1
 14, 17 |  -5.4679714161574783e-06 |  -5.4679714161574783e-06 | 1
 14, 18 |  -1.0332473984379403e-05 |  -1.0332473984379403e-05 | 1
 14, 19 |  -1.7535771641985451e-05 |  -1.7535771641985451e-05 | 1
 14, 20 |  -4.8729545876904998e-08 |  -4.8729545876904998e-08 | 1
 14, 21 |  -2.2914066432720858e-10 |  -2.2914066432720858e-10 | 1
 14, 22 |   8.9620990728355372e-06 |   8.9620990728355372e-06 | 1
 14, 23 |  -4.3938680564382547e-04 |  -4.3938680564382547e-04 | 1
 15,  1 |  -2.9537721180012476e-05 |  -2.9537721180012476e-05 | 1
 15,  2 |   4.2185309517722227e-05 |   4.2185309517722227e-05 | 1
 15,  3 |  -3.3599073259822827e-04 |  -3.3599073259822827e-04 | 1
 15,  4 |  -3.8404199341851277e-04 |  -3.8404199341851277e-04 | 1
 15,  5 |   7.3824168488754072e-04 |   7.3824168488754072e-04 | 1
 15,  6 |   8.5539875504885392e-03 |   8.5539875504885392e-03 | 1
 15,  7 |  -4.7060746677635885e-03 |  -4.7060746677635885e-03 | 1
 15,  8 |   1.6750862733070247e-03 |   1.6750862733070247e-03 | 1
 15,  9 |   2.3935855356159354e-04 |   2.3935855356159354e-04 | 1
 15, 10 |  -1.7862670832087873e-03 |  -1.7862670832087873e-03 | 1
 15, 11 |  -2.6773754723950316e-03 |  -2.6773754723950316e-03 | 1
 15, 12 |  -5.1172770638309266e-03 |  -5.1172770638309266e-03 | 1
 15, 13 |  -3.4739685555105397e-04 |  -3.4739685555105397e-04 | 1
 15, 14 |  -6.5858406604790828e-04 |  -6.5858406604790828e-04 | 1
 15, 15 |   1.3733333762410486e-02 |   1.3733333762410486e-02 | 1
 15, 16 |  -5.6886288543432535e-03 |  -5.6886288543432535e-03 | 1
 15, 17 |   3.3866985773126970e-05 |   3.3866985773126970e-05 | 1
 15, 18 |   4.0668786065069533e-05 |   4.0668786065069533e-05 | 1
 15, 19 |   4.4562281935759825e-05 |   4.4562281935759825e-05 | 1
 15, 20 |   2.7331008011848920e-06 |   2.7331008011848920e-06 | 1
 15, 21 |   3.9025696262098454e-10 |   3.9025696262098454e-10 | 1
 15, 22 |  -3.3580906600169605e-05 |  -3.3580906600169605e-05 | 1
 15, 23 |   6.5754884698328710e-04 |   6.5754884698328710e-04 | 1
 16,  1 |   5.9105794814695258e-05 |   5.9105794814695258e-05 | 1
 16,  2 |   7.3594833673551322e-05 |   7.3594833673551322e-05 | 1
 16,  3 |   2.9850361778221773e-04 |   2.9850361778221773e-04 | 1
 16,  4 |   3.4557981304169174e-04 |   3.4557981304169174e-04 | 1
 16,  5 |  -1.2471994983848656e-04 |  -1.2471994983848656e-04 | 1
 16,  6 |  -2.9762027076474700e-03 |  -2.9762027076474700e-03 | 1
 16,  7 |   2.4827420608328479e-03 |   2.4827420608328479e-03 | 1
 16,  8 |  -3.7636984749761770e-04 |  -3.7636984749761770e-04 | 1
 16,  9 |   6.1436416697972391e-05 |   6.1436416697972391e-05 | 1
 16, 10 |   1.0536857975023610e-03 |   1.0536857975023610e-03 | 1
 16, 11 |   1.2690352242949493e-03 |   1.2690352242949493e-03 | 1
 16, 12 |   2.5733256138241421e-03 |   2.5733256138241421e-03 | 1
 16, 13 |   5.5873963200722687e-04 |   5.5873963200722687e-04 | 1
 16, 14 |  -1.7617272087888127e-04 |  -1.7617272087888127e-04 | 1
 16, 15 |  -5.6886288543432535e-03 |  -5.6886288543432535e-03 | 1
 16, 16 |   3.0328654590541654e-03 |   3.0328654590541654e-03 | 1
 16, 17 |  -2.3111965868009175e-05 |  -2.3111965868009175e-05 | 1
 16, 18 |  -2.0877222779249506e-05 |  -2.0877222779249506e-05 | 1
 16, 19 |  -1.3183456845380958e-05 |  -1.3183456845380958e-05 | 1
 16, 20 |  -2.8104432227381816e-05 |  -2.8104432227381816e-05 | 1
 16, 21 |  -1.2778219075032320e-08 |  -1.2778219075032320e-08 | 1
 16, 22 |   5.4942871278087211e-05 |   5.4942871278087211e-05 | 1
 16, 23 |   1.7669585922884399e-04 |   1.7669585922884399e-04 | 1
 17,  1 |  -1.5784406754606092e-05 |  -1.5784406754606092e-05 | 1
 17,  2 |  -1.6382236352752650e-05 |  -1.6382236352752650e-05 | 1
 17,  3 |  -1.8913618886803127e-05 |  -1.8913618886803127e-05 | 1
 17,  4 |  -1.5522693569523833e-05 |  -1.5522693569523833e-05 | 1
 17,  5 |  -2.0026358467283805e-05 |  -2.0026358467283805e-05 | 1
 17,  6 |  -1.1142331353655314e-06 |  -1.1142331353655314e-06 | 1
 17,  7 |  -3.4144859605416826e-05 |  -3.4144859605416826e-05 | 1
 17,  8 |  -5.3832184635316268e-06 |  -5.3832184635316268e-06 | 1
 17,  9 |  -1.7145452949221790e-05 |  -1.7145452949221790e-05 | 1
 17, 10 |  -2.4982340690164738e-05 |  -2.4982340690164738e-05 | 1
 17, 11 |  -2.8094628729257153e-05 |  -2.8094628729257153e-05 | 1
 17, 12 |  -2.3748060713499275e-05 |  -2.3748060713499275e-05 | 1
 17, 13 |  -1.0371313050417453e-05 |  -1.0371313050417453e-05 | 1
 17, 14 |  -5.4679714161574783e-06 |  -5.4679714161574783e-06 | 1
 17, 15 |   3.3866985773126970e-05 |   3.3866985773126970e-05 | 1
 17, 16 |  -2.3111965868009175e-05 |  -2.3111965868009175e-05 | 1
 17, 17 |   3.3333666794609986e-05 |   3.3333666794609986e-05 | 1
 17, 18 |   1.8372603461413787e-05 |   1.8372603461413787e-05 | 1
 17, 19 |   1.8512608722380013e-05 |   1.8512608722380013e-05 | 1
 17, 20 |  -4.9605254477157053e-08 |  -4.9605254477157053e-08 | 1
 17, 21 |  -6.4050648017522780e-10 |  -6.4050648017522780e-10 | 1
 17, 22 |  -1.8396959090751166e-05 |  -1.8396959090751166e-05 | 1
 17, 23 |   7.4692195366904006e-06 |   7.4692195366904006e-06 | 1
 18,  1 |  -1.3533733743735554e-05 |  -1.3533733743735554e-05 | 1
 18,  2 |  -1.2114857033612497e-05 |  -1.2114857033612497e-05 | 1
 18,  3 |  -1.6905813772174746e-05 |  -1.6905813772174746e-05 | 1
 18,  4 |  -1.0347261136110236e-05 |  -1.0347261136110236e-05 | 1
 18,  5 |  -2.0176671209203308e-05 |  -2.0176671209203308e-05 | 1
 18,  6 |   1.5764587800557001e-05 |   1.5764587800557001e-05 | 1
 18,  7 |  -3.3023950339274674e-05 |  -3.3023950339274674e-05 | 1
 18,  8 |  -1.2004300716154028e-06 |  -1.2004300716154028e-06 | 1
 18,  9 |  -9.0581826711415835e-06 |  -9.0581826711415835e-06 | 1
 18, 10 |  -1.9713760368997982e-05 |  -1.9713760368997982e-05 | 1
 18, 11 |  -3.6441222781438139e-05 |  -3.6441222781438139e-05 | 1
 18, 12 |  -2.1266929611018056e-05 |  -2.1266929611018056e-05 | 1
 18, 13 |  -7.3238296406070033e-06 |  -7.3238296406070033e-06 | 1
 18, 14 |  -1.0332473984379403e-05 |  -1.0332473984379403e-05 | 1
 18, 15 |   4.0668786065069533e-05 |   4.0668786065069533e-05 | 1
 18, 16 |  -2.0877222779249506e-05 |  -2.0877222779249506e-05 | 1
 18, 17 |   1.8372603461413787e-05 |   1.8372603461413787e-05 | 1
 18, 18 |   3.5945814644671778e-05 |   3.5945814644671778e-05 | 1
 18, 19 |   2.1776238293923154e-05 |   2.1776238293923154e-05 | 1
 18, 20 |  -3.3849077446566993e-07 |  -3.3849077446566993e-07 | 1
 18, 21 |  -1.2340963410546809e-09 |  -1.2340963410546809e-09 | 1
 18, 22 |  -1.7446151812528181e-05 |  -1.7446151812528181e-05 | 1
 18, 23 |   9.5358975459094308e-06 |   9.5358975459094308e-06 | 1
 19,  1 |  -1.2846529396030176e-05 |  -1.2846529396030176e-05 | 1
 19,  2 |  -9.2021156110730722e-06 |  -9.2021156110730722e-06 | 1
 19,  3 |  -1.3350191804275121e-05 |  -1.3350191804275121e-05 | 1
 19,  4 |  -8.1719567409406835e-06 |  -8.1719567409406835e-06 | 1
 19,  5 |  -1.5210169281743515e-05 |  -1.5210169281743515e-05 | 1
 19,  6 |   1.7743621200755484e-05 |   1.7743621200755484e-05 | 1
 19,  7 |  -1.7728471829915389e-05 |  -1.7728471829915389e-05 | 1
 19,  8 |   5.8855547904398961e-06 |   5.8855547904398961e-06 | 1
 19,  9 |  -1.2494397906023136e-05 |  -1.2494397906023136e-05 | 1
 19, 10 |  -1.8708758238634624e-05 |  -1.8708758238634624e-05 | 1
 19, 11 |  -2.1923850674002316e-05 |  -2.1923850674002316e-05 | 1
 19, 12 |  -1.5720967740122241e-05 |  -1.5720967740122241e-05 | 1
 19, 13 |  -1.5479638269612900e-06 |  -1.5479638269612900e-06 | 1
 19, 14 |  -1.7535771641985451e-05 |  -1.7535771641985451e-05 | 1
 19, 15 |   4.4562281935759825e-05 |   4.4562281935759825e-05 | 1
 19, 16 |  -1.3183456845380958e-05 |  -1.3183456845380958e-05 | 1
 19, 17 |   1.8512608722380013e-05 |   1.8512608722380013e-05 | 1
 19, 18 |   2.1776238293923154e-05 |   2.1776238293923154e-05 | 1
 19, 19 |   3.6926152866217479e-05 |   3.6926152866217479e-05 | 1
 19, 20 |  -3.4884571762312125e-07 |  -3.4884571762312125e-07 | 1
 19, 21 |  -1.9316276310962321e-09 |  -1.9316276310962321e-09 | 1
 19, 22 |  -1.6290772138169251e-05 |  -1.6290772138169251e-05 | 1
 19, 23 |   1.6517119232575529e-05 |   1.6517119232575529e-05 | 1
 20,  1 |  -2.5848752955224375e-05 |  -2.5848752955224375e-05 | 1
 20,  2 |  -2.4889209461820012e-05 |  -2.4889209461820012e-05 | 1
 20,  3 |  -2.2503339924653168e-05 |  -2.2503339924653168e-05 | 1
 20,  4 |  -2.3783072107738416e-05 |  -2.3783072107738416e-05 | 1
 20,  5 |  -2.2447646377852352e-05 |  -2.2447646377852352e-05 | 1
 20,  6 |  -5.0150252796906624e-05 |  -5.0150252796906624e-05 | 1
 20,  7 |   3.6641169680307078e-06 |   3.6641169680307078e-06 | 1
 20,  8 |  -2.7009126291064654e-05 |  -2.7009126291064654e-05 | 1
 20,  9 |  -3.0101402204723664e-05 |  -3.0101402204723664e-05 | 1
 20, 10 |  -1.5261047756975602e-05 |  -1.5261047756975602e-05 | 1
 20, 11 |  -2.1071511297396791e-05 |  -2.1071511297396791e-05 | 1
 20, 12 |  -2.3309025537803785e-05 |  -2.3309025537803785e-05 | 1
 20, 13 |  -3.1026684367738353e-05 |  -3.1026684367738353e-05 | 1
 20, 14 |  -4.8729545876904998e-08 |  -4.8729545876904998e-08 | 1
 20, 15 |   2.7331008011848920e-06 |   2.7331008011848920e-06 | 1
 20, 16 |  -2.8104432227381816e-05 |  -2.8104432227381816e-05 | 1
 20, 17 |  -4.9605254477157053e-08 |  -4.9605254477157053e-08 | 1
 20, 18 |  -3.3849077446566993e-07 |  -3.3849077446566993e-07 | 1
 20, 19 |  -3.4884571762312125e-07 |  -3.4884571762312125e-07 | 1
 20, 20 |   4.7134001060768328e-05 |   4.7134001060768328e-05 | 1
 20, 21 |   4.9984601612706379e-10 |   4.9984601612706379e-10 | 1
 20, 22 |  -2.4504053589426009e-05 |  -2.4504053589426009e-05 | 1
 20, 23 |  -2.4688583088137312e-07 |  -2.4688583088137312e-07 | 1
 21,  1 |  -1.2360672854128963e-08 |  -1.2360672854128963e-08 | 1
 21,  2 |  -1.0580959596135770e-08 |  -1.0580959596135770e-08 | 1
 21,  3 |  -8.6965236086940574e-09 |  -8.6965236086940574e-09 | 1
 21,  4 |  -1.0565993732144837e-08 |  -1.0565993732144837e-08 | 1
 21,  5 |  -4.1661306183110798e-09 |  -4.1661306183110798e-09 | 1
 21,  6 |  -2.8710056309517033e-09 |  -2.8710056309517033e-09 | 1
 21,  7 |  -9.5884892503430809e-11 |  -9.5884892503430809e-11 | 1
 21,  8 |  -1.1182324138831702e-08 |  -1.1182324138831702e-08 | 1
 21,  9 |  -7.8579775316705067e-09 |  -7.8579775316705067e-09 | 1
 21, 10 |  -6.2885053992948389e-09 |  -6.2885053992948389e-09 | 1
 21, 11 |  -9.9646170925028938e-09 |  -9.9646170925028938e-09 | 1
 21, 12 |  -1.0916315311903899e-08 |  -1.0916315311903899e-08 | 1
 21, 13 |  -1.3151791299534531e-08 |  -1.3151791299534531e-08 | 1
 21, 14 |  -2.2914066432720858e-10 |  -2.2914066432720858e-10 | 1
 21, 15 |   3.9025696262098454e-10 |   3.9025696262098454e-10 | 1
 21, 16 |  -1.2778219075032320e-08 |  -1.2778219075032320e-08 | 1
 21, 17 |  -6.4050648017522780e-10 |  -6.4050648017522780e-10 | 1
 21, 18 |  -1.2340963410546809e-09 |  -1.2340963410546809e-09 | 1
 21, 19 |  -1.9316276310962321e-09 |  -1.9316276310962321e-09 | 1
 21, 20 |   4.9984601612706379e-10 |   4.9984601612706379e-10 | 1
 21, 21 |   5.3209730718339350e-12 |   5.3209730718339350e-12 | 1
 21, 22 |  -9.8321866172218920e-09 |  -9.8321866172218920e-09 | 1
 21, 23 |  -1.6290164459723885e-10 |  -1.6290164459723885e-10 | 1
 22,  1 |   4.8611367895989036e-05 |   4.8611367895989036e-05 | 1
 22,  2 |   4.3705728927170091e-05 |   4.3705728927170091e-05 | 1
 22,  3 |   4.2149000017867204e-05 |   4.2149000017867204e-05 | 1
 22,  4 |   4.2490725565093177e-05 |   4.2490725565093177e-05 | 1
 22,  5 |   3.5009839290105842e-05 |   3.5009839290105842e-05 | 1
 22,  6 |   2.3377217057488872e-05 |   2.3377217057488872e-05 | 1
 22,  7 |   2.1779338710180186e-05 |   2.1779338710180186e-05 | 1
 22,  8 |   3.6287007082814817e-05 |   3.6287007082814817e-05 | 1
 22,  9 |   4.0891192818831294e-05 |   4.0891192818831294e-05 | 1
 22, 10 |   3.7026052538271728e-05 |   3.7026052538271728e-05 | 1
 22, 11 |   5.2867457534039437e-05 |   5.2867457534039437e-05 | 1
 22, 12 |   4.9919426525502384e-05 |   4.9919426525502384e-05 | 1
 22, 13 |   4.7455936125381726e-05 |   4.7455936125381726e-05 | 1
 22, 14 |   8.9620990728355372e-06 |   8.9620990728355372e-06 | 1
 22, 15 |  -3.3580906600169605e-05 |  -3.3580906600169605e-05 | 1
 22, 16 |   5.4942871278087211e-05 |   5.4942871278087211e-05 | 1
 22, 17 |  -1.8396959090751166e-05 |  -1.8396959090751166e-05 | 1
 22, 18 |  -1.7446151812528181e-05 |  -1.7446151812528181e-05 | 1
 22, 19 |  -1.6290772138169251e-05 |  -1.6290772138169251e-05 | 1
 22, 20 |  -2.4504053589426009e-05 |  -2.4504053589426009e-05 | 1
 22, 21 |  -9.8321866172218920e-09 |  -9.8321866172218920e-09 | 1
 22, 22 |   8.2928883210274938e-05 |   8.2928883210274938e-05 | 1
 22, 23 |  -4.4462742861105361e-05 |  -4.4462742861105361e-05 | 1
 23,  1 |  -6.7882704910789728e-06 |  -6.7882704910789728e-06 | 1
 23,  2 |   1.6071682941728327e-04 |   1.6071682941728327e-04 | 1
 23,  3 |   8.2064117032518190e-05 |   8.2064117032518190e-05 | 1
 23,  4 |   1.0133796471091891e-04 |   1.0133796471091891e-04 | 1
 23,  5 |   1.5797135000725514e-04 |   1.5797135000725514e-04 | 1
 23,  6 |   8.5380404508570546e-04 |   8.5380404508570546e-04 | 1
 23,  7 |   2.2243652853085684e-04 |   2.2243652853085684e-04 | 1
 23,  8 |   3.1196585538207809e-04 |   3.1196585538207809e-04 | 1
 23,  9 |   1.1040179576106302e-04 |   1.1040179576106302e-04 | 1
 23, 10 |   1.5271179848561263e-04 |   1.5271179848561263e-04 | 1
 23, 11 |  -3.3106300341787822e-05 |  -3.3106300341787822e-05 | 1
 23, 12 |   1.0584264605555203e-04 |   1.0584264605555203e-04 | 1
 23, 13 |   2.9225350241519302e-04 |   2.9225350241519302e-04 | 1
 23, 14 |  -4.3938680564382547e-04 |  -4.3938680564382547e-04 | 1
 23, 15 |   6.5754884698328710e-04 |   6.5754884698328710e-04 | 1
 23, 16 |   1.7669585922884399e-04 |   1.7669585922884399e-04 | 1
 23, 17 |   7.4692195366904006e-06 |   7.4692195366904006e-06 | 1
 23, 18 |   9.5358975459094308e-06 |   9.5358975459094308e-06 | 1
 23, 19 |   1.6517119232575529e-05 |   1.6517119232575529e-05 | 1
 23, 20 |  -2.4688583088137312e-07 |  -2.4688583088137312e-07 | 1
 23, 21 |  -1.6290164459723885e-10 |  -1.6290164459723885e-10 | 1
 23, 22 |  -4.4462742861105361e-05 |  -4.4462742861105361e-05 | 1
 23, 23 |   5.2086700877501343e-04 |   5.2086700877501343e-04 | 1
