row,col | V_base                   | V_new                    | equal
  1,  1 |   1.5354289304897830e-04 |   1.5354289304897830e-04 | 1
  1,  2 |   9.2547178951533991e-05 |   9.2547178951533991e-05 | 1
  1,  3 |   1.7638739940251528e-04 |   1.7638739940251528e-04 | 1
  1,  4 |   8.0856759956572714e-05 |   8.0856759956572714e-05 | 1
  1,  5 |   1.1871987905881856e-04 |   1.1871987905881856e-04 | 1
  1,  6 |   7.5564676127408181e-05 |   7.5564676127408181e-05 | 1
  1,  7 |   9.4241508281164900e-05 |   9.4241508281164900e-05 | 1
  1,  8 |   5.9552286487285516e-06 |   5.9552286487285516e-06 | 1
  1,  9 |  -5.1535194363015795e-05 |  -5.1535194363015795e-05 | 1
  1, 10 |   1.6109983847750067e-04 |   1.6109983847750067e-04 | 1
  1, 11 |  -1.7227180766313447e-05 |  -1.7227180766313447e-05 | 1
  1, 12 |  -1.2207259682329519e-05 |  -1.2207259682329519e-05 | 1
  1, 13 |  -7.6437340030558940e-05 |  -7.6437340030558940e-05 | 1
  1, 14 |  -3.0685610729088892e-08 |  -3.0685610729088892e-08 | 1
  1, 15 |   0.0000000000000000e+00 |   0.0000000000000000e+00 | 1
  2,  1 |   9.2547178951533991e-05 |   9.2547178951533991e-05 | 1
  2,  2 |   7.3566917273718230e-04 |   7.3566917273718230e-04 | 1
  2,  3 |  -3.8443458899876839e-04 |  -3.8443458899876839e-04 | 1
  2,  4 |   3.7267752809095573e-05 |   3.7267752809095573e-05 | 1
  2,  5 |   1.7197388561733886e-04 |   1.7197388561733886e-04 | 1
  2,  6 |   6.5490422527157303e-05 |   6.5490422527157303e-05 | 1
  2,  7 |   7.9341581626923163e-05 |   7.9341581626923163e-05 | 1
  2,  8 |  -2.1369603378170430e-04 |  -2.1369603378170430e-04 | 1
  2,  9 |  -4.1851020863956079e-04 |  -4.1851020863956079e-04 | 1
  2, 10 |   5.3195914315263193e-04 |   5.3195914315263193e-04 | 1
  2, 11 |  -1.7273442232982797e-05 |  -1.7273442232982797e-05 | 1
  2, 12 |   5.7569671217269896e-08 |   5.7569671217269896e-08 | 1
  2, 13 |  -8.8016622401767175e-05 |  -8.8016622401767175e-05 | 1
  2, 14 |  -2.3235759480768393e-08 |  -2.3235759480768393e-08 | 1
  2, 15 |   0.0000000000000000e+00 |   0.0000000000000000e+00 | 1
  3,  1 |   1.7638739940251528e-04 |   1.7638739940251528e-04 | 1
  3,  2 |  -3.8443458899876839e-04 |  -3.8443458899876839e-04 | 1
  3,  3 |   1.5126530507531148e-02 |   1.5126530507531148e-02 | 1
  3,  4 |   7.8057993864201784e-04 |   7.8057993864201784e-04 | 1
  3,  5 |  -7.0772574894459794e-04 |  -7.0772574894459794e-04 | 1
  3,  6 |   7.1359436946966657e-04 |   7.1359436946966657e-04 | 1
  3,  7 |   8.2852165407797606e-05 |   8.2852165407797606e-05 | 1
  3,  8 |  -1.6536223047653635e-03 |  -1.6536223047653635e-03 | 1
  3,  9 |   1.1369673200805520e-02 |   1.1369673200805520e-02 | 1
  3, 10 |  -1.4470449856266106e-02 |  -1.4470449856266106e-02 | 1
  3, 11 |  -4.6899852433652554e-05 |  -4.6899852433652554e-05 | 1
  3, 12 |   1.3451288684524987e-04 |   1.3451288684524987e-04 | 1
  3, 13 |  -2.0616198307221674e-04 |  -2.0616198307221674e-04 | 1
  3, 14 |  -5.1545304227562065e-08 |  -5.1545304227562065e-08 | 1
  3, 15 |   0.0000000000000000e+00 |   0.0000000000000000e+00 | 1
  4,  1 |   8.0856759956572714e-05 |   8.0856759956572714e-05 | 1
  4,  2 |   3.7267752809095573e-05 |   3.7267752809095573e-05 | 1
  4,  3 |   7.8057993864201784e-04 |   7.8057993864201784e-04 | 1
  4,  4 |   3.0660537885945999e-02 |   3.0660537885945999e-02 | 1
  4,  5 |   6.9874748040785666e-06 |   6.9874748040785666e-06 | 1
  4,  6 |   7.5397546757199435e-05 |   7.5397546757199435e-05 | 1
  4,  7 |   5.3588231502387290e-05 |   5.3588231502387290e-05 | 1
  4,  8 |  -1.1358802703703152e-04 |  -1.1358802703703152e-04 | 1
  4,  9 |   3.3898635485563934e-04 |   3.3898635485563934e-04 | 1
  4, 10 |  -2.2174905820765829e-04 |  -2.2174905820765829e-04 | 1
  4, 11 |  -1.5425273748716047e-05 |  -1.5425273748716047e-05 | 1
  4, 12 |   8.3570154778071613e-06 |   8.3570154778071613e-06 | 1
  4, 13 |  -5.6688740648988236e-05 |  -5.6688740648988236e-05 | 1
  4, 14 |  -2.7682308394890044e-08 |  -2.7682308394890044e-08 | 1
  4, 15 |   0.0000000000000000e+00 |   0.0000000000000000e+00 | 1
  5,  1 |   1.1871987905881856e-04 |   1.1871987905881856e-04 | 1
  5,  2 |   1.7197388561733886e-04 |   1.7197388561733886e-04 | 1
  5,  3 |  -7.0772574894459794e-04 |  -7.0772574894459794e-04 | 1
  5,  4 |   6.9874748040785666e-06 |   6.9874748040785666e-06 | 1
  5,  5 |   1.3057422768646448e-02 |   1.3057422768646448e-02 | 1
  5,  6 |   9.3983654866170932e-05 |   9.3983654866170932e-05 | 1
  5,  7 |   1.2961915286957836e-04 |   1.2961915286957836e-04 | 1
  5,  8 |   1.7303232861571482e-04 |   1.7303232861571482e-04 | 1
  5,  9 |  -6.3221130610601134e-04 |  -6.3221130610601134e-04 | 1
  5, 10 |   7.3801286061715298e-04 |   7.3801286061715298e-04 | 1
  5, 11 |  -5.4482909501272632e-05 |  -5.4482909501272632e-05 | 1
  5, 12 |  -4.7948946402647510e-05 |  -4.7948946402647510e-05 | 1
  5, 13 |  -1.0268113937897730e-04 |  -1.0268113937897730e-04 | 1
  5, 14 |  -1.9386470346142691e-08 |  -1.9386470346142691e-08 | 1
  5, 15 |   0.0000000000000000e+00 |   0.0000000000000000e+00 | 1
  6,  1 |   7.5564676127408181e-05 |   7.5564676127408181e-05 | 1
  6,  2 |   6.5490422527157303e-05 |   6.5490422527157303e-05 | 1
  6,  3 |   7.1359436946966657e-04 |   7.1359436946966657e-04 | 1
  6,  4 |   7.5397546757199435e-05 |   7.5397546757199435e-05 | 1
  6,  5 |   9.3983654866170932e-05 |   9.3983654866170932e-05 | 1
  6,  6 |   8.9848908352912153e-03 |   8.9848908352912153e-03 | 1
  6,  7 |   6.0223735287253280e-05 |   6.0223735287253280e-05 | 1
  6,  8 |  -4.4104079878416419e-05 |  -4.4104079878416419e-05 | 1
  6,  9 |   4.4988348441517387e-04 |   4.4988348441517387e-04 | 1
  6, 10 |  -5.6759684975659600e-04 |  -5.6759684975659600e-04 | 1
  6, 11 |  -3.5691370263866707e-05 |  -3.5691370263866707e-05 | 1
  6, 12 |  -5.1376440189368853e-06 |  -5.1376440189368853e-06 | 1
  6, 13 |  -6.5919864213533855e-05 |  -6.5919864213533855e-05 | 1
  6, 14 |  -1.5749083870145930e-08 |  -1.5749083870145930e-08 | 1
  6, 15 |   0.0000000000000000e+00 |   0.0000000000000000e+00 | 1
  7,  1 |   9.4241508281164900e-05 |   9.4241508281164900e-05 | 1
  7,  2 |   7.9341581626923163e-05 |   7.9341581626923163e-05 | 1
  7,  3 |   8.2852165407797606e-05 |   8.2852165407797606e-05 | 1
  7,  4 |   5.3588231502387290e-05 |   5.3588231502387290e-05 | 1
  7,  5 |   1.2961915286957836e-04 |   1.2961915286957836e-04 | 1
  7,  6 |   6.0223735287253280e-05 |   6.0223735287253280e-05 | 1
  7,  7 |   7.4515372155425463e-04 |   7.4515372155425463e-04 | 1
  7,  8 |   3.1098775318923544e-05 |   3.1098775318923544e-05 | 1
  7,  9 |  -6.4269068628697822e-05 |  -6.4269068628697822e-05 | 1
  7, 10 |   1.4091355781268672e-04 |   1.4091355781268672e-04 | 1
  7, 11 |  -1.3737234777611951e-05 |  -1.3737234777611951e-05 | 1
  7, 12 |  -3.8871815043464171e-05 |  -3.8871815043464171e-05 | 1
  7, 13 |  -7.7979053050798963e-05 |  -7.7979053050798963e-05 | 1
  7, 14 |  -2.1860488640771321e-08 |  -2.1860488640771321e-08 | 1
  7, 15 |   0.0000000000000000e+00 |   0.0000000000000000e+00 | 1
  8,  1 |   5.9552286487285516e-06 |   5.9552286487285516e-06 | 1
  8,  2 |  -2.1369603378170430e-04 |  -2.1369603378170430e-04 | 1
  8,  3 |  -1.6536223047653635e-03 |  -1.6536223047653635e-03 | 1
  8,  4 |  -1.1358802703703152e-04 |  -1.1358802703703152e-04 | 1
  8,  5 |   1.7303232861571482e-04 |   1.7303232861571482e-04 | 1
  8,  6 |  -4.4104079878416419e-05 |  -4.4104079878416419e-05 | 1
  8,  7 |   3.1098775318923544e-05 |   3.1098775318923544e-05 | 1
  8,  8 |   4.0423975037470999e-04 |   4.0423975037470999e-04 | 1
  8,  9 |  -1.1237335523205799e-03 |  -1.1237335523205799e-03 | 1
  8, 10 |   1.2441003644757759e-03 |   1.2441003644757759e-03 | 1
  8, 11 |   5.3200287622829963e-07 |   5.3200287622829963e-07 | 1
  8, 12 |  -2.2360358445449072e-05 |  -2.2360358445449072e-05 | 1
  8, 13 |   2.6011698266233974e-06 |   2.6011698266233974e-06 | 1
  8, 14 |  -7.1468565333507849e-10 |  -7.1468565333507849e-10 | 1
  8, 15 |   0.0000000000000000e+00 |   0.0000000000000000e+00 | 1
  9,  1 |  -5.1535194363015795e-05 |  -5.1535194363015795e-05 | 1
  9,  2 |  -4.1851020863956079e-04 |  -4.1851020863956079e-04 | 1
  9,  3 |   1.1369673200805520e-02 |   1.1369673200805520e-02 | 1
  9,  4 |   3.3898635485563934e-04 |   3.3898635485563934e-04 | 1
  9,  5 |  -6.3221130610601134e-04 |  -6.3221130610601134e-04 | 1
  9,  6 |   4.4988348441517387e-04 |   4.4988348441517387e-04 | 1
  9,  7 |  -6.4269068628697822e-05 |  -6.4269068628697822e-05 | 1
  9,  8 |  -1.1237335523205799e-03 |  -1.1237335523205799e-03 | 1
  9,  9 |   9.3259495788742541e-03 |   9.3259495788742541e-03 | 1
  9, 10 |  -1.2581353586569751e-02 |  -1.2581353586569751e-02 | 1
  9, 11 |   7.0021535102658597e-06 |   7.0021535102658597e-06 | 1
  9, 12 |   1.1810927050924913e-04 |   1.1810927050924913e-04 | 1
  9, 13 |   8.9947046684657792e-06 |   8.9947046684657792e-06 | 1
  9, 14 |   6.2890811487733122e-09 |   6.2890811487733122e-09 | 1
  9, 15 |   0.0000000000000000e+00 |   0.0000000000000000e+00 | 1
 10,  1 |   1.6109983847750067e-04 |   1.6109983847750067e-04 | 1
 10,  2 |   5.3195914315263193e-04 |   5.3195914315263193e-04 | 1
 10,  3 |  -1.4470449856266106e-02 |  -1.4470449856266106e-02 | 1
 10,  4 |  -2.2174905820765829e-04 |  -2.2174905820765829e-04 | 1
 10,  5 |   7.3801286061715298e-04 |   7.3801286061715298e-04 | 1
 10,  6 |  -5.6759684975659600e-04 |  -5.6759684975659600e-04 | 1
 10,  7 |   1.4091355781268672e-04 |   1.4091355781268672e-04 | 1
 10,  8 |   1.2441003644757759e-03 |   1.2441003644757759e-03 | 1
 10,  9 |  -1.2581353586569751e-02 |  -1.2581353586569751e-02 | 1
 10, 10 |   1.8459580781649967e-02 |   1.8459580781649967e-02 | 1
 10, 11 |  -3.8175773010627371e-05 |  -3.8175773010627371e-05 | 1
 10, 12 |  -1.8869484522614753e-04 |  -1.8869484522614753e-04 | 1
 10, 13 |  -7.7224286828070495e-05 |  -7.7224286828070495e-05 | 1
 10, 14 |  -3.0821817126180851e-08 |  -3.0821817126180851e-08 | 1
 10, 15 |   0.0000000000000000e+00 |   0.0000000000000000e+00 | 1
 11,  1 |  -1.7227180766313447e-05 |  -1.7227180766313447e-05 | 1
 11,  2 |  -1.7273442232982797e-05 |  -1.7273442232982797e-05 | 1
 11,  3 |  -4.6899852433652554e-05 |  -4.6899852433652554e-05 | 1
 11,  4 |  -1.5425273748716047e-05 |  -1.5425273748716047e-05 | 1
 11,  5 |  -5.4482909501272632e-05 |  -5.4482909501272632e-05 | 1
 11,  6 |  -3.5691370263866707e-05 |  -3.5691370263866707e-05 | 1
 11,  7 |  -1.3737234777611951e-05 |  -1.3737234777611951e-05 | 1
 11,  8 |   5.3200287622829963e-07 |   5.3200287622829963e-07 | 1
 11,  9 |   7.0021535102658597e-06 |   7.0021535102658597e-06 | 1
 11, 10 |  -3.8175773010627371e-05 |  -3.8175773010627371e-05 | 1
 11, 11 |   3.9675760722722955e-05 |   3.9675760722722955e-05 | 1
 11, 12 |   2.4318692831694305e-05 |   2.4318692831694305e-05 | 1
 11, 13 |   2.6820434974330236e-07 |   2.6820434974330236e-07 | 1
 11, 14 |  -2.2579257914183107e-09 |  -2.2579257914183107e-09 | 1
 11, 15 |   0.0000000000000000e+00 |   0.0000000000000000e+00 | 1
 12,  1 |  -1.2207259682329519e-05 |  -1.2207259682329519e-05 | 1
 12,  2 |   5.7569671217269896e-08 |   5.7569671217269896e-08 | 1
 12,  3 |   1.3451288684524987e-04 |   1.3451288684524987e-04 | 1
 12,  4 |   8.3570154778071613e-06 |   8.3570154778071613e-06 | 1
 12,  5 |  -4.7948946402647510e-05 |  -4.7948946402647510e-05 | 1
 12,  6 |  -5.1376440189368853e-06 |  -5.1376440189368853e-06 | 1
 12,  7 |  -3.8871815043464171e-05 |  -3.8871815043464171e-05 | 1
 12,  8 |  -2.2360358445449072e-05 |  -2.2360358445449072e-05 | 1
 12,  9 |   1.1810927050924913e-04 |   1.1810927050924913e-04 | 1
 12, 10 |  -1.8869484522614753e-04 |  -1.8869484522614753e-04 | 1
 12, 11 |   2.4318692831694305e-05 |   2.4318692831694305e-05 | 1
 12, 12 |   4.9593670951305797e-05 |   4.9593670951305797e-05 | 1
 12, 13 |  -1.6353060181025469e-06 |  -1.6353060181025469e-06 | 1
 12, 14 |  -5.3191151883866719e-09 |  -5.3191151883866719e-09 | 1
 12, 15 |   0.0000000000000000e+00 |   0.0000000000000000e+00 | 1
 13,  1 |  -7.6437340030558940e-05 |  -7.6437340030558940e-05 | 1
 13,  2 |  -8.8016622401767175e-05 |  -8.8016622401767175e-05 | 1
 13,  3 |  -2.0616198307221674e-04 |  -2.0616198307221674e-04 | 1
 13,  4 |  -5.6688740648988236e-05 |  -5.6688740648988236e-05 | 1
 13,  5 |  -1.0268113937897730e-04 |  -1.0268113937897730e-04 | 1
 13,  6 |  -6.5919864213533855e-05 |  -6.5919864213533855e-05 | 1
 13,  7 |  -7.7979053050798963e-05 |  -7.7979053050798963e-05 | 1
 13,  8 |   2.6011698266233974e-06 |   2.6011698266233974e-06 | 1
 13,  9 |   8.9947046684657792e-06 |   8.9947046684657792e-06 | 1
 13, 10 |  -7.7224286828070495e-05 |  -7.7224286828070495e-05 | 1
 13, 11 |   2.6820434974330236e-07 |   2.6820434974330236e-07 | 1
 13, 12 |  -1.6353060181025469e-06 |  -1.6353060181025469e-06 | 1
 13, 13 |   1.4406801109028675e-04 |   1.4406801109028675e-04 | 1
 13, 14 |   1.8186196201940016e-09 |   1.8186196201940016e-09 | 1
 13, 15 |   0.0000000000000000e+00 |   0.0000000000000000e+00 | 1
 14,  1 |  -3.0685610729088892e-08 |  -3.0685610729088892e-08 | 1
 14,  2 |  -2.3235759480768393e-08 |  -2.3235759480768393e-08 | 1
 14,  3 |  -5.1545304227562065e-08 |  -5.1545304227562065e-08 | 1
 14,  4 |  -2.7682308394890044e-08 |  -2.7682308394890044e-08 | 1
 14,  5 |  -1.9386470346142691e-08 |  -1.9386470346142691e-08 | 1
 14,  6 |  -1.5749083870145930e-08 |  -1.5749083870145930e-08 | 1
 14,  7 |  -2.1860488640771321e-08 |  -2.1860488640771321e-08 | 1
 14,  8 |  -7.1468565333507849e-10 |  -7.1468565333507849e-10 | 1
 14,  9 |   6.2890811487733122e-09 |   6.2890811487733122e-09 | 1
 14, 10 |  -3.0821817126180851e-08 |  -3.0821817126180851e-08 | 1
 14, 11 |  -2.2579257914183107e-09 |  -2.2579257914183107e-09 | 1
 14, 12 |  -5.3191151883866719e-09 |  -5.3191151883866719e-09 | 1
 14, 13 |   1.8186196201940016e-09 |   1.8186196201940016e-09 | 1
 14, 14 |   1.7989884384862261e-11 |   1.7989884384862261e-11 | 1
 14, 15 |   0.0000000000000000e+00 |   0.0000000000000000e+00 | 1
 15,  1 |   0.0000000000000000e+00 |   0.0000000000000000e+00 | 1
 15,  2 |   0.0000000000000000e+00 |   0.0000000000000000e+00 | 1
 15,  3 |   0.0000000000000000e+00 |   0.0000000000000000e+00 | 1
 15,  4 |   0.0000000000000000e+00 |   0.0000000000000000e+00 | 1
 15,  5 |   0.0000000000000000e+00 |   0.0000000000000000e+00 | 1
 15,  6 |   0.0000000000000000e+00 |   0.0000000000000000e+00 | 1
 15,  7 |   0.0000000000000000e+00 |   0.0000000000000000e+00 | 1
 15,  8 |   0.0000000000000000e+00 |   0.0000000000000000e+00 | 1
 15,  9 |   0.0000000000000000e+00 |   0.0000000000000000e+00 | 1
 15, 10 |   0.0000000000000000e+00 |   0.0000000000000000e+00 | 1
 15, 11 |   0.0000000000000000e+00 |   0.0000000000000000e+00 | 1
 15, 12 |   0.0000000000000000e+00 |   0.0000000000000000e+00 | 1
 15, 13 |   0.0000000000000000e+00 |   0.0000000000000000e+00 | 1
 15, 14 |   0.0000000000000000e+00 |   0.0000000000000000e+00 | 1
 15, 15 |   0.0000000000000000e+00 |   0.0000000000000000e+00 | 1
