row,col | V_base                   | V_new                    | equal
  1,  1 |   6.7880290793236178e-05 |   6.7880290793236178e-05 | 1
  1,  2 |   1.5058789919316857e-05 |   1.5058789919316857e-05 | 1
  1,  3 |   2.0647059676159218e-05 |   2.0647059676159218e-05 | 1
  1,  4 |   1.7864546931558572e-05 |   1.7864546931558572e-05 | 1
  1,  5 |   1.8212236282916513e-05 |   1.8212236282916513e-05 | 1
  1,  6 |  -4.4500539706376640e-07 |  -4.4500539706376640e-07 | 1
  1,  7 |   3.8068567074159564e-05 |   3.8068567074159564e-05 | 1
  1,  8 |   4.6209210661196435e-06 |   4.6209210661196435e-06 | 1
  1,  9 |   9.7659490119786364e-06 |   9.7659490119786364e-06 | 1
  1, 10 |   2.5502756260947008e-05 |   2.5502756260947008e-05 | 1
  1, 11 |   3.6770985445629871e-05 |   3.6770985445629871e-05 | 1
  1, 12 |   2.3055835530863933e-05 |   2.3055835530863933e-05 | 1
  1, 13 |   4.4220873766977082e-06 |   4.4220873766977082e-06 | 1
  1, 14 |   1.1779551456986761e-05 |   1.1779551456986761e-05 | 1
  1, 15 |  -6.9906351941038085e-05 |  -6.9906351941038085e-05 | 1
  1, 16 |   1.0566749954245430e-05 |   1.0566749954245430e-05 | 1
  1, 17 |  -2.5924146159560249e-05 |  -2.5924146159560249e-05 | 1
  1, 18 |  -2.5096924099173558e-05 |  -2.5096924099173558e-05 | 1
  1, 19 |  -2.6276975671488395e-05 |  -2.6276975671488395e-05 | 1
  1, 20 |   2.1102730848357418e-05 |   2.1102730848357418e-05 | 1
  1, 21 |  -1.0860255045852145e-05 |  -1.0860255045852145e-05 | 1
  2,  1 |   1.5058789919316857e-05 |   1.5058789919316857e-05 | 1
  2,  2 |   8.8338089330311639e-04 |   8.8338089330311639e-04 | 1
  2,  3 |   5.0065581270814511e-05 |   5.0065581270814511e-05 | 1
  2,  4 |   6.4341149844158850e-05 |   6.4341149844158850e-05 | 1
  2,  5 |   7.4956508381881004e-05 |   7.4956508381881004e-05 | 1
  2,  6 |   2.3498836659842452e-04 |   2.3498836659842452e-04 | 1
  2,  7 |   1.9214127652833619e-05 |   1.9214127652833619e-05 | 1
  2,  8 |   1.3879251903696157e-04 |   1.3879251903696157e-04 | 1
  2,  9 |   7.3650497884501938e-05 |   7.3650497884501938e-05 | 1
  2, 10 |   5.3511202283039423e-05 |   5.3511202283039423e-05 | 1
  2, 11 |  -3.0143156579961671e-06 |  -3.0143156579961671e-06 | 1
  2, 12 |   3.6487145677411125e-05 |   3.6487145677411125e-05 | 1
  2, 13 |   1.4257710550998987e-04 |   1.4257710550998987e-04 | 1
  2, 14 |  -3.6201121322574770e-05 |  -3.6201121322574770e-05 | 1
  2, 15 |   3.8541233599377026e-04 |   3.8541233599377026e-04 | 1
  2, 16 |   1.1865379695306957e-04 |   1.1865379695306957e-04 | 1
  2, 17 |  -2.4353513455413124e-05 |  -2.4353513455413124e-05 | 1
  2, 18 |  -1.9660793175926857e-05 |  -1.9660793175926857e-05 | 1
  2, 19 |  -2.0551140423857723e-05 |  -2.0551140423857723e-05 | 1
  2, 20 |   1.7704961505649898e-05 |   1.7704961505649898e-05 | 1
  2, 21 |   3.6491138581556522e-05 |   3.6491138581556522e-05 | 1
  3,  1 |   2.0647059676159218e-05 |   2.0647059676159218e-05 | 1
  3,  2 |   5.0065581270814511e-05 |   5.0065581270814511e-05 | 1
  3,  3 |   3.5998403666144410e-03 |   3.5998403666144410e-03 | 1
  3,  4 |   1.4511288574815524e-04 |   1.4511288574815524e-04 | 1
  3,  5 |   4.0551225167760975e-05 |   4.0551225167760975e-05 | 1
  3,  6 |  -1.6103426863162712e-04 |  -1.6103426863162712e-04 | 1
  3,  7 |   5.7492498512636057e-04 |   5.7492498512636057e-04 | 1
  3,  8 |  -1.7089577168398177e-05 |  -1.7089577168398177e-05 | 1
  3,  9 |   5.7226142759773252e-05 |   5.7226142759773252e-05 | 1
  3, 10 |   2.9490949083893026e-04 |   2.9490949083893026e-04 | 1
  3, 11 |   5.6297225992084246e-04 |   5.6297225992084246e-04 | 1
  3, 12 |   1.8629976549546613e-04 |   1.8629976549546613e-04 | 1
  3, 13 |   1.2475781565140267e-04 |   1.2475781565140267e-04 | 1
  3, 14 |  -9.8322902884996990e-05 |  -9.8322902884996990e-05 | 1
  3, 15 |  -1.3105322187803971e-03 |  -1.3105322187803971e-03 | 1
  3, 16 |   2.0009291742755094e-04 |   2.0009291742755094e-04 | 1
  3, 17 |  -3.0634620896595550e-05 |  -3.0634620896595550e-05 | 1
  3, 18 |  -3.3004124646563739e-05 |  -3.3004124646563739e-05 | 1
  3, 19 |  -2.4871195903699275e-05 |  -2.4871195903699275e-05 | 1
  3, 20 |   2.4272823900477648e-05 |   2.4272823900477648e-05 | 1
  3, 21 |   9.8882761844077495e-05 |   9.8882761844077495e-05 | 1
  4,  1 |   1.7864546931558572e-05 |   1.7864546931558572e-05 | 1
  4,  2 |   6.4341149844158850e-05 |   6.4341149844158850e-05 | 1
  4,  3 |   1.4511288574815524e-04 |   1.4511288574815524e-04 | 1
  4,  4 |   1.1423399150195597e-03 |   1.1423399150195597e-03 | 1
  4,  5 |   5.4246057777807612e-05 |   5.4246057777807612e-05 | 1
  4,  6 |  -1.4141835621759891e-04 |  -1.4141835621759891e-04 | 1
  4,  7 |   6.7008110989295400e-04 |   6.7008110989295400e-04 | 1
  4,  8 |   6.4522004279165513e-06 |   6.4522004279165513e-06 | 1
  4,  9 |   7.9543565230432724e-05 |   7.9543565230432724e-05 | 1
  4, 10 |   3.5075322976838930e-04 |   3.5075322976838930e-04 | 1
  4, 11 |   6.5294945836347597e-04 |   6.5294945836347597e-04 | 1
  4, 12 |   2.1641240342529287e-04 |   2.1641240342529287e-04 | 1
  4, 13 |   1.7608050366607321e-04 |   1.7608050366607321e-04 | 1
  4, 14 |  -1.5481473394070652e-04 |  -1.5481473394070652e-04 | 1
  4, 15 |  -1.4490332660909626e-03 |  -1.4490332660909626e-03 | 1
  4, 16 |   2.5882303617676198e-04 |   2.5882303617676198e-04 | 1
  4, 17 |  -2.7110136349186874e-05 |  -2.7110136349186874e-05 | 1
  4, 18 |  -2.6388161516128673e-05 |  -2.6388161516128673e-05 | 1
  4, 19 |  -2.2487337468574004e-05 |  -2.2487337468574004e-05 | 1
  4, 20 |   2.0993810407356152e-05 |   2.0993810407356152e-05 | 1
  4, 21 |   1.5498555775510632e-04 |   1.5498555775510632e-04 | 1
  5,  1 |   1.8212236282916513e-05 |   1.8212236282916513e-05 | 1
  5,  2 |   7.4956508381881004e-05 |   7.4956508381881004e-05 | 1
  5,  3 |   4.0551225167760975e-05 |   4.0551225167760975e-05 | 1
  5,  4 |   5.4246057777807612e-05 |   5.4246057777807612e-05 | 1
  5,  5 |   6.8734805438174966e-03 |   6.8734805438174966e-03 | 1
  5,  6 |   4.1064038029792757e-04 |   4.1064038029792757e-04 | 1
  5,  7 |  -1.4769853453051201e-04 |  -1.4769853453051201e-04 | 1
  5,  8 |   2.2002929665120642e-04 |   2.2002929665120642e-04 | 1
  5,  9 |   9.5999406848305873e-05 |   9.5999406848305873e-05 | 1
  5, 10 |  -1.0204199165383932e-05 |  -1.0204199165383932e-05 | 1
  5, 11 |  -1.8075340119887265e-04 |  -1.8075340119887265e-04 | 1
  5, 12 |   1.7139348310565611e-06 |   1.7139348310565611e-06 | 1
  5, 13 |   1.8274827256552472e-04 |   1.8274827256552472e-04 | 1
  5, 14 |  -1.8891428490320285e-04 |  -1.8891428490320285e-04 | 1
  5, 15 |   1.0041848565642915e-03 |   1.0041848565642915e-03 | 1
  5, 16 |   1.2117755668845154e-04 |   1.2117755668845154e-04 | 1
  5, 17 |  -2.7525919258015193e-05 |  -2.7525919258015193e-05 | 1
  5, 18 |  -2.7336001792104304e-05 |  -2.7336001792104304e-05 | 1
  5, 19 |  -2.0951657225610614e-05 |  -2.0951657225610614e-05 | 1
  5, 20 |   2.1135358725287566e-05 |   2.1135358725287566e-05 | 1
  5, 21 |   1.8882142241090241e-04 |   1.8882142241090241e-04 | 1
  6,  1 |  -4.4500539706376640e-07 |  -4.4500539706376640e-07 | 1
  6,  2 |   2.3498836659842452e-04 |   2.3498836659842452e-04 | 1
  6,  3 |  -1.6103426863162712e-04 |  -1.6103426863162712e-04 | 1
  6,  4 |  -1.4141835621759891e-04 |  -1.4141835621759891e-04 | 1
  6,  5 |   4.1064038029792757e-04 |   4.1064038029792757e-04 | 1
  6,  6 |   2.6811649837340176e-03 |   2.6811649837340176e-03 | 1
  6,  7 |  -2.4643407739804316e-03 |  -2.4643407739804316e-03 | 1
  6,  8 |   1.2335968395625594e-03 |   1.2335968395625594e-03 | 1
  6,  9 |   3.4272922409416158e-04 |   3.4272922409416158e-04 | 1
  6, 10 |  -9.1620990766257452e-04 |  -9.1620990766257452e-04 | 1
  6, 11 |  -2.6027675293995292e-03 |  -2.6027675293995292e-03 | 1
  6, 12 |  -5.5674805472896759e-04 |  -5.5674805472896759e-04 | 1
  6, 13 |   6.4084062928607653e-04 |   6.4084062928607653e-04 | 1
  6, 14 |  -7.8805165063468145e-04 |  -7.8805165063468145e-04 | 1
  6, 15 |   9.2066936121806935e-03 |   9.2066936121806935e-03 | 1
  6, 16 |   8.7619175535724644e-05 |   8.7619175535724644e-05 | 1
  6, 17 |  -8.1671945540535772e-06 |  -8.1671945540535772e-06 | 1
  6, 18 |   8.0001071336777748e-06 |   8.0001071336777748e-06 | 1
  6, 19 |   6.7111418311936358e-06 |   6.7111418311936358e-06 | 1
  6, 20 |  -8.8721236388082216e-07 |  -8.8721236388082216e-07 | 1
  6, 21 |   7.8556301862577331e-04 |   7.8556301862577331e-04 | 1
  7,  1 |   3.8068567074159564e-05 |   3.8068567074159564e-05 | 1
  7,  2 |   1.9214127652833619e-05 |   1.9214127652833619e-05 | 1
  7,  3 |   5.7492498512636057e-04 |   5.7492498512636057e-04 | 1
  7,  4 |   6.7008110989295400e-04 |   6.7008110989295400e-04 | 1
  7,  5 |  -1.4769853453051201e-04 |  -1.4769853453051201e-04 | 1
  7,  6 |  -2.4643407739804316e-03 |  -2.4643407739804316e-03 | 1
  7,  7 |   4.0052281696206461e-03 |   4.0052281696206461e-03 | 1
  7,  8 |  -9.0291961946483952e-04 |  -9.0291961946483952e-04 | 1
  7,  9 |  -4.0980183270124976e-06 |  -4.0980183270124976e-06 | 1
  7, 10 |   1.8097004612840093e-03 |   1.8097004612840093e-03 | 1
  7, 11 |   4.0545736914543475e-03 |   4.0545736914543475e-03 | 1
  7, 12 |   1.1015777874596793e-03 |   1.1015777874596793e-03 | 1
  7, 13 |   1.0016101115241976e-04 |   1.0016101115241976e-04 | 1
  7, 14 |   6.2304151709004468e-05 |   6.2304151709004468e-05 | 1
  7, 15 |  -1.1556850836406802e-02 |  -1.1556850836406802e-02 | 1
  7, 16 |   7.7543419528499258e-04 |   7.7543419528499258e-04 | 1
  7, 17 |  -5.9441061919453176e-05 |  -5.9441061919453176e-05 | 1
  7, 18 |  -6.3970507362429385e-05 |  -6.3970507362429385e-05 | 1
  7, 19 |  -3.9253682005243091e-05 |  -3.9253682005243091e-05 | 1
  7, 20 |   4.5072329075178516e-05 |   4.5072329075178516e-05 | 1
  7, 21 |  -6.2518525189259608e-05 |  -6.2518525189259608e-05 | 1
  8,  1 |   4.6209210661196435e-06 |   4.6209210661196435e-06 | 1
  8,  2 |   1.3879251903696157e-04 |   1.3879251903696157e-04 | 1
  8,  3 |  -1.7089577168398177e-05 |  -1.7089577168398177e-05 | 1
  8,  4 |   6.4522004279165513e-06 |   6.4522004279165513e-06 | 1
  8,  5 |   2.2002929665120642e-04 |   2.2002929665120642e-04 | 1
  8,  6 |   1.2335968395625594e-03 |   1.2335968395625594e-03 | 1
  8,  7 |  -9.0291961946483952e-04 |  -9.0291961946483952e-04 | 1
  8,  8 |   1.5563982969807062e-03 |   1.5563982969807062e-03 | 1
  8,  9 |   1.9796086808110299e-04 |   1.9796086808110299e-04 | 1
  8, 10 |  -2.9359916424652075e-04 |  -2.9359916424652075e-04 | 1
  8, 11 |  -9.7735486250715570e-04 |  -9.7735486250715570e-04 | 1
  8, 12 |  -1.7644108626328167e-04 |  -1.7644108626328167e-04 | 1
  8, 13 |   3.8730715984102956e-04 |   3.8730715984102956e-04 | 1
  8, 14 |  -4.5088285426533761e-04 |  -4.5088285426533761e-04 | 1
  8, 15 |   3.8291648397566947e-03 |   3.8291648397566947e-03 | 1
  8, 16 |   1.5403731410901524e-04 |   1.5403731410901524e-04 | 1
  8, 17 |  -1.1692255438629678e-05 |  -1.1692255438629678e-05 | 1
  8, 18 |  -7.0944566803392850e-06 |  -7.0944566803392850e-06 | 1
  8, 19 |   3.1325260978173181e-07 |   3.1325260978173181e-07 | 1
  8, 20 |   5.4437170064621760e-06 |   5.4437170064621760e-06 | 1
  8, 21 |   4.4972243673489228e-04 |   4.4972243673489228e-04 | 1
  9,  1 |   9.7659490119786364e-06 |   9.7659490119786364e-06 | 1
  9,  2 |   7.3650497884501938e-05 |   7.3650497884501938e-05 | 1
  9,  3 |   5.7226142759773252e-05 |   5.7226142759773252e-05 | 1
  9,  4 |   7.9543565230432724e-05 |   7.9543565230432724e-05 | 1
  9,  5 |   9.5999406848305873e-05 |   9.5999406848305873e-05 | 1
  9,  6 |   3.4272922409416158e-04 |   3.4272922409416158e-04 | 1
  9,  7 |  -4.0980183270124976e-06 |  -4.0980183270124976e-06 | 1
  9,  8 |   1.9796086808110299e-04 |   1.9796086808110299e-04 | 1
  9,  9 |   1.4291149669529277e-02 |   1.4291149669529277e-02 | 1
  9, 10 |   5.7130894662614124e-05 |   5.7130894662614124e-05 | 1
  9, 11 |  -3.3641297038096213e-05 |  -3.3641297038096213e-05 | 1
  9, 12 |   3.4807390752413506e-05 |   3.4807390752413506e-05 | 1
  9, 13 |   2.0169954966159685e-04 |   2.0169954966159685e-04 | 1
  9, 14 |  -2.1351419068779454e-04 |  -2.1351419068779454e-04 | 1
  9, 15 |   6.1776239850641146e-04 |   6.1776239850641146e-04 | 1
  9, 16 |   1.6253260764431703e-04 |   1.6253260764431703e-04 | 1
  9, 17 |  -1.8701832575463205e-05 |  -1.8701832575463205e-05 | 1
  9, 18 |  -9.6239196283069562e-06 |  -9.6239196283069562e-06 | 1
  9, 19 |  -1.2886376232689539e-05 |  -1.2886376232689539e-05 | 1
  9, 20 |   1.1375997602524916e-05 |   1.1375997602524916e-05 | 1
  9, 21 |   2.1311186269837491e-04 |   2.1311186269837491e-04 | 1
 10,  1 |   2.5502756260947008e-05 |   2.5502756260947008e-05 | 1
 10,  2 |   5.3511202283039423e-05 |   5.3511202283039423e-05 | 1
 10,  3 |   2.9490949083893026e-04 |   2.9490949083893026e-04 | 1
 10,  4 |   3.5075322976838930e-04 |   3.5075322976838930e-04 | 1
 10,  5 |  -1.0204199165383932e-05 |  -1.0204199165383932e-05 | 1
 10,  6 |  -9.1620990766257452e-04 |  -9.1620990766257452e-04 | 1
 10,  7 |   1.8097004612840093e-03 |   1.8097004612840093e-03 | 1
 10,  8 |  -2.9359916424652075e-04 |  -2.9359916424652075e-04 | 1
 10,  9 |   5.7130894662614124e-05 |   5.7130894662614124e-05 | 1
 10, 10 |   2.4725254996857279e-02 |   2.4725254996857279e-02 | 1
 10, 11 |   1.8127440539424666e-03 |   1.8127440539424666e-03 | 1
 10, 12 |   5.2048155606282019e-04 |   5.2048155606282019e-04 | 1
 10, 13 |   1.6106337942837701e-04 |   1.6106337942837701e-04 | 1
 10, 14 |  -9.2578648749071669e-05 |  -9.2578648749071669e-05 | 1
 10, 15 |  -4.8724615263688268e-03 |  -4.8724615263688268e-03 | 1
 10, 16 |   4.4514898669745023e-04 |   4.4514898669745023e-04 | 1
 10, 17 |  -3.8104398679662369e-05 |  -3.8104398679662369e-05 | 1
 10, 18 |  -3.8211632346867222e-05 |  -3.8211632346867222e-05 | 1
 10, 19 |  -3.1374543812770322e-05 |  -3.1374543812770322e-05 | 1
 10, 20 |   2.9799134910260315e-05 |   2.9799134910260315e-05 | 1
 10, 21 |   9.2770096513302227e-05 |   9.2770096513302227e-05 | 1
 11,  1 |   3.6770985445629871e-05 |   3.6770985445629871e-05 | 1
 11,  2 |  -3.0143156579961671e-06 |  -3.0143156579961671e-06 | 1
 11,  3 |   5.6297225992084246e-04 |   5.6297225992084246e-04 | 1
 11,  4 |   6.5294945836347597e-04 |   6.5294945836347597e-04 | 1
 11,  5 |  -1.8075340119887265e-04 |  -1.8075340119887265e-04 | 1
 11,  6 |  -2.6027675293995292e-03 |  -2.6027675293995292e-03 | 1
 11,  7 |   4.0545736914543475e-03 |   4.0545736914543475e-03 | 1
 11,  8 |  -9.7735486250715570e-04 |  -9.7735486250715570e-04 | 1
 11,  9 |  -3.3641297038096213e-05 |  -3.3641297038096213e-05 | 1
 11, 10 |   1.8127440539424666e-03 |   1.8127440539424666e-03 | 1
 11, 11 |   5.7399189864559066e-02 |   5.7399189864559066e-02 | 1
 11, 12 |   1.1162186595124039e-03 |   1.1162186595124039e-03 | 1
 11, 13 |   3.8448983493673229e-05 |   3.8448983493673229e-05 | 1
 11, 14 |   1.3294880264974157e-04 |   1.3294880264974157e-04 | 1
 11, 15 |  -1.1890463962488256e-02 |  -1.1890463962488256e-02 | 1
 11, 16 |   7.3277632952671351e-04 |   7.3277632952671351e-04 | 1
 11, 17 |  -6.1075683164652325e-05 |  -6.1075683164652325e-05 | 1
 11, 18 |  -6.1548876911500419e-05 |  -6.1548876911500419e-05 | 1
 11, 19 |  -3.1388365752722303e-05 |  -3.1388365752722303e-05 | 1
 11, 20 |   4.2770285191020578e-05 |   4.2770285191020578e-05 | 1
 11, 21 |  -1.3350347347467910e-04 |  -1.3350347347467910e-04 | 1
 12,  1 |   2.3055835530863933e-05 |   2.3055835530863933e-05 | 1
 12,  2 |   3.6487145677411125e-05 |   3.6487145677411125e-05 | 1
 12,  3 |   1.8629976549546613e-04 |   1.8629976549546613e-04 | 1
 12,  4 |   2.1641240342529287e-04 |   2.1641240342529287e-04 | 1
 12,  5 |   1.7139348310565611e-06 |   1.7139348310565611e-06 | 1
 12,  6 |  -5.5674805472896759e-04 |  -5.5674805472896759e-04 | 1
 12,  7 |   1.1015777874596793e-03 |   1.1015777874596793e-03 | 1
 12,  8 |  -1.7644108626328167e-04 |  -1.7644108626328167e-04 | 1
 12,  9 |   3.4807390752413506e-05 |   3.4807390752413506e-05 | 1
 12, 10 |   5.2048155606282019e-04 |   5.2048155606282019e-04 | 1
 12, 11 |   1.1162186595124039e-03 |   1.1162186595124039e-03 | 1
 12, 12 |   6.3488946607608157e-03 |   6.3488946607608157e-03 | 1
 12, 13 |   9.6096434911796948e-05 |   9.6096434911796948e-05 | 1
 12, 14 |  -4.6433932256502329e-05 |  -4.6433932256502329e-05 | 1
 12, 15 |  -2.9547269607224048e-03 |  -2.9547269607224048e-03 | 1
 12, 16 |   2.6813581789759413e-04 |   2.6813581789759413e-04 | 1
 12, 17 |  -3.0279668335731334e-05 |  -3.0279668335731334e-05 | 1
 12, 18 |  -4.3165543268203438e-05 |  -4.3165543268203438e-05 | 1
 12, 19 |  -2.7859682014027941e-05 |  -2.7859682014027941e-05 | 1
 12, 20 |   2.7612490990739988e-05 |   2.7612490990739988e-05 | 1
 12, 21 |   4.7663785007793450e-05 |   4.7663785007793450e-05 | 1
 13,  1 |   4.4220873766977082e-06 |   4.4220873766977082e-06 | 1
 13,  2 |   1.4257710550998987e-04 |   1.4257710550998987e-04 | 1
 13,  3 |   1.2475781565140267e-04 |   1.2475781565140267e-04 | 1
 13,  4 |   1.7608050366607321e-04 |   1.7608050366607321e-04 | 1
 13,  5 |   1.8274827256552472e-04 |   1.8274827256552472e-04 | 1
 13,  6 |   6.4084062928607653e-04 |   6.4084062928607653e-04 | 1
 13,  7 |   1.0016101115241976e-04 |   1.0016101115241976e-04 | 1
 13,  8 |   3.8730715984102956e-04 |   3.8730715984102956e-04 | 1
 13,  9 |   2.0169954966159685e-04 |   2.0169954966159685e-04 | 1
 13, 10 |   1.6106337942837701e-04 |   1.6106337942837701e-04 | 1
 13, 11 |   3.8448983493673229e-05 |   3.8448983493673229e-05 | 1
 13, 12 |   9.6096434911796948e-05 |   9.6096434911796948e-05 | 1
 13, 13 |   6.3468807065651112e-03 |   6.3468807065651112e-03 | 1
 13, 14 |  -4.6633172656018621e-04 |  -4.6633172656018621e-04 | 1
 13, 15 |   9.8097305881882937e-04 |   9.8097305881882937e-04 | 1
 13, 16 |   3.6417028220203700e-04 |   3.6417028220203700e-04 | 1
 13, 17 |  -1.3617972185395489e-05 |  -1.3617972185395489e-05 | 1
 13, 18 |  -1.0608939574644108e-05 |  -1.0608939574644108e-05 | 1
 13, 19 |   6.3931024946305955e-06 |   6.3931024946305955e-06 | 1
 13, 20 |   5.5960543187413844e-06 |   5.5960543187413844e-06 | 1
 13, 21 |   4.6416644615232934e-04 |   4.6416644615232934e-04 | 1
 14,  1 |   1.1779551456986761e-05 |   1.1779551456986761e-05 | 1
 14,  2 |  -3.6201121322574770e-05 |  -3.6201121322574770e-05 | 1
 14,  3 |  -9.8322902884996990e-05 |  -9.8322902884996990e-05 | 1
 14,  4 |  -1.5481473394070652e-04 |  -1.5481473394070652e-04 | 1
 14,  5 |  -1.8891428490320285e-04 |  -1.8891428490320285e-04 | 1
 14,  6 |  -7.8805165063468145e-04 |  -7.8805165063468145e-04 | 1
 14,  7 |   6.2304151709004468e-05 |   6.2304151709004468e-05 | 1
 14,  8 |  -4.5088285426533761e-04 |  -4.5088285426533761e-04 | 1
 14,  9 |  -2.1351419068779454e-04 |  -2.1351419068779454e-04 | 1
 14, 10 |  -9.2578648749071669e-05 |  -9.2578648749071669e-05 | 1
 14, 11 |   1.3294880264974157e-04 |   1.3294880264974157e-04 | 1
 14, 12 |  -4.6433932256502329e-05 |  -4.6433932256502329e-05 | 1
 14, 13 |  -4.6633172656018621e-04 |  -4.6633172656018621e-04 | 1
 14, 14 |   5.3664015416495295e-04 |   5.3664015416495295e-04 | 1
 14, 15 |  -1.5317647176292352e-03 |  -1.5317647176292352e-03 | 1
 14, 16 |  -3.6341056091779712e-04 |  -3.6341056091779712e-04 | 1
 14, 17 |  -1.0385962833140311e-05 |  -1.0385962833140311e-05 | 1
 14, 18 |  -1.4705289844227186e-05 |  -1.4705289844227186e-05 | 1
 14, 19 |  -2.7211979944600154e-05 |  -2.7211979944600154e-05 | 1
 14, 20 |   1.3739790471987022e-05 |   1.3739790471987022e-05 | 1
 14, 21 |  -5.3412699602729602e-04 |  -5.3412699602729602e-04 | 1
 15,  1 |  -6.9906351941038085e-05 |  -6.9906351941038085e-05 | 1
 15,  2 |   3.8541233599377026e-04 |   3.8541233599377026e-04 | 1
 15,  3 |  -1.3105322187803971e-03 |  -1.3105322187803971e-03 | 1
 15,  4 |  -1.4490332660909626e-03 |  -1.4490332660909626e-03 | 1
 15,  5 |   1.0041848565642915e-03 |   1.0041848565642915e-03 | 1
 15,  6 |   9.2066936121806935e-03 |   9.2066936121806935e-03 | 1
 15,  7 |  -1.1556850836406802e-02 |  -1.1556850836406802e-02 | 1
 15,  8 |   3.8291648397566947e-03 |   3.8291648397566947e-03 | 1
 15,  9 |   6.1776239850641146e-04 |   6.1776239850641146e-04 | 1
 15, 10 |  -4.8724615263688268e-03 |  -4.8724615263688268e-03 | 1
 15, 11 |  -1.1890463962488256e-02 |  -1.1890463962488256e-02 | 1
 15, 12 |  -2.9547269607224048e-03 |  -2.9547269607224048e-03 | 1
 15, 13 |   9.8097305881882937e-04 |   9.8097305881882937e-04 | 1
 15, 14 |  -1.5317647176292352e-03 |  -1.5317647176292352e-03 | 1
 15, 15 |   3.7145047485035124e-02 |   3.7145047485035124e-02 | 1
 15, 16 |  -1.2221578347943894e-03 |  -1.2221578347943894e-03 | 1
 15, 17 |   9.1900946381825795e-05 |   9.1900946381825795e-05 | 1
 15, 18 |   1.1256671617715800e-04 |   1.1256671617715800e-04 | 1
 15, 19 |   9.9043056395639142e-05 |   9.9043056395639142e-05 | 1
 15, 20 |  -8.2392832955754047e-05 |  -8.2392832955754047e-05 | 1
 15, 21 |   1.5266234471880149e-03 |   1.5266234471880149e-03 | 1
 16,  1 |   1.0566749954245430e-05 |   1.0566749954245430e-05 | 1
 16,  2 |   1.1865379695306957e-04 |   1.1865379695306957e-04 | 1
 16,  3 |   2.0009291742755094e-04 |   2.0009291742755094e-04 | 1
 16,  4 |   2.5882303617676198e-04 |   2.5882303617676198e-04 | 1
 16,  5 |   1.2117755668845154e-04 |   1.2117755668845154e-04 | 1
 16,  6 |   8.7619175535724644e-05 |   8.7619175535724644e-05 | 1
 16,  7 |   7.7543419528499258e-04 |   7.7543419528499258e-04 | 1
 16,  8 |   1.5403731410901524e-04 |   1.5403731410901524e-04 | 1
 16,  9 |   1.6253260764431703e-04 |   1.6253260764431703e-04 | 1
 16, 10 |   4.4514898669745023e-04 |   4.4514898669745023e-04 | 1
 16, 11 |   7.3277632952671351e-04 |   7.3277632952671351e-04 | 1
 16, 12 |   2.6813581789759413e-04 |   2.6813581789759413e-04 | 1
 16, 13 |   3.6417028220203700e-04 |   3.6417028220203700e-04 | 1
 16, 14 |  -3.6341056091779712e-04 |  -3.6341056091779712e-04 | 1
 16, 15 |  -1.2221578347943894e-03 |  -1.2221578347943894e-03 | 1
 16, 16 |   5.5941606867365636e-04 |   5.5941606867365636e-04 | 1
 16, 17 |  -1.9646567618227629e-05 |  -1.9646567618227629e-05 | 1
 16, 18 |  -1.8004686790930671e-05 |  -1.8004686790930671e-05 | 1
 16, 19 |  -7.1943940814041924e-06 |  -7.1943940814041924e-06 | 1
 16, 20 |   1.2724096707760580e-05 |   1.2724096707760580e-05 | 1
 16, 21 |   3.6244178464970927e-04 |   3.6244178464970927e-04 | 1
 17,  1 |  -2.5924146159560249e-05 |  -2.5924146159560249e-05 | 1
 17,  2 |  -2.4353513455413124e-05 |  -2.4353513455413124e-05 | 1
 17,  3 |  -3.0634620896595550e-05 |  -3.0634620896595550e-05 | 1
 17,  4 |  -2.7110136349186874e-05 |  -2.7110136349186874e-05 | 1
 17,  5 |  -2.7525919258015193e-05 |  -2.7525919258015193e-05 | 1
 17,  6 |  -8.1671945540535772e-06 |  -8.1671945540535772e-06 | 1
 17,  7 |  -5.9441061919453176e-05 |  -5.9441061919453176e-05 | 1
 17,  8 |  -1.1692255438629678e-05 |  -1.1692255438629678e-05 | 1
 17,  9 |  -1.8701832575463205e-05 |  -1.8701832575463205e-05 | 1
 17, 10 |  -3.8104398679662369e-05 |  -3.8104398679662369e-05 | 1
 17, 11 |  -6.1075683164652325e-05 |  -6.1075683164652325e-05 | 1
 17, 12 |  -3.0279668335731334e-05 |  -3.0279668335731334e-05 | 1
 17, 13 |  -1.3617972185395489e-05 |  -1.3617972185395489e-05 | 1
 17, 14 |  -1.0385962833140311e-05 |  -1.0385962833140311e-05 | 1
 17, 15 |   9.1900946381825795e-05 |   9.1900946381825795e-05 | 1
 17, 16 |  -1.9646567618227629e-05 |  -1.9646567618227629e-05 | 1
 17, 17 |   4.8841386612702216e-05 |   4.8841386612702216e-05 | 1
 17, 18 |   2.8031234657105592e-05 |   2.8031234657105592e-05 | 1
 17, 19 |   2.8170041748800065e-05 |   2.8170041748800065e-05 | 1
 17, 20 |  -2.9962489312692085e-05 |  -2.9962489312692085e-05 | 1
 17, 21 |   1.2454609429357942e-05 |   1.2454609429357942e-05 | 1
 18,  1 |  -2.5096924099173558e-05 |  -2.5096924099173558e-05 | 1
 18,  2 |  -1.9660793175926857e-05 |  -1.9660793175926857e-05 | 1
 18,  3 |  -3.3004124646563739e-05 |  -3.3004124646563739e-05 | 1
 18,  4 |  -2.6388161516128673e-05 |  -2.6388161516128673e-05 | 1
 18,  5 |  -2.7336001792104304e-05 |  -2.7336001792104304e-05 | 1
 18,  6 |   8.0001071336777748e-06 |   8.0001071336777748e-06 | 1
 18,  7 |  -6.3970507362429385e-05 |  -6.3970507362429385e-05 | 1
 18,  8 |  -7.0944566803392850e-06 |  -7.0944566803392850e-06 | 1
 18,  9 |  -9.6239196283069562e-06 |  -9.6239196283069562e-06 | 1
 18, 10 |  -3.8211632346867222e-05 |  -3.8211632346867222e-05 | 1
 18, 11 |  -6.1548876911500419e-05 |  -6.1548876911500419e-05 | 1
 18, 12 |  -4.3165543268203438e-05 |  -4.3165543268203438e-05 | 1
 18, 13 |  -1.0608939574644108e-05 |  -1.0608939574644108e-05 | 1
 18, 14 |  -1.4705289844227186e-05 |  -1.4705289844227186e-05 | 1
 18, 15 |   1.1256671617715800e-04 |   1.1256671617715800e-04 | 1
 18, 16 |  -1.8004686790930671e-05 |  -1.8004686790930671e-05 | 1
 18, 17 |   2.8031234657105592e-05 |   2.8031234657105592e-05 | 1
 18, 18 |   5.2812631194290074e-05 |   5.2812631194290074e-05 | 1
 18, 19 |   3.2233733438886713e-05 |   3.2233733438886713e-05 | 1
 18, 20 |  -3.0352124323707755e-05 |  -3.0352124323707755e-05 | 1
 18, 21 |   1.2185367763051626e-05 |   1.2185367763051626e-05 | 1
 19,  1 |  -2.6276975671488395e-05 |  -2.6276975671488395e-05 | 1
 19,  2 |  -2.0551140423857723e-05 |  -2.0551140423857723e-05 | 1
 19,  3 |  -2.4871195903699275e-05 |  -2.4871195903699275e-05 | 1
 19,  4 |  -2.2487337468574004e-05 |  -2.2487337468574004e-05 | 1
 19,  5 |  -2.0951657225610614e-05 |  -2.0951657225610614e-05 | 1
 19,  6 |   6.7111418311936358e-06 |   6.7111418311936358e-06 | 1
 19,  7 |  -3.9253682005243091e-05 |  -3.9253682005243091e-05 | 1
 19,  8 |   3.1325260978173181e-07 |   3.1325260978173181e-07 | 1
 19,  9 |  -1.2886376232689539e-05 |  -1.2886376232689539e-05 | 1
 19, 10 |  -3.1374543812770322e-05 |  -3.1374543812770322e-05 | 1
 19, 11 |  -3.1388365752722303e-05 |  -3.1388365752722303e-05 | 1
 19, 12 |  -2.7859682014027941e-05 |  -2.7859682014027941e-05 | 1
 19, 13 |   6.3931024946305955e-06 |   6.3931024946305955e-06 | 1
 19, 14 |  -2.7211979944600154e-05 |  -2.7211979944600154e-05 | 1
 19, 15 |   9.9043056395639142e-05 |   9.9043056395639142e-05 | 1
 19, 16 |  -7.1943940814041924e-06 |  -7.1943940814041924e-06 | 1
 19, 17 |   2.8170041748800065e-05 |   2.8170041748800065e-05 | 1
 19, 18 |   3.2233733438886713e-05 |   3.2233733438886713e-05 | 1
 19, 19 |   5.3306410921746955e-05 |   5.3306410921746955e-05 | 1
 19, 20 |  -3.0466834549791790e-05 |  -3.0466834549791790e-05 | 1
 19, 21 |   2.3346134493793174e-05 |   2.3346134493793174e-05 | 1
 20,  1 |   2.1102730848357418e-05 |   2.1102730848357418e-05 | 1
 20,  2 |   1.7704961505649898e-05 |   1.7704961505649898e-05 | 1
 20,  3 |   2.4272823900477648e-05 |   2.4272823900477648e-05 | 1
 20,  4 |   2.0993810407356152e-05 |   2.0993810407356152e-05 | 1
 20,  5 |   2.1135358725287566e-05 |   2.1135358725287566e-05 | 1
 20,  6 |  -8.8721236388082216e-07 |  -8.8721236388082216e-07 | 1
 20,  7 |   4.5072329075178516e-05 |   4.5072329075178516e-05 | 1
 20,  8 |   5.4437170064621760e-06 |   5.4437170064621760e-06 | 1
 20,  9 |   1.1375997602524916e-05 |   1.1375997602524916e-05 | 1
 20, 10 |   2.9799134910260315e-05 |   2.9799134910260315e-05 | 1
 20, 11 |   4.2770285191020578e-05 |   4.2770285191020578e-05 | 1
 20, 12 |   2.7612490990739988e-05 |   2.7612490990739988e-05 | 1
 20, 13 |   5.5960543187413844e-06 |   5.5960543187413844e-06 | 1
 20, 14 |   1.3739790471987022e-05 |   1.3739790471987022e-05 | 1
 20, 15 |  -8.2392832955754047e-05 |  -8.2392832955754047e-05 | 1
 20, 16 |   1.2724096707760580e-05 |   1.2724096707760580e-05 | 1
 20, 17 |  -2.9962489312692085e-05 |  -2.9962489312692085e-05 | 1
 20, 18 |  -3.0352124323707755e-05 |  -3.0352124323707755e-05 | 1
 20, 19 |  -3.0466834549791790e-05 |  -3.0466834549791790e-05 | 1
 20, 20 |   6.7181855639374897e-05 |   6.7181855639374897e-05 | 1
 20, 21 |  -5.3260648911188775e-05 |  -5.3260648911188775e-05 | 1
 21,  1 |  -1.0860255045852145e-05 |  -1.0860255045852145e-05 | 1
 21,  2 |   3.6491138581556522e-05 |   3.6491138581556522e-05 | 1
 21,  3 |   9.8882761844077495e-05 |   9.8882761844077495e-05 | 1
 21,  4 |   1.5498555775510632e-04 |   1.5498555775510632e-04 | 1
 21,  5 |   1.8882142241090241e-04 |   1.8882142241090241e-04 | 1
 21,  6 |   7.8556301862577331e-04 |   7.8556301862577331e-04 | 1
 21,  7 |  -6.2518525189259608e-05 |  -6.2518525189259608e-05 | 1
 21,  8 |   4.4972243673489228e-04 |   4.4972243673489228e-04 | 1
 21,  9 |   2.1311186269837491e-04 |   2.1311186269837491e-04 | 1
 21, 10 |   9.2770096513302227e-05 |   9.2770096513302227e-05 | 1
 21, 11 |  -1.3350347347467910e-04 |  -1.3350347347467910e-04 | 1
 21, 12 |   4.7663785007793450e-05 |   4.7663785007793450e-05 | 1
 21, 13 |   4.6416644615232934e-04 |   4.6416644615232934e-04 | 1
 21, 14 |  -5.3412699602729602e-04 |  -5.3412699602729602e-04 | 1
 21, 15 |   1.5266234471880149e-03 |   1.5266234471880149e-03 | 1
 21, 16 |   3.6244178464970927e-04 |   3.6244178464970927e-04 | 1
 21, 17 |   1.2454609429357942e-05 |   1.2454609429357942e-05 | 1
 21, 18 |   1.2185367763051626e-05 |   1.2185367763051626e-05 | 1
 21, 19 |   2.3346134493793174e-05 |   2.3346134493793174e-05 | 1
 21, 20 |  -5.3260648911188775e-05 |  -5.3260648911188775e-05 | 1
 21, 21 |   6.6111463855686816e-04 |   6.6111463855686816e-04 | 1
