row,col | V_base                   | V_new                    | equal
  1,  1 |   6.0031135920335142e-05 |   6.0031135920335142e-05 | 1
  1,  2 |   1.0286849940390988e-05 |   1.0286849940390988e-05 | 1
  1,  3 |   1.3519415528503632e-05 |   1.3519415528503632e-05 | 1
  1,  4 |   1.0550665767782793e-05 |   1.0550665767782793e-05 | 1
  1,  5 |   1.4871660038331118e-05 |   1.4871660038331118e-05 | 1
  1,  6 |  -6.5914896890000928e-07 |  -6.5914896890000928e-07 | 1
  1,  7 |   2.4468062306539567e-05 |   2.4468062306539567e-05 | 1
  1,  8 |   2.4764418135914836e-06 |   2.4764418135914836e-06 | 1
  1,  9 |   7.6712942245850151e-06 |   7.6712942245850151e-06 | 1
  1, 10 |   1.6448419579498928e-05 |   1.6448419579498928e-05 | 1
  1, 11 |   2.2688067954998159e-05 |   2.2688067954998159e-05 | 1
  1, 12 |   1.5763468459783719e-05 |   1.5763468459783719e-05 | 1
  1, 13 |   4.6353754010951435e-06 |   4.6353754010951435e-06 | 1
  1, 14 |   7.7912016743912479e-06 |   7.7912016743912479e-06 | 1
  1, 15 |  -3.1033264112473481e-05 |  -3.1033264112473481e-05 | 1
  1, 16 |   1.4116090256713519e-05 |   1.4116090256713519e-05 | 1
  1, 17 |  -1.7403809406467786e-05 |  -1.7403809406467786e-05 | 1
  1, 18 |  -1.6481026734277519e-05 |  -1.6481026734277519e-05 | 1
  1, 19 |  -1.7558696828022520e-05 |  -1.7558696828022520e-05 | 1
  1, 20 |   1.3891130708972715e-05 |   1.3891130708972715e-05 | 1
  1, 21 |  -7.7664483677822702e-06 |  -7.7664483677822702e-06 | 1
  2,  1 |   1.0286849940390988e-05 |   1.0286849940390988e-05 | 1
  2,  2 |   8.4418503694275355e-04 |   8.4418503694275355e-04 | 1
  2,  3 |   2.7106646544924320e-05 |   2.7106646544924320e-05 | 1
  2,  4 |   2.8733682879053262e-05 |   2.8733682879053262e-05 | 1
  2,  5 |   3.6992002881326689e-05 |   3.6992002881326689e-05 | 1
  2,  6 |   1.1876980136794886e-04 |   1.1876980136794886e-04 | 1
  2,  7 |   3.2804319219681484e-05 |   3.2804319219681484e-05 | 1
  2,  8 |   5.8279172590995168e-05 |   5.8279172590995168e-05 | 1
  2,  9 |   3.3878705977425679e-05 |   3.3878705977425679e-05 | 1
  2, 10 |   3.8003013522641660e-05 |   3.8003013522641660e-05 | 1
  2, 11 |   1.4151458134879941e-05 |   1.4151458134879941e-05 | 1
  2, 12 |   2.8228919367616902e-05 |   2.8228919367616902e-05 | 1
  2, 13 |   5.8591696525523641e-05 |   5.8591696525523641e-05 | 1
  2, 14 |  -1.2400465570397068e-04 |  -1.2400465570397068e-04 | 1
  2, 15 |   1.0411447878795296e-04 |   1.0411447878795296e-04 | 1
  2, 16 |   4.1875672345382617e-05 |   4.1875672345382617e-05 | 1
  2, 17 |  -1.7332561792082509e-05 |  -1.7332561792082509e-05 | 1
  2, 18 |  -1.3910684290887352e-05 |  -1.3910684290887352e-05 | 1
  2, 19 |  -1.3235985796871713e-05 |  -1.3235985796871713e-05 | 1
  2, 20 |   1.2102814972091543e-05 |   1.2102814972091543e-05 | 1
  2, 21 |   1.2368178275305253e-04 |   1.2368178275305253e-04 | 1
  3,  1 |   1.3519415528503632e-05 |   1.3519415528503632e-05 | 1
  3,  2 |   2.7106646544924320e-05 |   2.7106646544924320e-05 | 1
  3,  3 |   3.9957869847258012e-03 |   3.9957869847258012e-03 | 1
  3,  4 |   8.4285652104848849e-05 |   8.4285652104848849e-05 | 1
  3,  5 |   4.8011674932605435e-05 |   4.8011674932605435e-05 | 1
  3,  6 |  -1.3769486748387943e-04 |  -1.3769486748387943e-04 | 1
  3,  7 |   4.8677275936996297e-04 |   4.8677275936996297e-04 | 1
  3,  8 |  -4.9454506521921575e-06 |  -4.9454506521921575e-06 | 1
  3,  9 |   4.1542479554364158e-05 |   4.1542479554364158e-05 | 1
  3, 10 |   2.0330146634259309e-04 |   2.0330146634259309e-04 | 1
  3, 11 |   3.3371665574591938e-04 |   3.3371665574591938e-04 | 1
  3, 12 |   3.7639696569120775e-04 |   3.7639696569120775e-04 | 1
  3, 13 |   1.1753055673910119e-04 |   1.1753055673910119e-04 | 1
  3, 14 |  -8.6679670086229425e-05 |  -8.6679670086229425e-05 | 1
  3, 15 |  -7.5083124244892116e-04 |  -7.5083124244892116e-04 | 1
  3, 16 |   3.6926188733214728e-04 |   3.6926188733214728e-04 | 1
  3, 17 |  -2.0818452100851178e-05 |  -2.0818452100851178e-05 | 1
  3, 18 |  -2.0451719884545202e-05 |  -2.0451719884545202e-05 | 1
  3, 19 |  -1.6708088116026137e-05 |  -1.6708088116026137e-05 | 1
  3, 20 |   1.5792289702947542e-05 |   1.5792289702947542e-05 | 1
  3, 21 |   8.6458311730402279e-05 |   8.6458311730402279e-05 | 1
  4,  1 |   1.0550665767782793e-05 |   1.0550665767782793e-05 | 1
  4,  2 |   2.8733682879053262e-05 |   2.8733682879053262e-05 | 1
  4,  3 |   8.4285652104848849e-05 |   8.4285652104848849e-05 | 1
  4,  4 |   1.1838056367850904e-03 |   1.1838056367850904e-03 | 1
  4,  5 |   5.3122755224160306e-05 |   5.3122755224160306e-05 | 1
  4,  6 |  -7.9558042956816760e-05 |  -7.9558042956816760e-05 | 1
  4,  7 |   4.6394164942889721e-04 |   4.6394164942889721e-04 | 1
  4,  8 |   1.8782551327974743e-05 |   1.8782551327974743e-05 | 1
  4,  9 |   5.0499239212933416e-05 |   5.0499239212933416e-05 | 1
  4, 10 |   2.0120785364179239e-04 |   2.0120785364179239e-04 | 1
  4, 11 |   3.1178200605269906e-04 |   3.1178200605269906e-04 | 1
  4, 12 |   3.6258330560520172e-04 |   3.6258330560520172e-04 | 1
  4, 13 |   1.3414081594299252e-04 |   1.3414081594299252e-04 | 1
  4, 14 |  -1.1479631587038699e-04 |  -1.1479631587038699e-04 | 1
  4, 15 |  -6.5481975474442631e-04 |  -6.5481975474442631e-04 | 1
  4, 16 |   3.6228842749246813e-04 |   3.6228842749246813e-04 | 1
  4, 17 |  -1.7410769449641512e-05 |  -1.7410769449641512e-05 | 1
  4, 18 |  -1.4045287809962971e-05 |  -1.4045287809962971e-05 | 1
  4, 19 |  -1.2832687158426411e-05 |  -1.2832687158426411e-05 | 1
  4, 20 |   1.2270850408552882e-05 |   1.2270850408552882e-05 | 1
  4, 21 |   1.1421638812592245e-04 |   1.1421638812592245e-04 | 1
  5,  1 |   1.4871660038331118e-05 |   1.4871660038331118e-05 | 1
  5,  2 |   3.6992002881326689e-05 |   3.6992002881326689e-05 | 1
  5,  3 |   4.8011674932605435e-05 |   4.8011674932605435e-05 | 1
  5,  4 |   5.3122755224160306e-05 |   5.3122755224160306e-05 | 1
  5,  5 |   1.0530878673302008e-02 |   1.0530878673302008e-02 | 1
  5,  6 |   2.5318018550339139e-04 |   2.5318018550339139e-04 | 1
  5,  7 |   4.8254299203621591e-05 |   4.8254299203621591e-05 | 1
  5,  8 |   1.2241386391593096e-04 |   1.2241386391593096e-04 | 1
  5,  9 |   6.7691985547806382e-05 |   6.7691985547806382e-05 | 1
  5, 10 |   6.7039426735378851e-05 |   6.7039426735378851e-05 | 1
  5, 11 |   9.2966426236531914e-06 |   9.2966426236531914e-06 | 1
  5, 12 |   4.5761168736182766e-05 |   4.5761168736182766e-05 | 1
  5, 13 |   1.2146267624495943e-04 |   1.2146267624495943e-04 | 1
  5, 14 |  -1.4072021814323784e-04 |  -1.4072021814323784e-04 | 1
  5, 15 |   2.4964121837199235e-04 |   2.4964121837199235e-04 | 1
  5, 16 |   7.6629534432264110e-05 |   7.6629534432264110e-05 | 1
  5, 17 |  -2.1570697443818100e-05 |  -2.1570697443818100e-05 | 1
  5, 18 |  -2.2081199994683616e-05 |  -2.2081199994683616e-05 | 1
  5, 19 |  -1.8267867498176463e-05 |  -1.8267867498176463e-05 | 1
  5, 20 |   1.7115038983974341e-05 |   1.7115038983974341e-05 | 1
  5, 21 |   1.4025797833922075e-04 |   1.4025797833922075e-04 | 1
  6,  1 |  -6.5914896890000928e-07 |  -6.5914896890000928e-07 | 1
  6,  2 |   1.1876980136794886e-04 |   1.1876980136794886e-04 | 1
  6,  3 |  -1.3769486748387943e-04 |  -1.3769486748387943e-04 | 1
  6,  4 |  -7.9558042956816760e-05 |  -7.9558042956816760e-05 | 1
  6,  5 |   2.5318018550339139e-04 |   2.5318018550339139e-04 | 1
  6,  6 |   3.0795062993168305e-03 |   3.0795062993168305e-03 | 1
  6,  7 |  -2.6113767608539522e-03 |  -2.6113767608539522e-03 | 1
  6,  8 |   1.1015388017552115e-03 |   1.1015388017552115e-03 | 1
  6,  9 |   3.1515222401786363e-04 |   3.1515222401786363e-04 | 1
  6, 10 |  -6.9193433754184675e-04 |  -6.9193433754184675e-04 | 1
  6, 11 |  -2.0170596848382784e-03 |  -2.0170596848382784e-03 | 1
  6, 12 |  -1.9335959122645651e-03 |  -1.9335959122645651e-03 | 1
  6, 13 |   3.4002763323048087e-04 |   3.4002763323048087e-04 | 1
  6, 14 |  -7.5143869118298985e-04 |  -7.5143869118298985e-04 | 1
  6, 15 |   6.8658624074871980e-03 |   6.8658624074871980e-03 | 1
  6, 16 |  -1.6122291820975633e-03 |  -1.6122291820975633e-03 | 1
  6, 17 |  -6.0745764604534057e-06 |  -6.0745764604534057e-06 | 1
  6, 18 |   5.1839537451857010e-06 |   5.1839537451857010e-06 | 1
  6, 19 |   7.4285666778280141e-06 |   7.4285666778280141e-06 | 1
  6, 20 |  -1.0316458087364174e-06 |  -1.0316458087364174e-06 | 1
  6, 21 |   7.4982552582165561e-04 |   7.4982552582165561e-04 | 1
  7,  1 |   2.4468062306539567e-05 |   2.4468062306539567e-05 | 1
  7,  2 |   3.2804319219681484e-05 |   3.2804319219681484e-05 | 1
  7,  3 |   4.8677275936996297e-04 |   4.8677275936996297e-04 | 1
  7,  4 |   4.6394164942889721e-04 |   4.6394164942889721e-04 | 1
  7,  5 |   4.8254299203621591e-05 |   4.8254299203621591e-05 | 1
  7,  6 |  -2.6113767608539522e-03 |  -2.6113767608539522e-03 | 1
  7,  7 |   4.1319880132458077e-03 |   4.1319880132458077e-03 | 1
  7,  8 |  -7.0498877480201414e-04 |  -7.0498877480201414e-04 | 1
  7,  9 |   5.2902277295360108e-06 |   5.2902277295360108e-06 | 1
  7, 10 |   1.4608611843956610e-03 |   1.4608611843956610e-03 | 1
  7, 11 |   2.9497052124997508e-03 |   2.9497052124997508e-03 | 1
  7, 12 |   3.1578221163389214e-03 |   3.1578221163389214e-03 | 1
  7, 13 |   4.1191926379356865e-04 |   4.1191926379356865e-04 | 1
  7, 14 |  -4.9311329569397600e-05 |  -4.9311329569397600e-05 | 1
  7, 15 |  -8.1254305174077619e-03 |  -8.1254305174077619e-03 | 1
  7, 16 |   2.9295415189370113e-03 |   2.9295415189370113e-03 | 1
  7, 17 |  -4.0975470855388885e-05 |  -4.0975470855388885e-05 | 1
  7, 18 |  -3.7437407673660964e-05 |  -3.7437407673660964e-05 | 1
  7, 19 |  -2.4880269869456506e-05 |  -2.4880269869456506e-05 | 1
  7, 20 |   2.8635293400022420e-05 |   2.8635293400022420e-05 | 1
  7, 21 |   4.7881709790287097e-05 |   4.7881709790287097e-05 | 1
  8,  1 |   2.4764418135914836e-06 |   2.4764418135914836e-06 | 1
  8,  2 |   5.8279172590995168e-05 |   5.8279172590995168e-05 | 1
  8,  3 |  -4.9454506521921575e-06 |  -4.9454506521921575e-06 | 1
  8,  4 |   1.8782551327974743e-05 |   1.8782551327974743e-05 | 1
  8,  5 |   1.2241386391593096e-04 |   1.2241386391593096e-04 | 1
  8,  6 |   1.1015388017552115e-03 |   1.1015388017552115e-03 | 1
  8,  7 |  -7.0498877480201414e-04 |  -7.0498877480201414e-04 | 1
  8,  8 |   1.6360454414110208e-03 |   1.6360454414110208e-03 | 1
  8,  9 |   1.4447936368000065e-04 |   1.4447936368000065e-04 | 1
  8, 10 |  -1.4346406892693986e-04 |  -1.4346406892693986e-04 | 1
  8, 11 |  -5.7353064871817818e-04 |  -5.7353064871817818e-04 | 1
  8, 12 |  -5.1110949926894459e-04 |  -5.1110949926894459e-04 | 1
  8, 13 |   2.0563787870964503e-04 |   2.0563787870964503e-04 | 1
  8, 14 |  -3.5100433194177054e-04 |  -3.5100433194177054e-04 | 1
  8, 15 |   2.1830167413225215e-03 |   2.1830167413225215e-03 | 1
  8, 16 |  -3.9050650015809787e-04 |  -3.9050650015809787e-04 | 1
  8, 17 |  -7.1335356429825954e-06 |  -7.1335356429825954e-06 | 1
  8, 18 |  -4.3989451339925054e-06 |  -4.3989451339925054e-06 | 1
  8, 19 |   1.6699456940881582e-06 |   1.6699456940881582e-06 | 1
  8, 20 |   2.9317697248457212e-06 |   2.9317697248457212e-06 | 1
  8, 21 |   3.5032815136046909e-04 |   3.5032815136046909e-04 | 1
  9,  1 |   7.6712942245850151e-06 |   7.6712942245850151e-06 | 1
  9,  2 |   3.3878705977425679e-05 |   3.3878705977425679e-05 | 1
  9,  3 |   4.1542479554364158e-05 |   4.1542479554364158e-05 | 1
  9,  4 |   5.0499239212933416e-05 |   5.0499239212933416e-05 | 1
  9,  5 |   6.7691985547806382e-05 |   6.7691985547806382e-05 | 1
  9,  6 |   3.1515222401786363e-04 |   3.1515222401786363e-04 | 1
  9,  7 |   5.2902277295360108e-06 |   5.2902277295360108e-06 | 1
  9,  8 |   1.4447936368000065e-04 |   1.4447936368000065e-04 | 1
  9,  9 |   1.6757004430320282e-02 |   1.6757004430320282e-02 | 1
  9, 10 |   5.5933389403531218e-05 |   5.5933389403531218e-05 | 1
  9, 11 |  -2.6543047299727472e-05 |  -2.6543047299727472e-05 | 1
  9, 12 |   1.8153512472931181e-05 |   1.8153512472931181e-05 | 1
  9, 13 |   1.3246635735141455e-04 |   1.3246635735141455e-04 | 1
  9, 14 |  -1.6769595550846704e-04 |  -1.6769595550846704e-04 | 1
  9, 15 |   3.7092154127849958e-04 |   3.7092154127849958e-04 | 1
  9, 16 |   5.5800259124737714e-05 |   5.5800259124737714e-05 | 1
  9, 17 |  -1.4628751473715399e-05 |  -1.4628751473715399e-05 | 1
  9, 18 |  -6.9195997932119685e-06 |  -6.9195997932119685e-06 | 1
  9, 19 |  -1.1057642033637481e-05 |  -1.1057642033637481e-05 | 1
  9, 20 |   8.8772202362936795e-06 |   8.8772202362936795e-06 | 1
  9, 21 |   1.6724404049527243e-04 |   1.6724404049527243e-04 | 1
 10,  1 |   1.6448419579498928e-05 |   1.6448419579498928e-05 | 1
 10,  2 |   3.8003013522641660e-05 |   3.8003013522641660e-05 | 1
 10,  3 |   2.0330146634259309e-04 |   2.0330146634259309e-04 | 1
 10,  4 |   2.0120785364179239e-04 |   2.0120785364179239e-04 | 1
 10,  5 |   6.7039426735378851e-05 |   6.7039426735378851e-05 | 1
 10,  6 |  -6.9193433754184675e-04 |  -6.9193433754184675e-04 | 1
 10,  7 |   1.4608611843956610e-03 |   1.4608611843956610e-03 | 1
 10,  8 |  -1.4346406892693986e-04 |  -1.4346406892693986e-04 | 1
 10,  9 |   5.5933389403531218e-05 |   5.5933389403531218e-05 | 1
 10, 10 |   3.1625352329068268e-02 |   3.1625352329068268e-02 | 1
 10, 11 |   1.0208840269625890e-03 |   1.0208840269625890e-03 | 1
 10, 12 |   1.1267326936503456e-03 |   1.1267326936503456e-03 | 1
 10, 13 |   2.4162842557713622e-04 |   2.4162842557713622e-04 | 1
 10, 14 |  -1.3699661028084248e-04 |  -1.3699661028084248e-04 | 1
 10, 15 |  -2.5963152207725752e-03 |  -2.5963152207725752e-03 | 1
 10, 16 |   1.0735039409262817e-03 |   1.0735039409262817e-03 | 1
 10, 17 |  -2.6098758349005696e-05 |  -2.6098758349005696e-05 | 1
 10, 18 |  -2.1431316682472121e-05 |  -2.1431316682472121e-05 | 1
 10, 19 |  -2.0746158584401674e-05 |  -2.0746158584401674e-05 | 1
 10, 20 |   1.8934341274267044e-05 |   1.8934341274267044e-05 | 1
 10, 21 |   1.3615563091289371e-04 |   1.3615563091289371e-04 | 1
 11,  1 |   2.2688067954998159e-05 |   2.2688067954998159e-05 | 1
 11,  2 |   1.4151458134879941e-05 |   1.4151458134879941e-05 | 1
 11,  3 |   3.3371665574591938e-04 |   3.3371665574591938e-04 | 1
 11,  4 |   3.1178200605269906e-04 |   3.1178200605269906e-04 | 1
 11,  5 |   9.2966426236531914e-06 |   9.2966426236531914e-06 | 1
 11,  6 |  -2.0170596848382784e-03 |  -2.0170596848382784e-03 | 1
 11,  7 |   2.9497052124997508e-03 |   2.9497052124997508e-03 | 1
 11,  8 |  -5.7353064871817818e-04 |  -5.7353064871817818e-04 | 1
 11,  9 |  -2.6543047299727472e-05 |  -2.6543047299727472e-05 | 1
 11, 10 |   1.0208840269625890e-03 |   1.0208840269625890e-03 | 1
 11, 11 |   4.0212737458272314e-02 |   4.0212737458272314e-02 | 1
 11, 12 |   2.2444671224707714e-03 |   2.2444671224707714e-03 | 1
 11, 13 |   2.2885059298449430e-04 |   2.2885059298449430e-04 | 1
 11, 14 |   5.7363849098618401e-05 |   5.7363849098618401e-05 | 1
 11, 15 |  -5.9838620601860310e-03 |  -5.9838620601860310e-03 | 1
 11, 16 |   2.0624015454683078e-03 |   2.0624015454683078e-03 | 1
 11, 17 |  -3.5833414733786641e-05 |  -3.5833414733786641e-05 | 1
 11, 18 |  -3.5535299952343465e-05 |  -3.5535299952343465e-05 | 1
 11, 19 |  -2.4139999353610960e-05 |  -2.4139999353610960e-05 | 1
 11, 20 |   2.6215287040819816e-05 |   2.6215287040819816e-05 | 1
 11, 21 |  -5.7896193999144402e-05 |  -5.7896193999144402e-05 | 1
 12,  1 |   1.5763468459783719e-05 |   1.5763468459783719e-05 | 1
 12,  2 |   2.8228919367616902e-05 |   2.8228919367616902e-05 | 1
 12,  3 |   3.7639696569120775e-04 |   3.7639696569120775e-04 | 1
 12,  4 |   3.6258330560520172e-04 |   3.6258330560520172e-04 | 1
 12,  5 |   4.5761168736182766e-05 |   4.5761168736182766e-05 | 1
 12,  6 |  -1.9335959122645651e-03 |  -1.9335959122645651e-03 | 1
 12,  7 |   3.1578221163389214e-03 |   3.1578221163389214e-03 | 1
 12,  8 |  -5.1110949926894459e-04 |  -5.1110949926894459e-04 | 1
 12,  9 |   1.8153512472931181e-05 |   1.8153512472931181e-05 | 1
 12, 10 |   1.1267326936503456e-03 |   1.1267326936503456e-03 | 1
 12, 11 |   2.2444671224707714e-03 |   2.2444671224707714e-03 | 1
 12, 12 |   8.0065274365653649e-03 |   8.0065274365653649e-03 | 1
 12, 13 |   3.4204444227862714e-04 |   3.4204444227862714e-04 | 1
 12, 14 |  -7.6592989777970089e-05 |  -7.6592989777970089e-05 | 1
 12, 15 |  -6.1392008307707482e-03 |  -6.1392008307707482e-03 | 1
 12, 16 |   2.2526283591639967e-03 |   2.2526283591639967e-03 | 1
 12, 17 |  -2.6709984589342953e-05 |  -2.6709984589342953e-05 | 1
 12, 18 |  -2.1400943182247336e-05 |  -2.1400943182247336e-05 | 1
 12, 19 |  -1.8014265482991596e-05 |  -1.8014265482991596e-05 | 1
 12, 20 |   1.8321205743906988e-05 |   1.8321205743906988e-05 | 1
 12, 21 |   7.5752315849483574e-05 |   7.5752315849483574e-05 | 1
 13,  1 |   4.6353754010951435e-06 |   4.6353754010951435e-06 | 1
 13,  2 |   5.8591696525523641e-05 |   5.8591696525523641e-05 | 1
 13,  3 |   1.1753055673910119e-04 |   1.1753055673910119e-04 | 1
 13,  4 |   1.3414081594299252e-04 |   1.3414081594299252e-04 | 1
 13,  5 |   1.2146267624495943e-04 |   1.2146267624495943e-04 | 1
 13,  6 |   3.4002763323048087e-04 |   3.4002763323048087e-04 | 1
 13,  7 |   4.1191926379356865e-04 |   4.1191926379356865e-04 | 1
 13,  8 |   2.0563787870964503e-04 |   2.0563787870964503e-04 | 1
 13,  9 |   1.3246635735141455e-04 |   1.3246635735141455e-04 | 1
 13, 10 |   2.4162842557713622e-04 |   2.4162842557713622e-04 | 1
 13, 11 |   2.2885059298449430e-04 |   2.2885059298449430e-04 | 1
 13, 12 |   3.4204444227862714e-04 |   3.4204444227862714e-04 | 1
 13, 13 |   7.7738151606346773e-03 |   7.7738151606346773e-03 | 1
 13, 14 |  -3.3929098778013770e-04 |  -3.3929098778013770e-04 | 1
 13, 15 |  -8.2627439395271192e-05 |  -8.2627439395271192e-05 | 1
 13, 16 |   3.9465911107091007e-04 |   3.9465911107091007e-04 | 1
 13, 17 |  -9.9458856639389048e-06 |  -9.9458856639389048e-06 | 1
 13, 18 |  -7.9529247458036962e-06 |  -7.9529247458036962e-06 | 1
 13, 19 |  -1.5986085697152972e-06 |  -1.5986085697152972e-06 | 1
 13, 20 |   5.6525360757749854e-06 |   5.6525360757749854e-06 | 1
 13, 21 |   3.3843043575177312e-04 |   3.3843043575177312e-04 | 1
 14,  1 |   7.7912016743912479e-06 |   7.7912016743912479e-06 | 1
 14,  2 |  -1.2400465570397068e-04 |  -1.2400465570397068e-04 | 1
 14,  3 |  -8.6679670086229425e-05 |  -8.6679670086229425e-05 | 1
 14,  4 |  -1.1479631587038699e-04 |  -1.1479631587038699e-04 | 1
 14,  5 |  -1.4072021814323784e-04 |  -1.4072021814323784e-04 | 1
 14,  6 |  -7.5143869118298985e-04 |  -7.5143869118298985e-04 | 1
 14,  7 |  -4.9311329569397600e-05 |  -4.9311329569397600e-05 | 1
 14,  8 |  -3.5100433194177054e-04 |  -3.5100433194177054e-04 | 1
 14,  9 |  -1.6769595550846704e-04 |  -1.6769595550846704e-04 | 1
 14, 10 |  -1.3699661028084248e-04 |  -1.3699661028084248e-04 | 1
 14, 11 |   5.7363849098618401e-05 |   5.7363849098618401e-05 | 1
 14, 12 |  -7.6592989777970089e-05 |  -7.6592989777970089e-05 | 1
 14, 13 |  -3.3929098778013770e-04 |  -3.3929098778013770e-04 | 1
 14, 14 |   4.5590374257017334e-04 |   4.5590374257017334e-04 | 1
 14, 15 |  -8.5191535982318141e-04 |  -8.5191535982318141e-04 | 1
 14, 16 |  -1.7395531427228753e-04 |  -1.7395531427228753e-04 | 1
 14, 17 |  -6.0899532964923660e-06 |  -6.0899532964923660e-06 | 1
 14, 18 |  -1.0786646972946689e-05 |  -1.0786646972946689e-05 | 1
 14, 19 |  -1.8432816551035916e-05 |  -1.8432816551035916e-05 | 1
 14, 20 |   9.1403222977121297e-06 |   9.1403222977121297e-06 | 1
 14, 21 |  -4.5483591244990801e-04 |  -4.5483591244990801e-04 | 1
 15,  1 |  -3.1033264112473481e-05 |  -3.1033264112473481e-05 | 1
 15,  2 |   1.0411447878795296e-04 |   1.0411447878795296e-04 | 1
 15,  3 |  -7.5083124244892116e-04 |  -7.5083124244892116e-04 | 1
 15,  4 |  -6.5481975474442631e-04 |  -6.5481975474442631e-04 | 1
 15,  5 |   2.4964121837199235e-04 |   2.4964121837199235e-04 | 1
 15,  6 |   6.8658624074871980e-03 |   6.8658624074871980e-03 | 1
 15,  7 |  -8.1254305174077619e-03 |  -8.1254305174077619e-03 | 1
 15,  8 |   2.1830167413225215e-03 |   2.1830167413225215e-03 | 1
 15,  9 |   3.7092154127849958e-04 |   3.7092154127849958e-04 | 1
 15, 10 |  -2.5963152207725752e-03 |  -2.5963152207725752e-03 | 1
 15, 11 |  -5.9838620601860310e-03 |  -5.9838620601860310e-03 | 1
 15, 12 |  -6.1392008307707482e-03 |  -6.1392008307707482e-03 | 1
 15, 13 |  -8.2627439395271192e-05 |  -8.2627439395271192e-05 | 1
 15, 14 |  -8.5191535982318141e-04 |  -8.5191535982318141e-04 | 1
 15, 15 |   1.8087184351840299e-02 |   1.8087184351840299e-02 | 1
 15, 16 |  -5.4749651895918284e-03 |  -5.4749651895918284e-03 | 1
 15, 17 |   4.2178349662706235e-05 |   4.2178349662706235e-05 | 1
 15, 18 |   4.2125775534337427e-05 |   4.2125775534337427e-05 | 1
 15, 19 |   4.8798109750433001e-05 |   4.8798109750433001e-05 | 1
 15, 20 |  -3.5968655899098548e-05 |  -3.5968655899098548e-05 | 1
 15, 21 |   8.5143843993138097e-04 |   8.5143843993138097e-04 | 1
 16,  1 |   1.4116090256713519e-05 |   1.4116090256713519e-05 | 1
 16,  2 |   4.1875672345382617e-05 |   4.1875672345382617e-05 | 1
 16,  3 |   3.6926188733214728e-04 |   3.6926188733214728e-04 | 1
 16,  4 |   3.6228842749246813e-04 |   3.6228842749246813e-04 | 1
 16,  5 |   7.6629534432264110e-05 |   7.6629534432264110e-05 | 1
 16,  6 |  -1.6122291820975633e-03 |  -1.6122291820975633e-03 | 1
 16,  7 |   2.9295415189370113e-03 |   2.9295415189370113e-03 | 1
 16,  8 |  -3.9050650015809787e-04 |  -3.9050650015809787e-04 | 1
 16,  9 |   5.5800259124737714e-05 |   5.5800259124737714e-05 | 1
 16, 10 |   1.0735039409262817e-03 |   1.0735039409262817e-03 | 1
 16, 11 |   2.0624015454683078e-03 |   2.0624015454683078e-03 | 1
 16, 12 |   2.2526283591639967e-03 |   2.2526283591639967e-03 | 1
 16, 13 |   3.9465911107091007e-04 |   3.9465911107091007e-04 | 1
 16, 14 |  -1.7395531427228753e-04 |  -1.7395531427228753e-04 | 1
 16, 15 |  -5.4749651895918284e-03 |  -5.4749651895918284e-03 | 1
 16, 16 |   2.2079638871000807e-03 |   2.2079638871000807e-03 | 1
 16, 17 |  -2.3953013956144311e-05 |  -2.3953013956144311e-05 | 1
 16, 18 |  -2.0387824866944944e-05 |  -2.0387824866944944e-05 | 1
 16, 19 |  -1.5120210402766384e-05 |  -1.5120210402766384e-05 | 1
 16, 20 |   1.6513803183080018e-05 |   1.6513803183080018e-05 | 1
 16, 21 |   1.7308099509572640e-04 |   1.7308099509572640e-04 | 1
 17,  1 |  -1.7403809406467786e-05 |  -1.7403809406467786e-05 | 1
 17,  2 |  -1.7332561792082509e-05 |  -1.7332561792082509e-05 | 1
 17,  3 |  -2.0818452100851178e-05 |  -2.0818452100851178e-05 | 1
 17,  4 |  -1.7410769449641512e-05 |  -1.7410769449641512e-05 | 1
 17,  5 |  -2.1570697443818100e-05 |  -2.1570697443818100e-05 | 1
 17,  6 |  -6.0745764604534057e-06 |  -6.0745764604534057e-06 | 1
 17,  7 |  -4.0975470855388885e-05 |  -4.0975470855388885e-05 | 1
 17,  8 |  -7.1335356429825954e-06 |  -7.1335356429825954e-06 | 1
 17,  9 |  -1.4628751473715399e-05 |  -1.4628751473715399e-05 | 1
 17, 10 |  -2.6098758349005696e-05 |  -2.6098758349005696e-05 | 1
 17, 11 |  -3.5833414733786641e-05 |  -3.5833414733786641e-05 | 1
 17, 12 |  -2.6709984589342953e-05 |  -2.6709984589342953e-05 | 1
 17, 13 |  -9.9458856639389048e-06 |  -9.9458856639389048e-06 | 1
 17, 14 |  -6.0899532964923660e-06 |  -6.0899532964923660e-06 | 1
 17, 15 |   4.2178349662706235e-05 |   4.2178349662706235e-05 | 1
 17, 16 |  -2.3953013956144311e-05 |  -2.3953013956144311e-05 | 1
 17, 17 |   3.3496804767033401e-05 |   3.3496804767033401e-05 | 1
 17, 18 |   1.8339452405128267e-05 |   1.8339452405128267e-05 | 1
 17, 19 |   1.8436419480510878e-05 |   1.8436419480510878e-05 | 1
 17, 20 |  -1.9942792426865459e-05 |  -1.9942792426865459e-05 | 1
 17, 21 |   8.0048458299117193e-06 |   8.0048458299117193e-06 | 1
 18,  1 |  -1.6481026734277519e-05 |  -1.6481026734277519e-05 | 1
 18,  2 |  -1.3910684290887352e-05 |  -1.3910684290887352e-05 | 1
 18,  3 |  -2.0451719884545202e-05 |  -2.0451719884545202e-05 | 1
 18,  4 |  -1.4045287809962971e-05 |  -1.4045287809962971e-05 | 1
 18,  5 |  -2.2081199994683616e-05 |  -2.2081199994683616e-05 | 1
 18,  6 |   5.1839537451857010e-06 |   5.1839537451857010e-06 | 1
 18,  7 |  -3.7437407673660964e-05 |  -3.7437407673660964e-05 | 1
 18,  8 |  -4.3989451339925054e-06 |  -4.3989451339925054e-06 | 1
 18,  9 |  -6.9195997932119685e-06 |  -6.9195997932119685e-06 | 1
 18, 10 |  -2.1431316682472121e-05 |  -2.1431316682472121e-05 | 1
 18, 11 |  -3.5535299952343465e-05 |  -3.5535299952343465e-05 | 1
 18, 12 |  -2.1400943182247336e-05 |  -2.1400943182247336e-05 | 1
 18, 13 |  -7.9529247458036962e-06 |  -7.9529247458036962e-06 | 1
 18, 14 |  -1.0786646972946689e-05 |  -1.0786646972946689e-05 | 1
 18, 15 |   4.2125775534337427e-05 |   4.2125775534337427e-05 | 1
 18, 16 |  -2.0387824866944944e-05 |  -2.0387824866944944e-05 | 1
 18, 17 |   1.8339452405128267e-05 |   1.8339452405128267e-05 | 1
 18, 18 |   3.5908011586429674e-05 |   3.5908011586429674e-05 | 1
 18, 19 |   2.1577076915681080e-05 |   2.1577076915681080e-05 | 1
 18, 20 |  -2.0087038004866248e-05 |  -2.0087038004866248e-05 | 1
 18, 21 |   9.8737039117455342e-06 |   9.8737039117455342e-06 | 1
 19,  1 |  -1.7558696828022520e-05 |  -1.7558696828022520e-05 | 1
 19,  2 |  -1.3235985796871713e-05 |  -1.3235985796871713e-05 | 1
 19,  3 |  -1.6708088116026137e-05 |  -1.6708088116026137e-05 | 1
 19,  4 |  -1.2832687158426411e-05 |  -1.2832687158426411e-05 | 1
 19,  5 |  -1.8267867498176463e-05 |  -1.8267867498176463e-05 | 1
 19,  6 |   7.4285666778280141e-06 |   7.4285666778280141e-06 | 1
 19,  7 |  -2.4880269869456506e-05 |  -2.4880269869456506e-05 | 1
 19,  8 |   1.6699456940881582e-06 |   1.6699456940881582e-06 | 1
 19,  9 |  -1.1057642033637481e-05 |  -1.1057642033637481e-05 | 1
 19, 10 |  -2.0746158584401674e-05 |  -2.0746158584401674e-05 | 1
 19, 11 |  -2.4139999353610960e-05 |  -2.4139999353610960e-05 | 1
 19, 12 |  -1.8014265482991596e-05 |  -1.8014265482991596e-05 | 1
 19, 13 |  -1.5986085697152972e-06 |  -1.5986085697152972e-06 | 1
 19, 14 |  -1.8432816551035916e-05 |  -1.8432816551035916e-05 | 1
 19, 15 |   4.8798109750433001e-05 |   4.8798109750433001e-05 | 1
 19, 16 |  -1.5120210402766384e-05 |  -1.5120210402766384e-05 | 1
 19, 17 |   1.8436419480510878e-05 |   1.8436419480510878e-05 | 1
 19, 18 |   2.1577076915681080e-05 |   2.1577076915681080e-05 | 1
 19, 19 |   3.6622402591634071e-05 |   3.6622402591634071e-05 | 1
 19, 20 |  -2.0329653969393742e-05 |  -2.0329653969393742e-05 | 1
 19, 21 |   1.7127720169264407e-05 |   1.7127720169264407e-05 | 1
 20,  1 |   1.3891130708972715e-05 |   1.3891130708972715e-05 | 1
 20,  2 |   1.2102814972091543e-05 |   1.2102814972091543e-05 | 1
 20,  3 |   1.5792289702947542e-05 |   1.5792289702947542e-05 | 1
 20,  4 |   1.2270850408552882e-05 |   1.2270850408552882e-05 | 1
 20,  5 |   1.7115038983974341e-05 |   1.7115038983974341e-05 | 1
 20,  6 |  -1.0316458087364174e-06 |  -1.0316458087364174e-06 | 1
 20,  7 |   2.8635293400022420e-05 |   2.8635293400022420e-05 | 1
 20,  8 |   2.9317697248457212e-06 |   2.9317697248457212e-06 | 1
 20,  9 |   8.8772202362936795e-06 |   8.8772202362936795e-06 | 1
 20, 10 |   1.8934341274267044e-05 |   1.8934341274267044e-05 | 1
 20, 11 |   2.6215287040819816e-05 |   2.6215287040819816e-05 | 1
 20, 12 |   1.8321205743906988e-05 |   1.8321205743906988e-05 | 1
 20, 13 |   5.6525360757749854e-06 |   5.6525360757749854e-06 | 1
 20, 14 |   9.1403222977121297e-06 |   9.1403222977121297e-06 | 1
 20, 15 |  -3.5968655899098548e-05 |  -3.5968655899098548e-05 | 1
 20, 16 |   1.6513803183080018e-05 |   1.6513803183080018e-05 | 1
 20, 17 |  -1.9942792426865459e-05 |  -1.9942792426865459e-05 | 1
 20, 18 |  -2.0087038004866248e-05 |  -2.0087038004866248e-05 | 1
 20, 19 |  -2.0329653969393742e-05 |  -2.0329653969393742e-05 | 1
 20, 20 |   5.6193567940228960e-05 |   5.6193567940228960e-05 | 1
 20, 21 |  -4.7995363646826996e-05 |  -4.7995363646826996e-05 | 1
 21,  1 |  -7.7664483677822702e-06 |  -7.7664483677822702e-06 | 1
 21,  2 |   1.2368178275305253e-04 |   1.2368178275305253e-04 | 1
 21,  3 |   8.6458311730402279e-05 |   8.6458311730402279e-05 | 1
 21,  4 |   1.1421638812592245e-04 |   1.1421638812592245e-04 | 1
 21,  5 |   1.4025797833922075e-04 |   1.4025797833922075e-04 | 1
 21,  6 |   7.4982552582165561e-04 |   7.4982552582165561e-04 | 1
 21,  7 |   4.7881709790287097e-05 |   4.7881709790287097e-05 | 1
 21,  8 |   3.5032815136046909e-04 |   3.5032815136046909e-04 | 1
 21,  9 |   1.6724404049527243e-04 |   1.6724404049527243e-04 | 1
 21, 10 |   1.3615563091289371e-04 |   1.3615563091289371e-04 | 1
 21, 11 |  -5.7896193999144402e-05 |  -5.7896193999144402e-05 | 1
 21, 12 |   7.5752315849483574e-05 |   7.5752315849483574e-05 | 1
 21, 13 |   3.3843043575177312e-04 |   3.3843043575177312e-04 | 1
 21, 14 |  -4.5483591244990801e-04 |  -4.5483591244990801e-04 | 1
 21, 15 |   8.5143843993138097e-04 |   8.5143843993138097e-04 | 1
 21, 16 |   1.7308099509572640e-04 |   1.7308099509572640e-04 | 1
 21, 17 |   8.0048458299117193e-06 |   8.0048458299117193e-06 | 1
 21, 18 |   9.8737039117455342e-06 |   9.8737039117455342e-06 | 1
 21, 19 |   1.7127720169264407e-05 |   1.7127720169264407e-05 | 1
 21, 20 |  -4.7995363646826996e-05 |  -4.7995363646826996e-05 | 1
 21, 21 |   5.3905277087857033e-04 |   5.3905277087857033e-04 | 1
