row,col | V_base                   | V_new                    | equal
  1,  1 |   4.0423975037497551e-04 |   4.0423975037497551e-04 | 1
  1,  2 |   1.6519462262719283e-03 |   1.6519462262719283e-03 | 1
  1,  3 |   2.7756585184973031e-04 |   2.7756585184973031e-04 | 1
  1,  4 |   1.4614865120748821e-04 |   1.4614865120748821e-04 | 1
  1,  5 |  -3.2374796137823092e-04 |  -3.2374796137823092e-04 | 1
  1,  6 |   5.0512313381711931e-05 |   5.0512313381711931e-05 | 1
  2,  1 |   1.6519462262719283e-03 |   1.6519462262719283e-03 | 1
  2,  2 |   1.4651339948651306e-02 |   1.4651339948651306e-02 | 1
  2,  3 |   1.4702259917416458e-03 |   1.4702259917416458e-03 | 1
  2,  4 |   8.1449202293613259e-04 |   8.1449202293613259e-04 | 1
  2,  5 |  -4.3084101654653987e-03 |  -4.3084101654653987e-03 | 1
  2,  6 |  -4.5048657100333234e-04 |  -4.5048657100333234e-04 | 1
  3,  1 |   2.7756585184973031e-04 |   2.7756585184973031e-04 | 1
  3,  2 |   1.4702259917416458e-03 |   1.4702259917416458e-03 | 1
  3,  3 |   7.9933408505943292e-03 |   7.9933408505943292e-03 | 1
  3,  4 |   1.7515838181754906e-04 |   1.7515838181754906e-04 | 1
  3,  5 |  -1.5594745748954056e-04 |  -1.5594745748954056e-04 | 1
  3,  6 |   1.3303904300197166e-04 |   1.3303904300197166e-04 | 1
  4,  1 |   1.4614865120748821e-04 |   1.4614865120748821e-04 | 1
  4,  2 |   8.1449202293613259e-04 |   8.1449202293613259e-04 | 1
  4,  3 |   1.7515838181754906e-04 |   1.7515838181754906e-04 | 1
  4,  4 |   3.3020899118992209e-03 |   3.3020899118992209e-03 | 1
  4,  5 |  -9.0910671552287217e-05 |  -9.0910671552287217e-05 | 1
  4,  6 |   6.8223925502015643e-05 |   6.8223925502015643e-05 | 1
  5,  1 |  -3.2374796137823092e-04 |  -3.2374796137823092e-04 | 1
  5,  2 |  -4.3084101654653987e-03 |  -4.3084101654653987e-03 | 1
  5,  3 |  -1.5594745748954056e-04 |  -1.5594745748954056e-04 | 1
  5,  4 |  -9.0910671552287217e-05 |  -9.0910671552287217e-05 | 1
  5,  5 |   3.9085102661891415e-03 |   3.9085102661891415e-03 | 1
  5,  6 |   3.9268804023137897e-04 |   3.9268804023137897e-04 | 1
  6,  1 |   5.0512313381711931e-05 |   5.0512313381711931e-05 | 1
  6,  2 |  -4.5048657100333234e-04 |  -4.5048657100333234e-04 | 1
  6,  3 |   1.3303904300197166e-04 |   1.3303904300197166e-04 | 1
  6,  4 |   6.8223925502015643e-05 |   6.8223925502015643e-05 | 1
  6,  5 |   3.9268804023137897e-04 |   3.9268804023137897e-04 | 1
  6,  6 |   3.4988106446406339e-04 |   3.4988106446406339e-04 | 1
