row,col | V_base                   | V_new                    | equal
  1,  1 |   4.1941045280813295e-04 |   4.1941045280813295e-04 | 1
  1,  2 |   1.1976727004998897e-04 |   1.1976727004998897e-04 | 1
  1,  3 |   3.8567663817593717e-04 |   3.8567663817593717e-04 | 1
  1,  4 |   1.9843663375069192e-04 |   1.9843663375069192e-04 | 1
  1,  5 |   3.6859836018098067e-04 |   3.6859836018098067e-04 | 1
  1,  6 |   2.8147612386193347e-04 |   2.8147612386193347e-04 | 1
  1,  7 |   2.6228249094665043e-04 |   2.6228249094665043e-04 | 1
  1,  8 |   4.2558995484055025e-04 |   4.2558995484055025e-04 | 1
  1,  9 |   3.4486597381357912e-04 |   3.4486597381357912e-04 | 1
  1, 10 |  -1.4034582426627015e-04 |  -1.4034582426627015e-04 | 1
  1, 11 |   1.1642414520272401e-04 |   1.1642414520272401e-04 | 1
  1, 12 |   8.0376775147452176e-04 |   8.0376775147452176e-04 | 1
  1, 13 |   6.0163975871498380e-04 |   6.0163975871498380e-04 | 1
  1, 14 |   5.2672313511697305e-04 |   5.2672313511697305e-04 | 1
  1, 15 |   1.8559422254182866e-04 |   1.8559422254182866e-04 | 1
  1, 16 |   3.6676924620924491e-04 |   3.6676924620924491e-04 | 1
  1, 17 |   2.2823059939131943e-04 |   2.2823059939131943e-04 | 1
  1, 18 |   4.4280690411746965e-04 |   4.4280690411746965e-04 | 1
  1, 19 |   2.0491492626914070e-04 |   2.0491492626914070e-04 | 1
  1, 20 |   3.9943518088451788e-04 |   3.9943518088451788e-04 | 1
  1, 21 |  -1.1147836708490247e-04 |  -1.1147836708490247e-04 | 1
  1, 22 |   3.2022731935543659e-04 |   3.2022731935543659e-04 | 1
  1, 23 |   1.3454746776222235e-04 |   1.3454746776222235e-04 | 1
  1, 24 |   1.7979650861291234e-04 |   1.7979650861291234e-04 | 1
  1, 25 |   2.7401410853774416e-04 |   2.7401410853774416e-04 | 1
  1, 26 |  -6.0556632292859346e-04 |  -6.0556632292859346e-04 | 1
  1, 27 |  -7.0711576737779409e-05 |  -7.0711576737779409e-05 | 1
  1, 28 |   3.4289991525108512e-04 |   3.4289991525108512e-04 | 1
  1, 29 |  -8.4814617251962275e-05 |  -8.4814617251962275e-05 | 1
  1, 30 |  -1.8555361956490400e-04 |  -1.8555361956490400e-04 | 1
  2,  1 |   1.1976727004998897e-04 |   1.1976727004998897e-04 | 1
  2,  2 |   8.2500074741237038e-04 |   8.2500074741237038e-04 | 1
  2,  3 |   1.2261426865531141e-04 |   1.2261426865531141e-04 | 1
  2,  4 |   1.9600719913186166e-04 |   1.9600719913186166e-04 | 1
  2,  5 |   1.0564314696929380e-04 |   1.0564314696929380e-04 | 1
  2,  6 |   2.1075187452799799e-04 |   2.1075187452799799e-04 | 1
  2,  7 |   2.3335266969096716e-04 |   2.3335266969096716e-04 | 1
  2,  8 |   7.0230296704205892e-05 |   7.0230296704205892e-05 | 1
  2,  9 |   2.3205191867838574e-04 |   2.3205191867838574e-04 | 1
  2, 10 |   6.5258175318199979e-04 |   6.5258175318199979e-04 | 1
  2, 11 |   3.7322993897025895e-04 |   3.7322993897025895e-04 | 1
  2, 12 |  -2.1787336187937162e-04 |  -2.1787336187937162e-04 | 1
  2, 13 |  -5.5593719034166078e-05 |  -5.5593719034166078e-05 | 1
  2, 14 |   3.6315873303733741e-04 |   3.6315873303733741e-04 | 1
  2, 15 |   3.2112023230201870e-04 |   3.2112023230201870e-04 | 1
  2, 16 |   1.1840176197551774e-04 |   1.1840176197551774e-04 | 1
  2, 17 |   2.1991272880080004e-04 |   2.1991272880080004e-04 | 1
  2, 18 |   1.1081513295258223e-04 |   1.1081513295258223e-04 | 1
  2, 19 |   2.8261493092337391e-04 |   2.8261493092337391e-04 | 1
  2, 20 |   5.9336909236766704e-05 |   5.9336909236766704e-05 | 1
  2, 21 |   5.8063799336958999e-04 |   5.8063799336958999e-04 | 1
  2, 22 |   1.4089268778776741e-04 |   1.4089268778776741e-04 | 1
  2, 23 |   3.6905821240744088e-04 |   3.6905821240744088e-04 | 1
  2, 24 |   3.0266623398284871e-04 |   3.0266623398284871e-04 | 1
  2, 25 |   1.8493751002291603e-04 |   1.8493751002291603e-04 | 1
  2, 26 |   1.0543109334309993e-03 |   1.0543109334309993e-03 | 1
  2, 27 |   5.3463965619884543e-04 |   5.3463965619884543e-04 | 1
  2, 28 |   1.6391543014794389e-04 |   1.6391543014794389e-04 | 1
  2, 29 |   5.3502929980909749e-04 |   5.3502929980909749e-04 | 1
  2, 30 |   6.3905877748192223e-04 |   6.3905877748192223e-04 | 1
  3,  1 |   3.8567663817593717e-04 |   3.8567663817593717e-04 | 1
  3,  2 |   1.2261426865531141e-04 |   1.2261426865531141e-04 | 1
  3,  3 |   4.7772302105247692e-04 |   4.7772302105247692e-04 | 1
  3,  4 |   2.0721657625596041e-04 |   2.0721657625596041e-04 | 1
  3,  5 |   3.8602089758775526e-04 |   3.8602089758775526e-04 | 1
  3,  6 |   2.9419249094907640e-04 |   2.9419249094907640e-04 | 1
  3,  7 |   2.7341440396373468e-04 |   2.7341440396373468e-04 | 1
  3,  8 |   4.4639790777474937e-04 |   4.4639790777474937e-04 | 1
  3,  9 |   3.6060451229149985e-04 |   3.6060451229149985e-04 | 1
  3, 10 |  -1.5254076495599075e-04 |  -1.5254076495599075e-04 | 1
  3, 11 |   1.1835421845765298e-04 |   1.1835421845765298e-04 | 1
  3, 12 |   8.4614941300568329e-04 |   8.4614941300568329e-04 | 1
  3, 13 |   6.3264652699143416e-04 |   6.3264652699143416e-04 | 1
  3, 14 |   5.4899631608945837e-04 |   5.4899631608945837e-04 | 1
  3, 15 |   1.9219004875595583e-04 |   1.9219004875595583e-04 | 1
  3, 16 |   3.8423734207061082e-04 |   3.8423734207061082e-04 | 1
  3, 17 |   2.3705066688366148e-04 |   2.3705066688366148e-04 | 1
  3, 18 |   4.6381756633957424e-04 |   4.6381756633957424e-04 | 1
  3, 19 |   2.1271275508232988e-04 |   2.1271275508232988e-04 | 1
  3, 20 |   4.1886096098638347e-04 |   4.1886096098638347e-04 | 1
  3, 21 |  -1.2218807851176525e-04 |  -1.2218807851176525e-04 | 1
  3, 22 |   3.3536495459960704e-04 |   3.3536495459960704e-04 | 1
  3, 23 |   1.3812411475745516e-04 |   1.3812411475745516e-04 | 1
  3, 24 |   1.8593379935003023e-04 |   1.8593379935003023e-04 | 1
  3, 25 |   2.8544279069462816e-04 |   2.8544279069462816e-04 | 1
  3, 26 |  -6.4618993601295673e-04 |  -6.4618993601295673e-04 | 1
  3, 27 |  -7.9196742891550880e-05 |  -7.9196742891550880e-05 | 1
  3, 28 |   3.5865174362033792e-04 |   3.5865174362033792e-04 | 1
  3, 29 |  -9.4065382639360574e-05 |  -9.4065382639360574e-05 | 1
  3, 30 |  -2.0050831500028783e-04 |  -2.0050831500028783e-04 | 1
  4,  1 |   1.9843663375069192e-04 |   1.9843663375069192e-04 | 1
  4,  2 |   1.9600719913186166e-04 |   1.9600719913186166e-04 | 1
  4,  3 |   2.0721657625596041e-04 |   2.0721657625596041e-04 | 1
  4,  4 |   1.3621786765454361e-03 |   1.3621786765454361e-03 | 1
  4,  5 |   1.9301261678673893e-04 |   1.9301261678673893e-04 | 1
  4,  6 |   2.0553823646802903e-04 |   2.0553823646802903e-04 | 1
  4,  7 |   2.0979695203411240e-04 |   2.0979695203411240e-04 | 1
  4,  8 |   1.9959959530756015e-04 |   1.9959959530756015e-04 | 1
  4,  9 |   2.4400017028232578e-04 |   2.4400017028232578e-04 | 1
  4, 10 |   2.4722358290237847e-04 |   2.4722358290237847e-04 | 1
  4, 11 |   2.1493362001934860e-04 |   2.1493362001934860e-04 | 1
  4, 12 |   2.1694145005308574e-04 |   2.1694145005308574e-04 | 1
  4, 13 |   2.1078188800369293e-04 |   2.1078188800369293e-04 | 1
  4, 14 |   3.7216801450244035e-04 |   3.7216801450244035e-04 | 1
  4, 15 |   2.1875836966496378e-04 |   2.1875836966496378e-04 | 1
  4, 16 |   1.9846141030866989e-04 |   1.9846141030866989e-04 | 1
  4, 17 |   1.8926123456169388e-04 |   1.8926123456169388e-04 | 1
  4, 18 |   2.2433967431731059e-04 |   2.2433967431731059e-04 | 1
  4, 19 |   2.0837216315011323e-04 |   2.0837216315011323e-04 | 1
  4, 20 |   1.8608826270444625e-04 |   1.8608826270444625e-04 | 1
  4, 21 |   2.2342157665488965e-04 |   2.2342157665488965e-04 | 1
  4, 22 |   1.9337734585940871e-04 |   1.9337734585940871e-04 | 1
  4, 23 |   2.2257895646824152e-04 |   2.2257895646824152e-04 | 1
  4, 24 |   2.0819786771983248e-04 |   2.0819786771983248e-04 | 1
  4, 25 |   1.9222148913792587e-04 |   1.9222148913792587e-04 | 1
  4, 26 |   2.4101054493515912e-04 |   2.4101054493515912e-04 | 1
  4, 27 |   2.1515556131481572e-04 |   2.1515556131481572e-04 | 1
  4, 28 |   2.0980029198439484e-04 |   2.0980029198439484e-04 | 1
  4, 29 |   2.1174934813211467e-04 |   2.1174934813211467e-04 | 1
  4, 30 |   2.1823998522710442e-04 |   2.1823998522710442e-04 | 1
  5,  1 |   3.6859836018098067e-04 |   3.6859836018098067e-04 | 1
  5,  2 |   1.0564314696929380e-04 |   1.0564314696929380e-04 | 1
  5,  3 |   3.8602089758775526e-04 |   3.8602089758775526e-04 | 1
  5,  4 |   1.9301261678673893e-04 |   1.9301261678673893e-04 | 1
  5,  5 |   1.2732186962357917e-03 |   1.2732186962357917e-03 | 1
  5,  6 |   2.7476265030782832e-04 |   2.7476265030782832e-04 | 1
  5,  7 |   2.5521829406227332e-04 |   2.5521829406227332e-04 | 1
  5,  8 |   4.2945389980421919e-04 |   4.2945389980421919e-04 | 1
  5,  9 |   3.3990387174033933e-04 |   3.3990387174033933e-04 | 1
  5, 10 |  -1.7646631668884977e-04 |  -1.7646631668884977e-04 | 1
  5, 11 |   9.9883676123289726e-05 |   9.9883676123289726e-05 | 1
  5, 12 |   8.2901050993245914e-04 |   8.2901050993245914e-04 | 1
  5, 13 |   6.1438956466751459e-04 |   6.1438956466751459e-04 | 1
  5, 14 |   5.1445621681404593e-04 |   5.1445621681404593e-04 | 1
  5, 15 |   1.7217666040280732e-04 |   1.7217666040280732e-04 | 1
  5, 16 |   3.6678331254397516e-04 |   3.6678331254397516e-04 | 1
  5, 17 |   2.2108422926449847e-04 |   2.2108422926449847e-04 | 1
  5, 18 |   4.4541195227744916e-04 |   4.4541195227744916e-04 | 1
  5, 19 |   1.9326693951988666e-04 |   1.9326693951988666e-04 | 1
  5, 20 |   4.0423557522441435e-04 |   4.0423557522441435e-04 | 1
  5, 21 |  -1.4253475191675704e-04 |  -1.4253475191675704e-04 | 1
  5, 22 |   3.2023109518964629e-04 |   3.2023109518964629e-04 | 1
  5, 23 |   1.1808170883340249e-04 |   1.1808170883340249e-04 | 1
  5, 24 |   1.6747418013316661e-04 |   1.6747418013316661e-04 | 1
  5, 25 |   2.6930904886164869e-04 |   2.6930904886164869e-04 | 1
  5, 26 |  -6.6944340499835856e-04 |  -6.6944340499835856e-04 | 1
  5, 27 |  -1.0041527258027627e-04 |  -1.0041527258027627e-04 | 1
  5, 28 |   3.4053535858422014e-04 |   3.4053535858422014e-04 | 1
  5, 29 |  -1.1345208354005454e-04 |  -1.1345208354005454e-04 | 1
  5, 30 |  -2.2181099823912780e-04 |  -2.2181099823912780e-04 | 1
  6,  1 |   2.8147612386193347e-04 |   2.8147612386193347e-04 | 1
  6,  2 |   2.1075187452799799e-04 |   2.1075187452799799e-04 | 1
  6,  3 |   2.9419249094907640e-04 |   2.9419249094907640e-04 | 1
  6,  4 |   2.0553823646802903e-04 |   2.0553823646802903e-04 | 1
  6,  5 |   2.7476265030782832e-04 |   2.7476265030782832e-04 | 1
  6,  6 |   1.2118445619882208e-03 |   1.2118445619882208e-03 | 1
  6,  7 |   2.6182932488192777e-04 |   2.6182932488192777e-04 | 1
  6,  8 |   2.9786302146750355e-04 |   2.9786302146750355e-04 | 1
  6,  9 |   3.1347772467359288e-04 |   3.1347772467359288e-04 | 1
  6, 10 |   1.8229453671133298e-04 |   1.8229453671133298e-04 | 1
  6, 11 |   2.2726638059320685e-04 |   2.2726638059320685e-04 | 1
  6, 12 |   4.1770801647511644e-04 |   4.1770801647511644e-04 | 1
  6, 13 |   3.5707358973025634e-04 |   3.5707358973025634e-04 | 1
  6, 14 |   4.7847991679571592e-04 |   4.7847991679571592e-04 | 1
  6, 15 |   2.5022140935473226e-04 |   2.5022140935473226e-04 | 1
  6, 16 |   2.8055161072399279e-04 |   2.8055161072399279e-04 | 1
  6, 17 |   2.3397610228602698e-04 |   2.3397610228602698e-04 | 1
  6, 18 |   3.2531421566390828e-04 |   3.2531421566390828e-04 | 1
  6, 19 |   2.4547818155700271e-04 |   2.4547818155700271e-04 | 1
  6, 20 |   2.7535296812712553e-04 |   2.7535296812712553e-04 | 1
  6, 21 |   1.7049757607792547e-04 |   1.7049757607792547e-04 | 1
  6, 22 |   2.6058291869374687e-04 |   2.6058291869374687e-04 | 1
  6, 23 |   2.3737611343668314e-04 |   2.3737611343668314e-04 | 1
  6, 24 |   2.3802584014103768e-04 |   2.3802584014103768e-04 | 1
  6, 25 |   2.4969281635592555e-04 |   2.4969281635592555e-04 | 1
  6, 26 |   5.1277534933674211e-05 |   5.1277534933674211e-05 | 1
  6, 27 |   1.7678320802923334e-04 |   1.7678320802923334e-04 | 1
  6, 28 |   2.8451103623727153e-04 |   2.8451103623727153e-04 | 1
  6, 29 |   1.6746690008151416e-04 |   1.6746690008151416e-04 | 1
  6, 30 |   1.4691668220014688e-04 |   1.4691668220014688e-04 | 1
  7,  1 |   2.6228249094665043e-04 |   2.6228249094665043e-04 | 1
  7,  2 |   2.3335266969096716e-04 |   2.3335266969096716e-04 | 1
  7,  3 |   2.7341440396373468e-04 |   2.7341440396373468e-04 | 1
  7,  4 |   2.0979695203411240e-04 |   2.0979695203411240e-04 | 1
  7,  5 |   2.5521829406227332e-04 |   2.5521829406227332e-04 | 1
  7,  6 |   2.6182932488192777e-04 |   2.6182932488192777e-04 | 1
  7,  7 |   3.5762799294294934e-04 |   3.5762799294294934e-04 | 1
  7,  8 |   2.6829871342500401e-04 |   2.6829871342500401e-04 | 1
  7,  9 |   3.0798705808720152e-04 |   3.0798705808720152e-04 | 1
  7, 10 |   2.6062975945383734e-04 |   2.6062975945383734e-04 | 1
  7, 11 |   2.5529682977802224e-04 |   2.5529682977802224e-04 | 1
  7, 12 |   3.2580027691007224e-04 |   3.2580027691007224e-04 | 1
  7, 13 |   2.9940190081117476e-04 |   2.9940190081117476e-04 | 1
  7, 14 |   4.7155976018497712e-04 |   4.7155976018497712e-04 | 1
  7, 15 |   2.6686937191140270e-04 |   2.6686937191140270e-04 | 1
  7, 16 |   2.6072966132475799e-04 |   2.6072966132475799e-04 | 1
  7, 17 |   2.3696133472555104e-04 |   2.3696133472555104e-04 | 1
  7, 18 |   2.9845719860007033e-04 |   2.9845719860007033e-04 | 1
  7, 19 |   2.5679722231668314e-04 |   2.5679722231668314e-04 | 1
  7, 20 |   2.4811386498484992e-04 |   2.4811386498484992e-04 | 1
  7, 21 |   2.3913086584211464e-04 |   2.3913086584211464e-04 | 1
  7, 22 |   2.4800585200564283e-04 |   2.4800585200564283e-04 | 1
  7, 23 |   2.6354878150239741e-04 |   2.6354878150239741e-04 | 1
  7, 24 |   2.5359595609515673e-04 |   2.5359595609515673e-04 | 1
  7, 25 |   2.4417983132266150e-04 |   2.4417983132266150e-04 | 1
  7, 26 |   2.1256889214748040e-04 |   2.1256889214748040e-04 | 1
  7, 27 |   2.3637581811024075e-04 |   2.3637581811024075e-04 | 1
  7, 28 |   2.7123147790996017e-04 |   2.7123147790996017e-04 | 1
  7, 29 |   2.2944222890811566e-04 |   2.2944222890811566e-04 | 1
  7, 30 |   2.2786153816284241e-04 |   2.2786153816284241e-04 | 1
  8,  1 |   4.2558995484055025e-04 |   4.2558995484055025e-04 | 1
  8,  2 |   7.0230296704205892e-05 |   7.0230296704205892e-05 | 1
  8,  3 |   4.4639790777474937e-04 |   4.4639790777474937e-04 | 1
  8,  4 |   1.9959959530756015e-04 |   1.9959959530756015e-04 | 1
  8,  5 |   4.2945389980421919e-04 |   4.2945389980421919e-04 | 1
  8,  6 |   2.9786302146750355e-04 |   2.9786302146750355e-04 | 1
  8,  7 |   2.6829871342500401e-04 |   2.6829871342500401e-04 | 1
  8,  8 |   9.1829535651290835e-04 |   9.1829535651290835e-04 | 1
  8,  9 |   3.7051929372083436e-04 |   3.7051929372083436e-04 | 1
  8, 10 |  -3.2564681762352858e-04 |  -3.2564681762352858e-04 | 1
  8, 11 |   5.4817046696773754e-05 |   5.4817046696773754e-05 | 1
  8, 12 |   1.0423203960937346e-03 |   1.0423203960937346e-03 | 1
  8, 13 |   7.5541454548602076e-04 |   7.5541454548602076e-04 | 1
  8, 14 |   5.6194461280047224e-04 |   5.6194461280047224e-04 | 1
  8, 15 |   1.5330502252314194e-04 |   1.5330502252314194e-04 | 1
  8, 16 |   4.2446273900389889e-04 |   4.2446273900389889e-04 | 1
  8, 17 |   2.2863330398328240e-04 |   2.2863330398328240e-04 | 1
  8, 18 |   5.1968186680465423e-04 |   5.1968186680465423e-04 | 1
  8, 19 |   1.8563178017590461e-04 |   1.8563178017590461e-04 | 1
  8, 20 |   4.7845436174875889e-04 |   4.7845436174875889e-04 | 1
  8, 21 |  -2.7444802401830281e-04 |  -2.7444802401830281e-04 | 1
  8, 22 |   3.6101081586143791e-04 |   3.6101081586143791e-04 | 1
  8, 23 |   7.8867113893460258e-05 |   7.8867113893460258e-05 | 1
  8, 24 |   1.5007433903509789e-04 |   1.5007433903509789e-04 | 1
  8, 25 |   2.9346798170141954e-04 |   2.9346798170141954e-04 | 1
  8, 26 |  -9.9603661627386923e-04 |  -9.9603661627386923e-04 | 1
  8, 27 |  -2.1340207805212367e-04 |  -2.1340207805212367e-04 | 1
  8, 28 |   3.8435110227688039e-04 |   3.8435110227688039e-04 | 1
  8, 29 |  -2.3053189328346637e-04 |  -2.3053189328346637e-04 | 1
  8, 30 |  -3.7922968060611408e-04 |  -3.7922968060611408e-04 | 1
  9,  1 |   3.4486597381357912e-04 |   3.4486597381357912e-04 | 1
  9,  2 |   2.3205191867838574e-04 |   2.3205191867838574e-04 | 1
  9,  3 |   3.6060451229149985e-04 |   3.6060451229149985e-04 | 1
  9,  4 |   2.4400017028232578e-04 |   2.4400017028232578e-04 | 1
  9,  5 |   3.3990387174033933e-04 |   3.3990387174033933e-04 | 1
  9,  6 |   3.1347772467359288e-04 |   3.1347772467359288e-04 | 1
  9,  7 |   3.0798705808720152e-04 |   3.0798705808720152e-04 | 1
  9,  8 |   3.7051929372083436e-04 |   3.7051929372083436e-04 | 1
  9,  9 |   1.1631835903383172e-03 |   1.1631835903383172e-03 | 1
  9, 10 |   1.6011227382325586e-04 |   1.6011227382325586e-04 | 1
  9, 11 |   2.4810078967180192e-04 |   2.4810078967180192e-04 | 1
  9, 12 |   5.5532495325089862e-04 |   5.5532495325089862e-04 | 1
  9, 13 |   4.5997989003468127e-04 |   4.5997989003468127e-04 | 1
  9, 14 |   5.6611750602404243e-04 |   5.6611750602404243e-04 | 1
  9, 15 |   2.8290475355141750e-04 |   2.8290475355141750e-04 | 1
  9, 16 |   3.4367207147532539e-04 |   3.4367207147532539e-04 | 1
  9, 17 |   2.7275805844486679e-04 |   2.7275805844486679e-04 | 1
  9, 18 |   4.0150799579703419e-04 |   4.0150799579703419e-04 | 1
  9, 19 |   2.8215954955758827e-04 |   2.8215954955758827e-04 | 1
  9, 20 |   3.4493969250700064e-04 |   3.4493969250700064e-04 | 1
  9, 21 |   1.5225697137995567e-04 |   1.5225697137995567e-04 | 1
  9, 22 |   3.1730945056564360e-04 |   3.1730945056564360e-04 | 1
  9, 23 |   2.6237676684987520e-04 |   2.6237676684987520e-04 | 1
  9, 24 |   2.6950291168826115e-04 |   2.6950291168826115e-04 | 1
  9, 25 |   2.9592765427485107e-04 |   2.9592765427485107e-04 | 1
  9, 26 |  -4.8601565641768319e-05 |  -4.8601565641768319e-05 | 1
  9, 27 |   1.6498610511894707e-04 |   1.6498610511894707e-04 | 1
  9, 28 |   3.4351131646962222e-04 |   3.4351131646962222e-04 | 1
  9, 29 |   1.5376159599803159e-04 |   1.5376159599803159e-04 | 1
  9, 30 |   1.1655985729335843e-04 |   1.1655985729335843e-04 | 1
 10,  1 |  -1.4034582426627015e-04 |  -1.4034582426627015e-04 | 1
 10,  2 |   6.5258175318199979e-04 |   6.5258175318199979e-04 | 1
 10,  3 |  -1.5254076495599075e-04 |  -1.5254076495599075e-04 | 1
 10,  4 |   2.4722358290237847e-04 |   2.4722358290237847e-04 | 1
 10,  5 |  -1.7646631668884977e-04 |  -1.7646631668884977e-04 | 1
 10,  6 |   1.8229453671133298e-04 |   1.8229453671133298e-04 | 1
 10,  7 |   2.6062975945383734e-04 |   2.6062975945383734e-04 | 1
 10,  8 |  -3.2564681762352858e-04 |  -3.2564681762352858e-04 | 1
 10,  9 |   1.6011227382325586e-04 |   1.6011227382325586e-04 | 1
 10, 10 |   1.7634979514377241e-03 |   1.7634979514377241e-03 | 1
 10, 11 |   7.6777878913763024e-04 |   7.6777878913763024e-04 | 1
 10, 12 |  -1.4704889273238920e-03 |  -1.4704889273238920e-03 | 1
 10, 13 |  -8.3563655409120831e-04 |  -8.3563655409120831e-04 | 1
 10, 14 |   2.7943568903962426e-04 |   2.7943568903962426e-04 | 1
 10, 15 |   5.6538540086754864e-04 |   5.6538540086754864e-04 | 1
 10, 16 |  -1.3984397173584715e-04 |  -1.3984397173584715e-04 | 1
 10, 17 |   2.6787905934018224e-04 |   2.6787905934018224e-04 | 1
 10, 18 |  -2.4694697340281213e-04 |  -2.4694697340281213e-04 | 1
 10, 19 |   4.4835177488167281e-04 |   4.4835177488167281e-04 | 1
 10, 20 |  -3.2204101913241106e-04 |  -3.2204101913241106e-04 | 1
 10, 21 |   1.5462193821919070e-03 |   1.5462193821919070e-03 | 1
 10, 22 |  -3.1799358560999256e-05 |  -3.1799358560999256e-05 | 1
 10, 23 |   7.4265522138287627e-04 |   7.4265522138287627e-04 | 1
 10, 24 |   5.2478588008214068e-04 |   5.2478588008214068e-04 | 1
 10, 25 |   1.3186919540122976e-04 |   1.3186919540122976e-04 | 1
 10, 26 |   3.2719868926040013e-03 |   3.2719868926040013e-03 | 1
 10, 27 |   1.3853970064454926e-03 |   1.3853970064454926e-03 | 1
 10, 28 |  -1.3941649600901371e-06 |  -1.3941649600901371e-06 | 1
 10, 29 |   1.4042230252491066e-03 |   1.4042230252491066e-03 | 1
 10, 30 |   1.7717447870450125e-03 |   1.7717447870450125e-03 | 1
 11,  1 |   1.1642414520272401e-04 |   1.1642414520272401e-04 | 1
 11,  2 |   3.7322993897025895e-04 |   3.7322993897025895e-04 | 1
 11,  3 |   1.1835421845765298e-04 |   1.1835421845765298e-04 | 1
 11,  4 |   2.1493362001934860e-04 |   2.1493362001934860e-04 | 1
 11,  5 |   9.9883676123289726e-05 |   9.9883676123289726e-05 | 1
 11,  6 |   2.2726638059320685e-04 |   2.2726638059320685e-04 | 1
 11,  7 |   2.5529682977802224e-04 |   2.5529682977802224e-04 | 1
 11,  8 |   5.4817046696773754e-05 |   5.4817046696773754e-05 | 1
 11,  9 |   2.4810078967180192e-04 |   2.4810078967180192e-04 | 1
 11, 10 |   7.6777878913763024e-04 |   7.6777878913763024e-04 | 1
 11, 11 |   1.0492817907138028e-03 |   1.0492817907138028e-03 | 1
 11, 12 |  -3.0515421290060429e-04 |  -3.0515421290060429e-04 | 1
 11, 13 |  -1.0360077244253767e-04 |  -1.0360077244253767e-04 | 1
 11, 14 |   3.8948909392204096e-04 |   3.8948909392204096e-04 | 1
 11, 15 |   3.6234202984439484e-04 |   3.6234202984439484e-04 | 1
 11, 16 |   1.1458992007893773e-04 |   1.1458992007893773e-04 | 1
 11, 17 |   2.4286241214695642e-04 |   2.4286241214695642e-04 | 1
 11, 18 |   1.0141448004993923e-04 |   1.0141448004993923e-04 | 1
 11, 19 |   3.1626496121611264e-04 |   3.1626496121611264e-04 | 1
 11, 20 |   4.4163144270088196e-05 |   4.4163144270088196e-05 | 1
 11, 21 |   6.8375217873532465e-04 |   6.8375217873532465e-04 | 1
 11, 22 |   1.4366317260629217e-04 |   1.4366317260629217e-04 | 1
 11, 23 |   4.2131943321935044e-04 |   4.2131943321935044e-04 | 1
 11, 24 |   3.4189960153426782e-04 |   3.4189960153426782e-04 | 1
 11, 25 |   1.9900534163000882e-04 |   1.9900534163000882e-04 | 1
 11, 26 |   1.2687784075908295e-03 |   1.2687784075908295e-03 | 1
 11, 27 |   6.2794904521066945e-04 |   6.2794904521066945e-04 | 1
 11, 28 |   1.6947022110405056e-04 |   1.6947022110405056e-04 | 1
 11, 29 |   6.2929417587135987e-04 |   6.2929417587135987e-04 | 1
 11, 30 |   7.5699056525247257e-04 |   7.5699056525247257e-04 | 1
 12,  1 |   8.0376775147452176e-04 |   8.0376775147452176e-04 | 1
 12,  2 |  -2.1787336187937162e-04 |  -2.1787336187937162e-04 | 1
 12,  3 |   8.4614941300568329e-04 |   8.4614941300568329e-04 | 1
 12,  4 |   2.1694145005308574e-04 |   2.1694145005308574e-04 | 1
 12,  5 |   8.2901050993245914e-04 |   8.2901050993245914e-04 | 1
 12,  6 |   4.1770801647511644e-04 |   4.1770801647511644e-04 | 1
 12,  7 |   3.2580027691007224e-04 |   3.2580027691007224e-04 | 1
 12,  8 |   1.0423203960937346e-03 |   1.0423203960937346e-03 | 1
 12,  9 |   5.5532495325089862e-04 |   5.5532495325089862e-04 | 1
 12, 10 |  -1.4704889273238920e-03 |  -1.4704889273238920e-03 | 1
 12, 11 |  -3.0515421290060429e-04 |  -3.0515421290060429e-04 | 1
 12, 12 |   3.2686952555294512e-03 |   3.2686952555294512e-03 | 1
 12, 13 |   1.7312692120938574e-03 |   1.7312692120938574e-03 | 1
 12, 14 |   8.2420160128342333e-04 |   8.2420160128342333e-04 | 1
 12, 15 |  -2.9303299609547228e-05 |  -2.9303299609547228e-05 | 1
 12, 16 |   8.0206944047447187e-04 |   8.0206944047447187e-04 | 1
 12, 17 |   2.5326749238999071e-04 |   2.5326749238999071e-04 | 1
 12, 18 |   1.0204224215737202e-03 |   1.0204224215737202e-03 | 1
 12, 19 |   8.8449937802000559e-05 |   8.8449937802000559e-05 | 1
 12, 20 |   9.9030390910169897e-04 |   9.9030390910169897e-04 | 1
 12, 21 |  -1.2714675374039942e-03 |  -1.2714675374039942e-03 | 1
 12, 22 |   6.3866785438783120e-04 |   6.3866785438783120e-04 | 1
 12, 23 |  -2.4784558950412933e-04 |  -2.4784558950412933e-04 | 1
 12, 24 |  -1.3895897751030418e-05 |  -1.3895897751030418e-05 | 1
 12, 25 |   4.3570283333557318e-04 |   4.3570283333557318e-04 | 1
 12, 26 |  -3.4055942280494730e-03 |  -3.4055942280494730e-03 | 1
 12, 27 |  -1.0837287214621222e-03 |  -1.0837287214621222e-03 | 1
 12, 28 |   6.6083084767224907e-04 |   6.6083084767224907e-04 | 1
 12, 29 |  -1.1229554437432528e-03 |  -1.1229554437432528e-03 | 1
 12, 30 |  -1.5683825774485580e-03 |  -1.5683825774485580e-03 | 1
 13,  1 |   6.0163975871498380e-04 |   6.0163975871498380e-04 | 1
 13,  2 |  -5.5593719034166078e-05 |  -5.5593719034166078e-05 | 1
 13,  3 |   6.3264652699143416e-04 |   6.3264652699143416e-04 | 1
 13,  4 |   2.1078188800369293e-04 |   2.1078188800369293e-04 | 1
 13,  5 |   6.1438956466751459e-04 |   6.1438956466751459e-04 | 1
 13,  6 |   3.5707358973025634e-04 |   3.5707358973025634e-04 | 1
 13,  7 |   2.9940190081117476e-04 |   2.9940190081117476e-04 | 1
 13,  8 |   7.5541454548602076e-04 |   7.5541454548602076e-04 | 1
 13,  9 |   4.5997989003468127e-04 |   4.5997989003468127e-04 | 1
 13, 10 |  -8.3563655409120831e-04 |  -8.3563655409120831e-04 | 1
 13, 11 |  -1.0360077244253767e-04 |  -1.0360077244253767e-04 | 1
 13, 12 |   1.7312692120938574e-03 |   1.7312692120938574e-03 | 1
 13, 13 |   1.8522744983255060e-03 |   1.8522744983255060e-03 | 1
 13, 14 |   6.9361012135419676e-04 |   6.9361012135419676e-04 | 1
 13, 15 |   7.6152303278157374e-05 |   7.6152303278157374e-05 | 1
 13, 16 |   6.0065056504497044e-04 |   6.0065056504497044e-04 | 1
 13, 17 |   2.4459046654205839e-04 |   2.4459046654205839e-04 | 1
 13, 18 |   7.5217154805491140e-04 |   7.5217154805491140e-04 | 1
 13, 19 |   1.4644038234111592e-04 |   1.4644038234111592e-04 | 1
 13, 20 |   7.1458212474992378e-04 |   7.1458212474992378e-04 | 1
 13, 21 |  -7.1939832009937463e-04 |  -7.1939832009937463e-04 | 1
 13, 22 |   4.9117070245691910e-04 |   4.9117070245691910e-04 | 1
 13, 23 |  -6.3437921125938880e-05 |  -6.3437921125938880e-05 | 1
 13, 24 |   8.0789874961497015e-05 |   8.0789874961497015e-05 | 1
 13, 25 |   3.6332833700557742e-04 |   3.6332833700557742e-04 | 1
 13, 26 |  -2.0824407462357725e-03 |  -2.0824407462357725e-03 | 1
 13, 27 |  -6.0171581985154349e-04 |  -6.0171581985154349e-04 | 1
 13, 28 |   5.1493444141274933e-04 |   5.1493444141274933e-04 | 1
 13, 29 |  -6.2862826924344395e-04 |  -6.2862826924344395e-04 | 1
 13, 30 |  -9.1238781641895324e-04 |  -9.1238781641895324e-04 | 1
 14,  1 |   5.2672313511697305e-04 |   5.2672313511697305e-04 | 1
 14,  2 |   3.6315873303733741e-04 |   3.6315873303733741e-04 | 1
 14,  3 |   5.4899631608945837e-04 |   5.4899631608945837e-04 | 1
 14,  4 |   3.7216801450244035e-04 |   3.7216801450244035e-04 | 1
 14,  5 |   5.1445621681404593e-04 |   5.1445621681404593e-04 | 1
 14,  6 |   4.7847991679571592e-04 |   4.7847991679571592e-04 | 1
 14,  7 |   4.7155976018497712e-04 |   4.7155976018497712e-04 | 1
 14,  8 |   5.6194461280047224e-04 |   5.6194461280047224e-04 | 1
 14,  9 |   5.6611750602404243e-04 |   5.6611750602404243e-04 | 1
 14, 10 |   2.7943568903962426e-04 |   2.7943568903962426e-04 | 1
 14, 11 |   3.8948909392204096e-04 |   3.8948909392204096e-04 | 1
 14, 12 |   8.2420160128342333e-04 |   8.2420160128342333e-04 | 1
 14, 13 |   6.9361012135419676e-04 |   6.9361012135419676e-04 | 1
 14, 14 |   1.8544771141154371e-03 |   1.8544771141154371e-03 | 1
 14, 15 |   4.4001056353146358e-04 |   4.4001056353146358e-04 | 1
 14, 16 |   5.2375064470143332e-04 |   5.2375064470143332e-04 | 1
 14, 17 |   4.3055462260937718e-04 |   4.3055462260937718e-04 | 1
 14, 18 |   6.1326211201695132e-04 |   6.1326211201695132e-04 | 1
 14, 19 |   4.4231183092568446e-04 |   4.4231183092568446e-04 | 1
 14, 20 |   5.2494439719210110e-04 |   5.2494439719210110e-04 | 1
 14, 21 |   2.5563409908879080e-04 |   2.5563409908879080e-04 | 1
 14, 22 |   4.7938609135004612e-04 |   4.7938609135004612e-04 | 1
 14, 23 |   4.1255558552887863e-04 |   4.1255558552887863e-04 | 1
 14, 24 |   4.2030260346375499e-04 |   4.2030260346375499e-04 | 1
 14, 25 |   4.6537400262517119e-04 |   4.6537400262517119e-04 | 1
 14, 26 |  -1.5961956235201853e-05 |  -1.5961956235201853e-05 | 1
 14, 27 |   2.7862061195724067e-04 |   2.7862061195724067e-04 | 1
 14, 28 |   5.2637961675874010e-04 |   5.2637961675874010e-04 | 1
 14, 29 |   2.6331199779068115e-04 |   2.6331199779068115e-04 | 1
 14, 30 |   2.0464221498535764e-04 |   2.0464221498535764e-04 | 1
 15,  1 |   1.8559422254182866e-04 |   1.8559422254182866e-04 | 1
 15,  2 |   3.2112023230201870e-04 |   3.2112023230201870e-04 | 1
 15,  3 |   1.9219004875595583e-04 |   1.9219004875595583e-04 | 1
 15,  4 |   2.1875836966496378e-04 |   2.1875836966496378e-04 | 1
 15,  5 |   1.7217666040280732e-04 |   1.7217666040280732e-04 | 1
 15,  6 |   2.5022140935473226e-04 |   2.5022140935473226e-04 | 1
 15,  7 |   2.6686937191140270e-04 |   2.6686937191140270e-04 | 1
 15,  8 |   1.5330502252314194e-04 |   1.5330502252314194e-04 | 1
 15,  9 |   2.8290475355141750e-04 |   2.8290475355141750e-04 | 1
 15, 10 |   5.6538540086754864e-04 |   5.6538540086754864e-04 | 1
 15, 11 |   3.6234202984439484e-04 |   3.6234202984439484e-04 | 1
 15, 12 |  -2.9303299609547228e-05 |  -2.9303299609547228e-05 | 1
 15, 13 |   7.6152303278157374e-05 |   7.6152303278157374e-05 | 1
 15, 14 |   4.4001056353146358e-04 |   4.4001056353146358e-04 | 1
 15, 15 |   4.5349152334048584e-04 |   4.5349152334048584e-04 | 1
 15, 16 |   1.8447208248547307e-04 |   1.8447208248547307e-04 | 1
 15, 17 |   2.4699504006188162e-04 |   2.4699504006188162e-04 | 1
 15, 18 |   1.9336315420593334e-04 |   1.9336315420593334e-04 | 1
 15, 19 |   2.9840231450158539e-04 |   2.9840231450158539e-04 | 1
 15, 20 |   1.3707925001423939e-04 |   1.3707925001423939e-04 | 1
 15, 21 |   5.0493404111070345e-04 |   5.0493404111070345e-04 | 1
 15, 22 |   1.9512524804389793e-04 |   1.9512524804389793e-04 | 1
 15, 23 |   3.6313901480398384e-04 |   3.6313901480398384e-04 | 1
 15, 24 |   3.1196629252095624e-04 |   3.1196629252095624e-04 | 1
 15, 25 |   2.2512018915651452e-04 |   2.2512018915651452e-04 | 1
 15, 26 |   8.2826009938808320e-04 |   8.2826009938808320e-04 | 1
 15, 27 |   4.7052215368267153e-04 |   4.7052215368267153e-04 | 1
 15, 28 |   2.2081816108272297e-04 |   2.2081816108272297e-04 | 1
 15, 29 |   4.6830051412521847e-04 |   4.6830051412521847e-04 | 1
 15, 30 |   5.4103832872774964e-04 |   5.4103832872774964e-04 | 1
 16,  1 |   3.6676924620924491e-04 |   3.6676924620924491e-04 | 1
 16,  2 |   1.1840176197551774e-04 |   1.1840176197551774e-04 | 1
 16,  3 |   3.8423734207061082e-04 |   3.8423734207061082e-04 | 1
 16,  4 |   1.9846141030866989e-04 |   1.9846141030866989e-04 | 1
 16,  5 |   3.6678331254397516e-04 |   3.6678331254397516e-04 | 1
 16,  6 |   2.8055161072399279e-04 |   2.8055161072399279e-04 | 1
 16,  7 |   2.6072966132475799e-04 |   2.6072966132475799e-04 | 1
 16,  8 |   4.2446273900389889e-04 |   4.2446273900389889e-04 | 1
 16,  9 |   3.4367207147532539e-04 |   3.4367207147532539e-04 | 1
 16, 10 |  -1.3984397173584715e-04 |  -1.3984397173584715e-04 | 1
 16, 11 |   1.1458992007893773e-04 |   1.1458992007893773e-04 | 1
 16, 12 |   8.0206944047447187e-04 |   8.0206944047447187e-04 | 1
 16, 13 |   6.0065056504497044e-04 |   6.0065056504497044e-04 | 1
 16, 14 |   5.2375064470143332e-04 |   5.2375064470143332e-04 | 1
 16, 15 |   1.8447208248547307e-04 |   1.8447208248547307e-04 | 1
 16, 16 |   5.4399227006798076e-04 |   5.4399227006798076e-04 | 1
 16, 17 |   2.2643484244871286e-04 |   2.2643484244871286e-04 | 1
 16, 18 |   4.4134072501882240e-04 |   4.4134072501882240e-04 | 1
 16, 19 |   2.0382218336923848e-04 |   2.0382218336923848e-04 | 1
 16, 20 |   3.9842027180190252e-04 |   3.9842027180190252e-04 | 1
 16, 21 |  -1.1216454333155019e-04 |  -1.1216454333155019e-04 | 1
 16, 22 |   3.1901763060920580e-04 |   3.1901763060920580e-04 | 1
 16, 23 |   1.3357644027506548e-04 |   1.3357644027506548e-04 | 1
 16, 24 |   1.7854502404603291e-04 |   1.7854502404603291e-04 | 1
 16, 25 |   2.7297021292399119e-04 |   2.7297021292399119e-04 | 1
 16, 26 |  -6.0697439932176557e-04 |  -6.0697439932176557e-04 | 1
 16, 27 |  -7.1345279380842898e-05 |  -7.1345279380842898e-05 | 1
 16, 28 |   3.4209978420435321e-04 |   3.4209978420435321e-04 | 1
 16, 29 |  -8.5177873999483437e-05 |  -8.5177873999483437e-05 | 1
 16, 30 |  -1.8589362137680639e-04 |  -1.8589362137680639e-04 | 1
 17,  1 |   2.2823059939131943e-04 |   2.2823059939131943e-04 | 1
 17,  2 |   2.1991272880080004e-04 |   2.1991272880080004e-04 | 1
 17,  3 |   2.3705066688366148e-04 |   2.3705066688366148e-04 | 1
 17,  4 |   1.8926123456169388e-04 |   1.8926123456169388e-04 | 1
 17,  5 |   2.2108422926449847e-04 |   2.2108422926449847e-04 | 1
 17,  6 |   2.3397610228602698e-04 |   2.3397610228602698e-04 | 1
 17,  7 |   2.3696133472555104e-04 |   2.3696133472555104e-04 | 1
 17,  8 |   2.2863330398328240e-04 |   2.2863330398328240e-04 | 1
 17,  9 |   2.7275805844486679e-04 |   2.7275805844486679e-04 | 1
 17, 10 |   2.6787905934018224e-04 |   2.6787905934018224e-04 | 1
 17, 11 |   2.4286241214695642e-04 |   2.4286241214695642e-04 | 1
 17, 12 |   2.5326749238999071e-04 |   2.5326749238999071e-04 | 1
 17, 13 |   2.4459046654205839e-04 |   2.4459046654205839e-04 | 1
 17, 14 |   4.3055462260937718e-04 |   4.3055462260937718e-04 | 1
 17, 15 |   2.4699504006188162e-04 |   2.4699504006188162e-04 | 1
 17, 16 |   2.2643484244871286e-04 |   2.2643484244871286e-04 | 1
 17, 17 |   1.0347411830863905e-03 |   1.0347411830863905e-03 | 1
 17, 18 |   2.5781097309713664e-04 |   2.5781097309713664e-04 | 1
 17, 19 |   2.3750395469379165e-04 |   2.3750395469379165e-04 | 1
 17, 20 |   2.1177457930869988e-04 |   2.1177457930869988e-04 | 1
 17, 21 |   2.4405765968436155e-04 |   2.4405765968436155e-04 | 1
 17, 22 |   2.1546942370117197e-04 |   2.1546942370117197e-04 | 1
 17, 23 |   2.4859487477300705e-04 |   2.4859487477300705e-04 | 1
 17, 24 |   2.3572152092166010e-04 |   2.3572152092166010e-04 | 1
 17, 25 |   2.2031972120766945e-04 |   2.2031972120766945e-04 | 1
 17, 26 |   2.6366324641113349e-04 |   2.6366324641113349e-04 | 1
 17, 27 |   2.4042367794766868e-04 |   2.4042367794766868e-04 | 1
 17, 28 |   2.3885827151966818e-04 |   2.3885827151966818e-04 | 1
 17, 29 |   2.3460359392449780e-04 |   2.3460359392449780e-04 | 1
 17, 30 |   2.4063734381171633e-04 |   2.4063734381171633e-04 | 1
 18,  1 |   4.4280690411746965e-04 |   4.4280690411746965e-04 | 1
 18,  2 |   1.1081513295258223e-04 |   1.1081513295258223e-04 | 1
 18,  3 |   4.6381756633957424e-04 |   4.6381756633957424e-04 | 1
 18,  4 |   2.2433967431731059e-04 |   2.2433967431731059e-04 | 1
 18,  5 |   4.4541195227744916e-04 |   4.4541195227744916e-04 | 1
 18,  6 |   3.2531421566390828e-04 |   3.2531421566390828e-04 | 1
 18,  7 |   2.9845719860007033e-04 |   2.9845719860007033e-04 | 1
 18,  8 |   5.1968186680465423e-04 |   5.1968186680465423e-04 | 1
 18,  9 |   4.0150799579703419e-04 |   4.0150799579703419e-04 | 1
 18, 10 |  -2.4694697340281213e-04 |  -2.4694697340281213e-04 | 1
 18, 11 |   1.0141448004993923e-04 |   1.0141448004993923e-04 | 1
 18, 12 |   1.0204224215737202e-03 |   1.0204224215737202e-03 | 1
 18, 13 |   7.5217154805491140e-04 |   7.5217154805491140e-04 | 1
 18, 14 |   6.1326211201695132e-04 |   6.1326211201695132e-04 | 1
 18, 15 |   1.9336315420593334e-04 |   1.9336315420593334e-04 | 1
 18, 16 |   4.4134072501882240e-04 |   4.4134072501882240e-04 | 1
 18, 17 |   2.5781097309713664e-04 |   2.5781097309713664e-04 | 1
 18, 18 |   1.3520269832891674e-03 |   1.3520269832891674e-03 | 1
 18, 19 |   2.2182190072531413e-04 |   2.2182190072531413e-04 | 1
 18, 20 |   4.8994360261576985e-04 |   4.8994360261576985e-04 | 1
 18, 21 |  -2.0382190903208151e-04 |  -2.0382190903208151e-04 | 1
 18, 22 |   3.8095973331927590e-04 |   3.8095973331927590e-04 | 1
 18, 23 |   1.2503508080687680e-04 |   1.2503508080687680e-04 | 1
 18, 24 |   1.8871702585561404e-04 |   1.8871702585561404e-04 | 1
 18, 25 |   3.1832111287423003e-04 |   3.1832111287423003e-04 | 1
 18, 26 |  -8.7000693071788448e-04 |  -8.7000693071788448e-04 | 1
 18, 27 |  -1.4840068278439717e-04 |  -1.4840068278439717e-04 | 1
 18, 28 |   4.0641350912098772e-04 |   4.0641350912098772e-04 | 1
 18, 29 |  -1.6516826894085010e-04 |  -1.6516826894085010e-04 | 1
 18, 30 |  -3.0201998017936936e-04 |  -3.0201998017936936e-04 | 1
 19,  1 |   2.0491492626914070e-04 |   2.0491492626914070e-04 | 1
 19,  2 |   2.8261493092337391e-04 |   2.8261493092337391e-04 | 1
 19,  3 |   2.1271275508232988e-04 |   2.1271275508232988e-04 | 1
 19,  4 |   2.0837216315011323e-04 |   2.0837216315011323e-04 | 1
 19,  5 |   1.9326693951988666e-04 |   1.9326693951988666e-04 | 1
 19,  6 |   2.4547818155700271e-04 |   2.4547818155700271e-04 | 1
 19,  7 |   2.5679722231668314e-04 |   2.5679722231668314e-04 | 1
 19,  8 |   1.8563178017590461e-04 |   1.8563178017590461e-04 | 1
 19,  9 |   2.8215954955758827e-04 |   2.8215954955758827e-04 | 1
 19, 10 |   4.4835177488167281e-04 |   4.4835177488167281e-04 | 1
 19, 11 |   3.1626496121611264e-04 |   3.1626496121611264e-04 | 1
 19, 12 |   8.8449937802000559e-05 |   8.8449937802000559e-05 | 1
 19, 13 |   1.4644038234111592e-04 |   1.4644038234111592e-04 | 1
 19, 14 |   4.4231183092568446e-04 |   4.4231183092568446e-04 | 1
 19, 15 |   2.9840231450158539e-04 |   2.9840231450158539e-04 | 1
 19, 16 |   2.0382218336923848e-04 |   2.0382218336923848e-04 | 1
 19, 17 |   2.3750395469379165e-04 |   2.3750395469379165e-04 | 1
 19, 18 |   2.2182190072531413e-04 |   2.2182190072531413e-04 | 1
 19, 19 |   6.8520091051074033e-04 |   6.8520091051074033e-04 | 1
 19, 20 |   1.6956454904887861e-04 |   1.6956454904887861e-04 | 1
 19, 21 |   4.0148745728081338e-04 |   4.0148745728081338e-04 | 1
 19, 22 |   2.0711258872108536e-04 |   2.0711258872108536e-04 | 1
 19, 23 |   3.1928497582529771e-04 |   3.1928497582529771e-04 | 1
 19, 24 |   2.8292788261432877e-04 |   2.8292788261432877e-04 | 1
 19, 25 |   2.2583960657940401e-04 |   2.2583960657940401e-04 | 1
 19, 26 |   6.0084406704367802e-04 |   6.0084406704367802e-04 | 1
 19, 27 |   3.7948280111496717e-04 |   3.7948280111496717e-04 | 1
 19, 28 |   2.3091414681653317e-04 |   2.3091414681653317e-04 | 1
 19, 29 |   3.7559025845057466e-04 |   3.7559025845057466e-04 | 1
 19, 30 |   4.2119752343334772e-04 |   4.2119752343334772e-04 | 1
 20,  1 |   3.9943518088451788e-04 |   3.9943518088451788e-04 | 1
 20,  2 |   5.9336909236766704e-05 |   5.9336909236766704e-05 | 1
 20,  3 |   4.1886096098638347e-04 |   4.1886096098638347e-04 | 1
 20,  4 |   1.8608826270444625e-04 |   1.8608826270444625e-04 | 1
 20,  5 |   4.0423557522441435e-04 |   4.0423557522441435e-04 | 1
 20,  6 |   2.7535296812712553e-04 |   2.7535296812712553e-04 | 1
 20,  7 |   2.4811386498484992e-04 |   2.4811386498484992e-04 | 1
 20,  8 |   4.7845436174875889e-04 |   4.7845436174875889e-04 | 1
 20,  9 |   3.4493969250700064e-04 |   3.4493969250700064e-04 | 1
 20, 10 |  -3.2204101913241106e-04 |  -3.2204101913241106e-04 | 1
 20, 11 |   4.4163144270088196e-05 |   4.4163144270088196e-05 | 1
 20, 12 |   9.9030390910169897e-04 |   9.9030390910169897e-04 | 1
 20, 13 |   7.1458212474992378e-04 |   7.1458212474992378e-04 | 1
 20, 14 |   5.2494439719210110e-04 |   5.2494439719210110e-04 | 1
 20, 15 |   1.3707925001423939e-04 |   1.3707925001423939e-04 | 1
 20, 16 |   3.9842027180190252e-04 |   3.9842027180190252e-04 | 1
 20, 17 |   2.1177457930869988e-04 |   2.1177457930869988e-04 | 1
 20, 18 |   4.8994360261576985e-04 |   4.8994360261576985e-04 | 1
 20, 19 |   1.6956454904887861e-04 |   1.6956454904887861e-04 | 1
 20, 20 |   2.8821021311454388e-03 |   2.8821021311454388e-03 | 1
 20, 21 |  -2.7227268828755108e-04 |  -2.7227268828755108e-04 | 1
 20, 22 |   3.3791824227816637e-04 |   3.3791824227816637e-04 | 1
 20, 23 |   6.6879151556472133e-05 |   6.6879151556472133e-05 | 1
 20, 24 |   1.3519554427725251e-04 |   1.3519554427725251e-04 | 1
 20, 25 |   2.7523851834700998e-04 |   2.7523851834700998e-04 | 1
 20, 26 |  -9.6338699861965723e-04 |  -9.6338699861965723e-04 | 1
 20, 27 |  -2.1384583957165492e-04 |  -2.1384583957165492e-04 | 1
 20, 28 |   3.5982026677736892e-04 |   3.5982026677736892e-04 | 1
 20, 29 |  -2.2874502055710098e-04 |  -2.2874502055710098e-04 | 1
 20, 30 |  -3.7312974686683502e-04 |  -3.7312974686683502e-04 | 1
 21,  1 |  -1.1147836708490247e-04 |  -1.1147836708490247e-04 | 1
 21,  2 |   5.8063799336958999e-04 |   5.8063799336958999e-04 | 1
 21,  3 |  -1.2218807851176525e-04 |  -1.2218807851176525e-04 | 1
 21,  4 |   2.2342157665488965e-04 |   2.2342157665488965e-04 | 1
 21,  5 |  -1.4253475191675704e-04 |  -1.4253475191675704e-04 | 1
 21,  6 |   1.7049757607792547e-04 |   1.7049757607792547e-04 | 1
 21,  7 |   2.3913086584211464e-04 |   2.3913086584211464e-04 | 1
 21,  8 |  -2.7444802401830281e-04 |  -2.7444802401830281e-04 | 1
 21,  9 |   1.5225697137995567e-04 |   1.5225697137995567e-04 | 1
 21, 10 |   1.5462193821919070e-03 |   1.5462193821919070e-03 | 1
 21, 11 |   6.8375217873532465e-04 |   6.8375217873532465e-04 | 1
 21, 12 |  -1.2714675374039942e-03 |  -1.2714675374039942e-03 | 1
 21, 13 |  -7.1939832009937463e-04 |  -7.1939832009937463e-04 | 1
 21, 14 |   2.5563409908879080e-04 |   2.5563409908879080e-04 | 1
 21, 15 |   5.0493404111070345e-04 |   5.0493404111070345e-04 | 1
 21, 16 |  -1.1216454333155019e-04 |  -1.1216454333155019e-04 | 1
 21, 17 |   2.4405765968436155e-04 |   2.4405765968436155e-04 | 1
 21, 18 |  -2.0382190903208151e-04 |  -2.0382190903208151e-04 | 1
 21, 19 |   4.0148745728081338e-04 |   4.0148745728081338e-04 | 1
 21, 20 |  -2.7227268828755108e-04 |  -2.7227268828755108e-04 | 1
 21, 21 |   3.5300678732159843e-03 |   3.5300678732159843e-03 | 1
 21, 22 |  -1.8407087184726691e-05 |  -1.8407087184726691e-05 | 1
 21, 23 |   6.5861624306713120e-04 |   6.5861624306713120e-04 | 1
 21, 24 |   4.6945512086415237e-04 |   4.6945512086415237e-04 | 1
 21, 25 |   1.2371664088675895e-04 |   1.2371664088675895e-04 | 1
 21, 26 |   2.8690971646233195e-03 |   2.8690971646233195e-03 | 1
 21, 27 |   1.2194225864092642e-03 |   1.2194225864092642e-03 | 1
 21, 28 |   9.5351510986464827e-06 |   9.5351510986464827e-06 | 1
 21, 29 |   1.2347773478105172e-03 |   1.2347773478105172e-03 | 1
 21, 30 |   1.5574656522649691e-03 |   1.5574656522649691e-03 | 1
 22,  1 |   3.2022731935543659e-04 |   3.2022731935543659e-04 | 1
 22,  2 |   1.4089268778776741e-04 |   1.4089268778776741e-04 | 1
 22,  3 |   3.3536495459960704e-04 |   3.3536495459960704e-04 | 1
 22,  4 |   1.9337734585940871e-04 |   1.9337734585940871e-04 | 1
 22,  5 |   3.2023109518964629e-04 |   3.2023109518964629e-04 | 1
 22,  6 |   2.6058291869374687e-04 |   2.6058291869374687e-04 | 1
 22,  7 |   2.4800585200564283e-04 |   2.4800585200564283e-04 | 1
 22,  8 |   3.6101081586143791e-04 |   3.6101081586143791e-04 | 1
 22,  9 |   3.1730945056564360e-04 |   3.1730945056564360e-04 | 1
 22, 10 |  -3.1799358560999256e-05 |  -3.1799358560999256e-05 | 1
 22, 11 |   1.4366317260629217e-04 |   1.4366317260629217e-04 | 1
 22, 12 |   6.3866785438783120e-04 |   6.3866785438783120e-04 | 1
 22, 13 |   4.9117070245691910e-04 |   4.9117070245691910e-04 | 1
 22, 14 |   4.7938609135004612e-04 |   4.7938609135004612e-04 | 1
 22, 15 |   1.9512524804389793e-04 |   1.9512524804389793e-04 | 1
 22, 16 |   3.1901763060920580e-04 |   3.1901763060920580e-04 | 1
 22, 17 |   2.1546942370117197e-04 |   2.1546942370117197e-04 | 1
 22, 18 |   3.8095973331927590e-04 |   3.8095973331927590e-04 | 1
 22, 19 |   2.0711258872108536e-04 |   2.0711258872108536e-04 | 1
 22, 20 |   3.3791824227816637e-04 |   3.3791824227816637e-04 | 1
 22, 21 |  -1.8407087184726691e-05 |  -1.8407087184726691e-05 | 1
 22, 22 |   1.4731371188943876e-03 |   1.4731371188943876e-03 | 1
 22, 23 |   1.6018219268427644e-04 |   1.6018219268427644e-04 | 1
 22, 24 |   1.8722556771751288e-04 |   1.8722556771751288e-04 | 1
 22, 25 |   2.4900879156629710e-04 |   2.4900879156629710e-04 | 1
 22, 26 |  -3.6665012557828892e-04 |  -3.6665012557828892e-04 | 1
 22, 27 |   9.0405908629666556e-06 |   9.0405908629666556e-06 | 1
 22, 28 |   3.0442907539041358e-04 |   3.0442907539041358e-04 | 1
 22, 29 |  -2.9635681000548647e-06 |  -2.9635681000548647e-06 | 1
 22, 30 |  -7.2419418557346022e-05 |  -7.2419418557346022e-05 | 1
 23,  1 |   1.3454746776222235e-04 |   1.3454746776222235e-04 | 1
 23,  2 |   3.6905821240744088e-04 |   3.6905821240744088e-04 | 1
 23,  3 |   1.3812411475745516e-04 |   1.3812411475745516e-04 | 1
 23,  4 |   2.2257895646824152e-04 |   2.2257895646824152e-04 | 1
 23,  5 |   1.1808170883340249e-04 |   1.1808170883340249e-04 | 1
 23,  6 |   2.3737611343668314e-04 |   2.3737611343668314e-04 | 1
 23,  7 |   2.6354878150239741e-04 |   2.6354878150239741e-04 | 1
 23,  8 |   7.8867113893460258e-05 |   7.8867113893460258e-05 | 1
 23,  9 |   2.6237676684987520e-04 |   2.6237676684987520e-04 | 1
 23, 10 |   7.4265522138287627e-04 |   7.4265522138287627e-04 | 1
 23, 11 |   4.2131943321935044e-04 |   4.2131943321935044e-04 | 1
 23, 12 |  -2.4784558950412933e-04 |  -2.4784558950412933e-04 | 1
 23, 13 |  -6.3437921125938880e-05 |  -6.3437921125938880e-05 | 1
 23, 14 |   4.1255558552887863e-04 |   4.1255558552887863e-04 | 1
 23, 15 |   3.6313901480398384e-04 |   3.6313901480398384e-04 | 1
 23, 16 |   1.3357644027506548e-04 |   1.3357644027506548e-04 | 1
 23, 17 |   2.4859487477300705e-04 |   2.4859487477300705e-04 | 1
 23, 18 |   1.2503508080687680e-04 |   1.2503508080687680e-04 | 1
 23, 19 |   3.1928497582529771e-04 |   3.1928497582529771e-04 | 1
 23, 20 |   6.6879151556472133e-05 |   6.6879151556472133e-05 | 1
 23, 21 |   6.5861624306713120e-04 |   6.5861624306713120e-04 | 1
 23, 22 |   1.6018219268427644e-04 |   1.6018219268427644e-04 | 1
 23, 23 |   5.6820389637590274e-04 |   5.6820389637590274e-04 | 1
 23, 24 |   3.4171449274871858e-04 |   3.4171449274871858e-04 | 1
 23, 25 |   2.0967058876318639e-04 |   2.0967058876318639e-04 | 1
 23, 26 |   1.1938845163865235e-03 |   1.1938845163865235e-03 | 1
 23, 27 |   6.0538530344473262e-04 |   6.0538530344473262e-04 | 1
 23, 28 |   1.8543726072499408e-04 |   1.8543726072499408e-04 | 1
 23, 29 |   6.0678605589327634e-04 |   6.0678605589327634e-04 | 1
 23, 30 |   7.2347752259814232e-04 |   7.2347752259814232e-04 | 1
 24,  1 |   1.7979650861291234e-04 |   1.7979650861291234e-04 | 1
 24,  2 |   3.0266623398284871e-04 |   3.0266623398284871e-04 | 1
 24,  3 |   1.8593379935003023e-04 |   1.8593379935003023e-04 | 1
 24,  4 |   2.0819786771983248e-04 |   2.0819786771983248e-04 | 1
 24,  5 |   1.6747418013316661e-04 |   1.6747418013316661e-04 | 1
 24,  6 |   2.3802584014103768e-04 |   2.3802584014103768e-04 | 1
 24,  7 |   2.5359595609515673e-04 |   2.5359595609515673e-04 | 1
 24,  8 |   1.5007433903509789e-04 |   1.5007433903509789e-04 | 1
 24,  9 |   2.6950291168826115e-04 |   2.6950291168826115e-04 | 1
 24, 10 |   5.2478588008214068e-04 |   5.2478588008214068e-04 | 1
 24, 11 |   3.4189960153426782e-04 |   3.4189960153426782e-04 | 1
 24, 12 |  -1.3895897751030418e-05 |  -1.3895897751030418e-05 | 1
 24, 13 |   8.0789874961497015e-05 |   8.0789874961497015e-05 | 1
 24, 14 |   4.2030260346375499e-04 |   4.2030260346375499e-04 | 1
 24, 15 |   3.1196629252095624e-04 |   3.1196629252095624e-04 | 1
 24, 16 |   1.7854502404603291e-04 |   1.7854502404603291e-04 | 1
 24, 17 |   2.3572152092166010e-04 |   2.3572152092166010e-04 | 1
 24, 18 |   1.8871702585561404e-04 |   1.8871702585561404e-04 | 1
 24, 19 |   2.8292788261432877e-04 |   2.8292788261432877e-04 | 1
 24, 20 |   1.3519554427725251e-04 |   1.3519554427725251e-04 | 1
 24, 21 |   4.6945512086415237e-04 |   4.6945512086415237e-04 | 1
 24, 22 |   1.8722556771751288e-04 |   1.8722556771751288e-04 | 1
 24, 23 |   3.4171449274871858e-04 |   3.4171449274871858e-04 | 1
 24, 24 |   8.2600287274031377e-04 |   8.2600287274031377e-04 | 1
 24, 25 |   2.1642213034321926e-04 |   2.1642213034321926e-04 | 1
 24, 26 |   7.6621938554608340e-04 |   7.6621938554608340e-04 | 1
 24, 27 |   4.3916894179767704e-04 |   4.3916894179767704e-04 | 1
 24, 28 |   2.1257601566823878e-04 |   2.1257601566823878e-04 | 1
 24, 29 |   4.3686628414012446e-04 |   4.3686628414012446e-04 | 1
 24, 30 |   5.0298894969581743e-04 |   5.0298894969581743e-04 | 1
 25,  1 |   2.7401410853774416e-04 |   2.7401410853774416e-04 | 1
 25,  2 |   1.8493751002291603e-04 |   1.8493751002291603e-04 | 1
 25,  3 |   2.8544279069462816e-04 |   2.8544279069462816e-04 | 1
 25,  4 |   1.9222148913792587e-04 |   1.9222148913792587e-04 | 1
 25,  5 |   2.6930904886164869e-04 |   2.6930904886164869e-04 | 1
 25,  6 |   2.4969281635592555e-04 |   2.4969281635592555e-04 | 1
 25,  7 |   2.4417983132266150e-04 |   2.4417983132266150e-04 | 1
 25,  8 |   2.9346798170141954e-04 |   2.9346798170141954e-04 | 1
 25,  9 |   2.9592765427485107e-04 |   2.9592765427485107e-04 | 1
 25, 10 |   1.3186919540122976e-04 |   1.3186919540122976e-04 | 1
 25, 11 |   1.9900534163000882e-04 |   1.9900534163000882e-04 | 1
 25, 12 |   4.3570283333557318e-04 |   4.3570283333557318e-04 | 1
 25, 13 |   3.6332833700557742e-04 |   3.6332833700557742e-04 | 1
 25, 14 |   4.6537400262517119e-04 |   4.6537400262517119e-04 | 1
 25, 15 |   2.2512018915651452e-04 |   2.2512018915651452e-04 | 1
 25, 16 |   2.7297021292399119e-04 |   2.7297021292399119e-04 | 1
 25, 17 |   2.2031972120766945e-04 |   2.2031972120766945e-04 | 1
 25, 18 |   3.1832111287423003e-04 |   3.1832111287423003e-04 | 1
 25, 19 |   2.2583960657940401e-04 |   2.2583960657940401e-04 | 1
 25, 20 |   2.7523851834700998e-04 |   2.7523851834700998e-04 | 1
 25, 21 |   1.2371664088675895e-04 |   1.2371664088675895e-04 | 1
 25, 22 |   2.4900879156629710e-04 |   2.4900879156629710e-04 | 1
 25, 23 |   2.0967058876318639e-04 |   2.0967058876318639e-04 | 1
 25, 24 |   2.1642213034321926e-04 |   2.1642213034321926e-04 | 1
 25, 25 |   1.7668873046274658e-03 |   1.7668873046274658e-03 | 1
 25, 26 |  -2.7519759081740843e-05 |  -2.7519759081740843e-05 | 1
 25, 27 |   1.3596708167312217e-04 |   1.3596708167312217e-04 | 1
 25, 28 |   2.7318998860009834e-04 |   2.7318998860009834e-04 | 1
 25, 29 |   1.2759345759061125e-04 |   1.2759345759061125e-04 | 1
 25, 30 |   9.8335095603536562e-05 |   9.8335095603536562e-05 | 1
 26,  1 |  -6.0556632292859346e-04 |  -6.0556632292859346e-04 | 1
 26,  2 |   1.0543109334309993e-03 |   1.0543109334309993e-03 | 1
 26,  3 |  -6.4618993601295673e-04 |  -6.4618993601295673e-04 | 1
 26,  4 |   2.4101054493515912e-04 |   2.4101054493515912e-04 | 1
 26,  5 |  -6.6944340499835856e-04 |  -6.6944340499835856e-04 | 1
 26,  6 |   5.1277534933674211e-05 |   5.1277534933674211e-05 | 1
 26,  7 |   2.1256889214748040e-04 |   2.1256889214748040e-04 | 1
 26,  8 |  -9.9603661627386923e-04 |  -9.9603661627386923e-04 | 1
 26,  9 |  -4.8601565641768319e-05 |  -4.8601565641768319e-05 | 1
 26, 10 |   3.2719868926040013e-03 |   3.2719868926040013e-03 | 1
 26, 11 |   1.2687784075908295e-03 |   1.2687784075908295e-03 | 1
 26, 12 |  -3.4055942280494730e-03 |  -3.4055942280494730e-03 | 1
 26, 13 |  -2.0824407462357725e-03 |  -2.0824407462357725e-03 | 1
 26, 14 |  -1.5961956235201853e-05 |  -1.5961956235201853e-05 | 1
 26, 15 |   8.2826009938808320e-04 |   8.2826009938808320e-04 | 1
 26, 16 |  -6.0697439932176557e-04 |  -6.0697439932176557e-04 | 1
 26, 17 |   2.6366324641113349e-04 |   2.6366324641113349e-04 | 1
 26, 18 |  -8.7000693071788448e-04 |  -8.7000693071788448e-04 | 1
 26, 19 |   6.0084406704367802e-04 |   6.0084406704367802e-04 | 1
 26, 20 |  -9.6338699861965723e-04 |  -9.6338699861965723e-04 | 1
 26, 21 |   2.8690971646233195e-03 |   2.8690971646233195e-03 | 1
 26, 22 |  -3.6665012557828892e-04 |  -3.6665012557828892e-04 | 1
 26, 23 |   1.1938845163865235e-03 |   1.1938845163865235e-03 | 1
 26, 24 |   7.6621938554608340e-04 |   7.6621938554608340e-04 | 1
 26, 25 |  -2.7519759081740843e-05 |  -2.7519759081740843e-05 | 1
 26, 26 |   6.5381938764876042e-03 |   6.5381938764876042e-03 | 1
 26, 27 |   2.5430288159629813e-03 |   2.5430288159629813e-03 | 1
 26, 28 |  -3.3506478812741233e-04 |  -3.3506478812741233e-04 | 1
 26, 29 |   2.5896247958963527e-03 |   2.5896247958963527e-03 | 1
 26, 30 |   3.3452206368446615e-03 |   3.3452206368446615e-03 | 1
 27,  1 |  -7.0711576737779409e-05 |  -7.0711576737779409e-05 | 1
 27,  2 |   5.3463965619884543e-04 |   5.3463965619884543e-04 | 1
 27,  3 |  -7.9196742891550880e-05 |  -7.9196742891550880e-05 | 1
 27,  4 |   2.1515556131481572e-04 |   2.1515556131481572e-04 | 1
 27,  5 |  -1.0041527258027627e-04 |  -1.0041527258027627e-04 | 1
 27,  6 |   1.7678320802923334e-04 |   1.7678320802923334e-04 | 1
 27,  7 |   2.3637581811024075e-04 |   2.3637581811024075e-04 | 1
 27,  8 |  -2.1340207805212367e-04 |  -2.1340207805212367e-04 | 1
 27,  9 |   1.6498610511894707e-04 |   1.6498610511894707e-04 | 1
 27, 10 |   1.3853970064454926e-03 |   1.3853970064454926e-03 | 1
 27, 11 |   6.2794904521066945e-04 |   6.2794904521066945e-04 | 1
 27, 12 |  -1.0837287214621222e-03 |  -1.0837287214621222e-03 | 1
 27, 13 |  -6.0171581985154349e-04 |  -6.0171581985154349e-04 | 1
 27, 14 |   2.7862061195724067e-04 |   2.7862061195724067e-04 | 1
 27, 15 |   4.7052215368267153e-04 |   4.7052215368267153e-04 | 1
 27, 16 |  -7.1345279380842898e-05 |  -7.1345279380842898e-05 | 1
 27, 17 |   2.4042367794766868e-04 |   2.4042367794766868e-04 | 1
 27, 18 |  -1.4840068278439717e-04 |  -1.4840068278439717e-04 | 1
 27, 19 |   3.7948280111496717e-04 |   3.7948280111496717e-04 | 1
 27, 20 |  -2.1384583957165492e-04 |  -2.1384583957165492e-04 | 1
 27, 21 |   1.2194225864092642e-03 |   1.2194225864092642e-03 | 1
 27, 22 |   9.0405908629666556e-06 |   9.0405908629666556e-06 | 1
 27, 23 |   6.0538530344473262e-04 |   6.0538530344473262e-04 | 1
 27, 24 |   4.3916894179767704e-04 |   4.3916894179767704e-04 | 1
 27, 25 |   1.3596708167312217e-04 |   1.3596708167312217e-04 | 1
 27, 26 |   2.5430288159629813e-03 |   2.5430288159629813e-03 | 1
 27, 27 |   1.3798269972236270e-03 |   1.3798269972236270e-03 | 1
 27, 28 |   3.7192845993861078e-05 |   3.7192845993861078e-05 | 1
 27, 29 |   1.1097461126867907e-03 |   1.1097461126867907e-03 | 1
 27, 30 |   1.3929601158527969e-03 |   1.3929601158527969e-03 | 1
 28,  1 |   3.4289991525108512e-04 |   3.4289991525108512e-04 | 1
 28,  2 |   1.6391543014794389e-04 |   1.6391543014794389e-04 | 1
 28,  3 |   3.5865174362033792e-04 |   3.5865174362033792e-04 | 1
 28,  4 |   2.0980029198439484e-04 |   2.0980029198439484e-04 | 1
 28,  5 |   3.4053535858422014e-04 |   3.4053535858422014e-04 | 1
 28,  6 |   2.8451103623727153e-04 |   2.8451103623727153e-04 | 1
 28,  7 |   2.7123147790996017e-04 |   2.7123147790996017e-04 | 1
 28,  8 |   3.8435110227688039e-04 |   3.8435110227688039e-04 | 1
 28,  9 |   3.4351131646962222e-04 |   3.4351131646962222e-04 | 1
 28, 10 |  -1.3941649600901371e-06 |  -1.3941649600901371e-06 | 1
 28, 11 |   1.6947022110405056e-04 |   1.6947022110405056e-04 | 1
 28, 12 |   6.6083084767224907e-04 |   6.6083084767224907e-04 | 1
 28, 13 |   5.1493444141274933e-04 |   5.1493444141274933e-04 | 1
 28, 14 |   5.2637961675874010e-04 |   5.2637961675874010e-04 | 1
 28, 15 |   2.2081816108272297e-04 |   2.2081816108272297e-04 | 1
 28, 16 |   3.4209978420435321e-04 |   3.4209978420435321e-04 | 1
 28, 17 |   2.3885827151966818e-04 |   2.3885827151966818e-04 | 1
 28, 18 |   4.0641350912098772e-04 |   4.0641350912098772e-04 | 1
 28, 19 |   2.3091414681653317e-04 |   2.3091414681653317e-04 | 1
 28, 20 |   3.5982026677736892e-04 |   3.5982026677736892e-04 | 1
 28, 21 |   9.5351510986464827e-06 |   9.5351510986464827e-06 | 1
 28, 22 |   3.0442907539041358e-04 |   3.0442907539041358e-04 | 1
 28, 23 |   1.8543726072499408e-04 |   1.8543726072499408e-04 | 1
 28, 24 |   2.1257601566823878e-04 |   2.1257601566823878e-04 | 1
 28, 25 |   2.7318998860009834e-04 |   2.7318998860009834e-04 | 1
 28, 26 |  -3.3506478812741233e-04 |  -3.3506478812741233e-04 | 1
 28, 27 |   3.7192845993861078e-05 |   3.7192845993861078e-05 | 1
 28, 28 |   7.9173388312999522e-04 |   7.9173388312999522e-04 | 1
 28, 29 |   2.4944987714492068e-05 |   2.4944987714492068e-05 | 1
 28, 30 |  -4.3658053745007977e-05 |  -4.3658053745007977e-05 | 1
 29,  1 |  -8.4814617251962275e-05 |  -8.4814617251962275e-05 | 1
 29,  2 |   5.3502929980909749e-04 |   5.3502929980909749e-04 | 1
 29,  3 |  -9.4065382639360574e-05 |  -9.4065382639360574e-05 | 1
 29,  4 |   2.1174934813211467e-04 |   2.1174934813211467e-04 | 1
 29,  5 |  -1.1345208354005454e-04 |  -1.1345208354005454e-04 | 1
 29,  6 |   1.6746690008151416e-04 |   1.6746690008151416e-04 | 1
 29,  7 |   2.2944222890811566e-04 |   2.2944222890811566e-04 | 1
 29,  8 |  -2.3053189328346637e-04 |  -2.3053189328346637e-04 | 1
 29,  9 |   1.5376159599803159e-04 |   1.5376159599803159e-04 | 1
 29, 10 |   1.4042230252491066e-03 |   1.4042230252491066e-03 | 1
 29, 11 |   6.2929417587135987e-04 |   6.2929417587135987e-04 | 1
 29, 12 |  -1.1229554437432528e-03 |  -1.1229554437432528e-03 | 1
 29, 13 |  -6.2862826924344395e-04 |  -6.2862826924344395e-04 | 1
 29, 14 |   2.6331199779068115e-04 |   2.6331199779068115e-04 | 1
 29, 15 |   4.6830051412521847e-04 |   4.6830051412521847e-04 | 1
 29, 16 |  -8.5177873999483437e-05 |  -8.5177873999483437e-05 | 1
 29, 17 |   2.3460359392449780e-04 |   2.3460359392449780e-04 | 1
 29, 18 |  -1.6516826894085010e-04 |  -1.6516826894085010e-04 | 1
 29, 19 |   3.7559025845057466e-04 |   3.7559025845057466e-04 | 1
 29, 20 |  -2.2874502055710098e-04 |  -2.2874502055710098e-04 | 1
 29, 21 |   1.2347773478105172e-03 |   1.2347773478105172e-03 | 1
 29, 22 |  -2.9635681000548647e-06 |  -2.9635681000548647e-06 | 1
 29, 23 |   6.0678605589327634e-04 |   6.0678605589327634e-04 | 1
 29, 24 |   4.3686628414012446e-04 |   4.3686628414012446e-04 | 1
 29, 25 |   1.2759345759061125e-04 |   1.2759345759061125e-04 | 1
 29, 26 |   2.5896247958963527e-03 |   2.5896247958963527e-03 | 1
 29, 27 |   1.1097461126867907e-03 |   1.1097461126867907e-03 | 1
 29, 28 |   2.4944987714492068e-05 |   2.4944987714492068e-05 | 1
 29, 29 |   1.5173044474449276e-03 |   1.5173044474449276e-03 | 1
 29, 30 |   1.4122492384657714e-03 |   1.4122492384657714e-03 | 1
 30,  1 |  -1.8555361956490400e-04 |  -1.8555361956490400e-04 | 1
 30,  2 |   6.3905877748192223e-04 |   6.3905877748192223e-04 | 1
 30,  3 |  -2.0050831500028783e-04 |  -2.0050831500028783e-04 | 1
 30,  4 |   2.1823998522710442e-04 |   2.1823998522710442e-04 | 1
 30,  5 |  -2.2181099823912780e-04 |  -2.2181099823912780e-04 | 1
 30,  6 |   1.4691668220014688e-04 |   1.4691668220014688e-04 | 1
 30,  7 |   2.2786153816284241e-04 |   2.2786153816284241e-04 | 1
 30,  8 |  -3.7922968060611408e-04 |  -3.7922968060611408e-04 | 1
 30,  9 |   1.1655985729335843e-04 |   1.1655985729335843e-04 | 1
 30, 10 |   1.7717447870450125e-03 |   1.7717447870450125e-03 | 1
 30, 11 |   7.5699056525247257e-04 |   7.5699056525247257e-04 | 1
 30, 12 |  -1.5683825774485580e-03 |  -1.5683825774485580e-03 | 1
 30, 13 |  -9.1238781641895324e-04 |  -9.1238781641895324e-04 | 1
 30, 14 |   2.0464221498535764e-04 |   2.0464221498535764e-04 | 1
 30, 15 |   5.4103832872774964e-04 |   5.4103832872774964e-04 | 1
 30, 16 |  -1.8589362137680639e-04 |  -1.8589362137680639e-04 | 1
 30, 17 |   2.4063734381171633e-04 |   2.4063734381171633e-04 | 1
 30, 18 |  -3.0201998017936936e-04 |  -3.0201998017936936e-04 | 1
 30, 19 |   4.2119752343334772e-04 |   4.2119752343334772e-04 | 1
 30, 20 |  -3.7312974686683502e-04 |  -3.7312974686683502e-04 | 1
 30, 21 |   1.5574656522649691e-03 |   1.5574656522649691e-03 | 1
 30, 22 |  -7.2419418557346022e-05 |  -7.2419418557346022e-05 | 1
 30, 23 |   7.2347752259814232e-04 |   7.2347752259814232e-04 | 1
 30, 24 |   5.0298894969581743e-04 |   5.0298894969581743e-04 | 1
 30, 25 |   9.8335095603536562e-05 |   9.8335095603536562e-05 | 1
 30, 26 |   3.3452206368446615e-03 |   3.3452206368446615e-03 | 1
 30, 27 |   1.3929601158527969e-03 |   1.3929601158527969e-03 | 1
 30, 28 |  -4.3658053745007977e-05 |  -4.3658053745007977e-05 | 1
 30, 29 |   1.4122492384657714e-03 |   1.4122492384657714e-03 | 1
 30, 30 |   2.6145223505744061e-03 |   2.6145223505744061e-03 | 1
