row,col | V_base                   | V_new                    | equal
  1,  1 |   1.0226170117470992e-04 |   1.0226170117470992e-04 | 1
  1,  2 |   5.2504832569058784e-05 |   5.2504832569058784e-05 | 1
  1,  3 |   8.7726660613285869e-05 |   8.7726660613285869e-05 | 1
  1,  4 |   3.3355641636085153e-05 |   3.3355641636085153e-05 | 1
  1,  5 |   8.8506526159061195e-05 |   8.8506526159061195e-05 | 1
  1,  6 |   4.8311151164551517e-05 |   4.8311151164551517e-05 | 1
  1,  7 |   5.6845474237153659e-05 |   5.6845474237153659e-05 | 1
  1,  8 |   4.6486688503711981e-06 |   4.6486688503711981e-06 | 1
  1,  9 |  -3.8567867690744306e-05 |  -3.8567867690744306e-05 | 1
  1, 10 |   1.0689929765368486e-04 |   1.0689929765368486e-04 | 1
  1, 11 |  -2.1159369806535622e-05 |  -2.1159369806535622e-05 | 1
  1, 12 |  -2.1234735462318092e-05 |  -2.1234735462318092e-05 | 1
  1, 13 |  -7.4220649747079197e-05 |  -7.4220649747079197e-05 | 1
  1, 14 |   0.0000000000000000e+00 |   0.0000000000000000e+00 | 1
  2,  1 |   5.2504832569058784e-05 |   5.2504832569058784e-05 | 1
  2,  2 |   7.1883656539158082e-04 |   7.1883656539158082e-04 | 1
  2,  3 |  -5.4878050357896890e-04 |  -5.4878050357896890e-04 | 1
  2,  4 |   1.2413079302308657e-06 |   1.2413079302308657e-06 | 1
  2,  5 |   1.6386997496755043e-04 |   1.6386997496755043e-04 | 1
  2,  6 |   3.4882227463120892e-05 |   3.4882227463120892e-05 | 1
  2,  7 |   5.1034830686134218e-05 |   5.1034830686134218e-05 | 1
  2,  8 |  -2.1949158018859643e-04 |  -2.1949158018859643e-04 | 1
  2,  9 |  -4.2122747275251512e-04 |  -4.2122747275251512e-04 | 1
  2, 10 |   5.1044945836961478e-04 |   5.1044945836961478e-04 | 1
  2, 11 |  -2.0432628458740879e-05 |  -2.0432628458740879e-05 | 1
  2, 12 |  -5.8568607143186786e-06 |  -5.8568607143186786e-06 | 1
  2, 13 |  -8.5396050879623682e-05 |  -8.5396050879623682e-05 | 1
  2, 14 |   0.0000000000000000e+00 |   0.0000000000000000e+00 | 1
  3,  1 |   8.7726660613285869e-05 |   8.7726660613285869e-05 | 1
  3,  2 |  -5.4878050357896890e-04 |  -5.4878050357896890e-04 | 1
  3,  3 |   1.8082752905767354e-02 |   1.8082752905767354e-02 | 1
  3,  4 |   7.1485560762540716e-04 |   7.1485560762540716e-04 | 1
  3,  5 |  -1.0016120164754402e-03 |  -1.0016120164754402e-03 | 1
  3,  6 |   1.1383660070079901e-03 |   1.1383660070079901e-03 | 1
  3,  7 |   2.2310448829173800e-05 |   2.2310448829173800e-05 | 1
  3,  8 |  -1.7228154846168644e-03 |  -1.7228154846168644e-03 | 1
  3,  9 |   1.2146546986876137e-02 |   1.2146546986876137e-02 | 1
  3, 10 |  -1.6060510152760287e-02 |  -1.6060510152760287e-02 | 1
  3, 11 |  -5.0890390819422203e-05 |  -5.0890390819422203e-05 | 1
  3, 12 |   1.2277925418287413e-04 |   1.2277925418287413e-04 | 1
  3, 13 |  -2.0451913254186676e-04 |  -2.0451913254186676e-04 | 1
  3, 14 |   0.0000000000000000e+00 |   0.0000000000000000e+00 | 1
  4,  1 |   3.3355641636085153e-05 |   3.3355641636085153e-05 | 1
  4,  2 |   1.2413079302308657e-06 |   1.2413079302308657e-06 | 1
  4,  3 |   7.1485560762540716e-04 |   7.1485560762540716e-04 | 1
  4,  4 |   3.1864695385443474e-02 |   3.1864695385443474e-02 | 1
  4,  5 |  -2.8545209531335359e-05 |  -2.8545209531335359e-05 | 1
  4,  6 |   5.7784825716351489e-05 |   5.7784825716351489e-05 | 1
  4,  7 |   1.6214452270866982e-05 |   1.6214452270866982e-05 | 1
  4,  8 |  -1.0493070426873919e-04 |  -1.0493070426873919e-04 | 1
  4,  9 |   3.1751559998436350e-04 |   3.1751559998436350e-04 | 1
  4, 10 |  -2.5090725492096452e-04 |  -2.5090725492096452e-04 | 1
  4, 11 |  -1.9018355177498374e-05 |  -1.9018355177498374e-05 | 1
  4, 12 |   1.6153123265863029e-06 |   1.6153123265863029e-06 | 1
  4, 13 |  -5.4998222871013397e-05 |  -5.4998222871013397e-05 | 1
  4, 14 |   0.0000000000000000e+00 |   0.0000000000000000e+00 | 1
  5,  1 |   8.8506526159061195e-05 |   8.8506526159061195e-05 | 1
  5,  2 |   1.6386997496755043e-04 |   1.6386997496755043e-04 | 1
  5,  3 |  -1.0016120164754402e-03 |  -1.0016120164754402e-03 | 1
  5,  4 |  -2.8545209531335359e-05 |  -2.8545209531335359e-05 | 1
  5,  5 |   1.3707783749351474e-02 |   1.3707783749351474e-02 | 1
  5,  6 |   6.4016231138941366e-05 |   6.4016231138941366e-05 | 1
  5,  7 |   1.1301707290506101e-04 |   1.1301707290506101e-04 | 1
  5,  8 |   1.8746551085773976e-04 |   1.8746551085773976e-04 | 1
  5,  9 |  -7.0518961257367446e-04 |  -7.0518961257367446e-04 | 1
  5, 10 |   8.1923156025802608e-04 |   8.1923156025802608e-04 | 1
  5, 11 |  -5.9423481001059109e-05 |  -5.9423481001059109e-05 | 1
  5, 12 |  -5.4460868913914233e-05 |  -5.4460868913914233e-05 | 1
  5, 13 |  -1.0327961095384390e-04 |  -1.0327961095384390e-04 | 1
  5, 14 |   0.0000000000000000e+00 |   0.0000000000000000e+00 | 1
  6,  1 |   4.8311151164551517e-05 |   4.8311151164551517e-05 | 1
  6,  2 |   3.4882227463120892e-05 |   3.4882227463120892e-05 | 1
  6,  3 |   1.1383660070079901e-03 |   1.1383660070079901e-03 | 1
  6,  4 |   5.7784825716351489e-05 |   5.7784825716351489e-05 | 1
  6,  5 |   6.4016231138941366e-05 |   6.4016231138941366e-05 | 1
  6,  6 |   9.1178295802346668e-03 |   9.1178295802346668e-03 | 1
  6,  7 |   4.2304700759870596e-05 |   4.2304700759870596e-05 | 1
  6,  8 |  -6.8915373062884797e-05 |  -6.8915373062884797e-05 | 1
  6,  9 |   7.5007194805804412e-04 |   7.5007194805804412e-04 | 1
  6, 10 |  -1.0488998154412584e-03 |  -1.0488998154412584e-03 | 1
  6, 11 |  -3.8795188882239897e-05 |  -3.8795188882239897e-05 | 1
  6, 12 |  -6.6844919544518094e-06 |  -6.6844919544518094e-06 | 1
  6, 13 |  -6.4616129574153428e-05 |  -6.4616129574153428e-05 | 1
  6, 14 |   0.0000000000000000e+00 |   0.0000000000000000e+00 | 1
  7,  1 |   5.6845474237153659e-05 |   5.6845474237153659e-05 | 1
  7,  2 |   5.1034830686134218e-05 |   5.1034830686134218e-05 | 1
  7,  3 |   2.2310448829173800e-05 |   2.2310448829173800e-05 | 1
  7,  4 |   1.6214452270866982e-05 |   1.6214452270866982e-05 | 1
  7,  5 |   1.1301707290506101e-04 |   1.1301707290506101e-04 | 1
  7,  6 |   4.2304700759870596e-05 |   4.2304700759870596e-05 | 1
  7,  7 |   7.2673918947017209e-04 |   7.2673918947017209e-04 | 1
  7,  8 |   3.2152013044661149e-05 |   3.2152013044661149e-05 | 1
  7,  9 |  -4.2100082360897894e-05 |  -4.2100082360897894e-05 | 1
  7, 10 |   7.7059847577243696e-05 |   7.7059847577243696e-05 | 1
  7, 11 |  -1.6471014899405100e-05 |  -1.6471014899405100e-05 | 1
  7, 12 |  -4.5586823584691121e-05 |  -4.5586823584691121e-05 | 1
  7, 13 |  -7.5311855199803983e-05 |  -7.5311855199803983e-05 | 1
  7, 14 |   0.0000000000000000e+00 |   0.0000000000000000e+00 | 1
  8,  1 |   4.6486688503711981e-06 |   4.6486688503711981e-06 | 1
  8,  2 |  -2.1949158018859643e-04 |  -2.1949158018859643e-04 | 1
  8,  3 |  -1.7228154846168644e-03 |  -1.7228154846168644e-03 | 1
  8,  4 |  -1.0493070426873919e-04 |  -1.0493070426873919e-04 | 1
  8,  5 |   1.8746551085773976e-04 |   1.8746551085773976e-04 | 1
  8,  6 |  -6.8915373062884797e-05 |  -6.8915373062884797e-05 | 1
  8,  7 |   3.2152013044661149e-05 |   3.2152013044661149e-05 | 1
  8,  8 |   3.9368852151401714e-04 |   3.9368852151401714e-04 | 1
  8,  9 |  -1.0303641176131286e-03 |  -1.0303641176131286e-03 | 1
  8, 10 |   1.1606479430646482e-03 |   1.1606479430646482e-03 | 1
  8, 11 |   2.8203946199738808e-07 |   2.8203946199738808e-07 | 1
  8, 12 |  -2.1327250148512030e-05 |  -2.1327250148512030e-05 | 1
  8, 13 |   2.3249198996648114e-06 |   2.3249198996648114e-06 | 1
  8, 14 |   0.0000000000000000e+00 |   0.0000000000000000e+00 | 1
  9,  1 |  -3.8567867690744306e-05 |  -3.8567867690744306e-05 | 1
  9,  2 |  -4.2122747275251512e-04 |  -4.2122747275251512e-04 | 1
  9,  3 |   1.2146546986876137e-02 |   1.2146546986876137e-02 | 1
  9,  4 |   3.1751559998436350e-04 |   3.1751559998436350e-04 | 1
  9,  5 |  -7.0518961257367446e-04 |  -7.0518961257367446e-04 | 1
  9,  6 |   7.5007194805804412e-04 |   7.5007194805804412e-04 | 1
  9,  7 |  -4.2100082360897894e-05 |  -4.2100082360897894e-05 | 1
  9,  8 |  -1.0303641176131286e-03 |  -1.0303641176131286e-03 | 1
  9,  9 |   8.6949763218510476e-03 |   8.6949763218510476e-03 | 1
  9, 10 |  -1.2083372578112098e-02 |  -1.2083372578112098e-02 | 1
  9, 11 |   9.2473713027494701e-06 |   9.2473713027494701e-06 | 1
  9, 12 |   1.0765949797165131e-04 |   1.0765949797165131e-04 | 1
  9, 13 |   9.8601786298196479e-06 |   9.8601786298196479e-06 | 1
  9, 14 |   0.0000000000000000e+00 |   0.0000000000000000e+00 | 1
 10,  1 |   1.0689929765368486e-04 |   1.0689929765368486e-04 | 1
 10,  2 |   5.1044945836961478e-04 |   5.1044945836961478e-04 | 1
 10,  3 |  -1.6060510152760287e-02 |  -1.6060510152760287e-02 | 1
 10,  4 |  -2.5090725492096452e-04 |  -2.5090725492096452e-04 | 1
 10,  5 |   8.1923156025802608e-04 |   8.1923156025802608e-04 | 1
 10,  6 |  -1.0488998154412584e-03 |  -1.0488998154412584e-03 | 1
 10,  7 |   7.7059847577243696e-05 |   7.7059847577243696e-05 | 1
 10,  8 |   1.1606479430646482e-03 |   1.1606479430646482e-03 | 1
 10,  9 |  -1.2083372578112098e-02 |  -1.2083372578112098e-02 | 1
 10, 10 |   1.8307643632956231e-02 |   1.8307643632956231e-02 | 1
 10, 11 |  -4.4346027082948709e-05 |  -4.4346027082948709e-05 | 1
 10, 12 |  -1.8616000863333314e-04 |  -1.8616000863333314e-04 | 1
 10, 13 |  -7.6047647502212179e-05 |  -7.6047647502212179e-05 | 1
 10, 14 |   0.0000000000000000e+00 |   0.0000000000000000e+00 | 1
 11,  1 |  -2.1159369806535622e-05 |  -2.1159369806535622e-05 | 1
 11,  2 |  -2.0432628458740879e-05 |  -2.0432628458740879e-05 | 1
 11,  3 |  -5.0890390819422203e-05 |  -5.0890390819422203e-05 | 1
 11,  4 |  -1.9018355177498374e-05 |  -1.9018355177498374e-05 | 1
 11,  5 |  -5.9423481001059109e-05 |  -5.9423481001059109e-05 | 1
 11,  6 |  -3.8795188882239897e-05 |  -3.8795188882239897e-05 | 1
 11,  7 |  -1.6471014899405100e-05 |  -1.6471014899405100e-05 | 1
 11,  8 |   2.8203946199738808e-07 |   2.8203946199738808e-07 | 1
 11,  9 |   9.2473713027494701e-06 |   9.2473713027494701e-06 | 1
 11, 10 |  -4.4346027082948709e-05 |  -4.4346027082948709e-05 | 1
 11, 11 |   3.9405370619058615e-05 |   3.9405370619058615e-05 | 1
 11, 12 |   2.3647674242150022e-05 |   2.3647674242150022e-05 | 1
 11, 13 |   6.7819475710788220e-07 |   6.7819475710788220e-07 | 1
 11, 14 |   0.0000000000000000e+00 |   0.0000000000000000e+00 | 1
 12,  1 |  -2.1234735462318092e-05 |  -2.1234735462318092e-05 | 1
 12,  2 |  -5.8568607143186786e-06 |  -5.8568607143186786e-06 | 1
 12,  3 |   1.2277925418287413e-04 |   1.2277925418287413e-04 | 1
 12,  4 |   1.6153123265863029e-06 |   1.6153123265863029e-06 | 1
 12,  5 |  -5.4460868913914233e-05 |  -5.4460868913914233e-05 | 1
 12,  6 |  -6.6844919544518094e-06 |  -6.6844919544518094e-06 | 1
 12,  7 |  -4.5586823584691121e-05 |  -4.5586823584691121e-05 | 1
 12,  8 |  -2.1327250148512030e-05 |  -2.1327250148512030e-05 | 1
 12,  9 |   1.0765949797165131e-04 |   1.0765949797165131e-04 | 1
 12, 10 |  -1.8616000863333314e-04 |  -1.8616000863333314e-04 | 1
 12, 11 |   2.3647674242150022e-05 |   2.3647674242150022e-05 | 1
 12, 12 |   4.7862205999232717e-05 |   4.7862205999232717e-05 | 1
 12, 13 |  -1.1053115828021054e-06 |  -1.1053115828021054e-06 | 1
 12, 14 |   0.0000000000000000e+00 |   0.0000000000000000e+00 | 1
 13,  1 |  -7.4220649747079197e-05 |  -7.4220649747079197e-05 | 1
 13,  2 |  -8.5396050879623682e-05 |  -8.5396050879623682e-05 | 1
 13,  3 |  -2.0451913254186676e-04 |  -2.0451913254186676e-04 | 1
 13,  4 |  -5.4998222871013397e-05 |  -5.4998222871013397e-05 | 1
 13,  5 |  -1.0327961095384390e-04 |  -1.0327961095384390e-04 | 1
 13,  6 |  -6.4616129574153428e-05 |  -6.4616129574153428e-05 | 1
 13,  7 |  -7.5311855199803983e-05 |  -7.5311855199803983e-05 | 1
 13,  8 |   2.3249198996648114e-06 |   2.3249198996648114e-06 | 1
 13,  9 |   9.8601786298196479e-06 |   9.8601786298196479e-06 | 1
 13, 10 |  -7.6047647502212179e-05 |  -7.6047647502212179e-05 | 1
 13, 11 |   6.7819475710788220e-07 |   6.7819475710788220e-07 | 1
 13, 12 |  -1.1053115828021054e-06 |  -1.1053115828021054e-06 | 1
 13, 13 |   1.4623364821544446e-04 |   1.4623364821544446e-04 | 1
 13, 14 |   0.0000000000000000e+00 |   0.0000000000000000e+00 | 1
 14,  1 |   0.0000000000000000e+00 |   0.0000000000000000e+00 | 1
 14,  2 |   0.0000000000000000e+00 |   0.0000000000000000e+00 | 1
 14,  3 |   0.0000000000000000e+00 |   0.0000000000000000e+00 | 1
 14,  4 |   0.0000000000000000e+00 |   0.0000000000000000e+00 | 1
 14,  5 |   0.0000000000000000e+00 |   0.0000000000000000e+00 | 1
 14,  6 |   0.0000000000000000e+00 |   0.0000000000000000e+00 | 1
 14,  7 |   0.0000000000000000e+00 |   0.0000000000000000e+00 | 1
 14,  8 |   0.0000000000000000e+00 |   0.0000000000000000e+00 | 1
 14,  9 |   0.0000000000000000e+00 |   0.0000000000000000e+00 | 1
 14, 10 |   0.0000000000000000e+00 |   0.0000000000000000e+00 | 1
 14, 11 |   0.0000000000000000e+00 |   0.0000000000000000e+00 | 1
 14, 12 |   0.0000000000000000e+00 |   0.0000000000000000e+00 | 1
 14, 13 |   0.0000000000000000e+00 |   0.0000000000000000e+00 | 1
 14, 14 |   0.0000000000000000e+00 |   0.0000000000000000e+00 | 1
