row,col | V_base                   | V_new                    | equal
  1,  1 |   7.7418316665735264e-04 |   7.7418316665735264e-04 | 1
  1,  2 |   2.9010705853857448e-05 |   2.9010705853857448e-05 | 1
  1,  3 |   6.3435404027370714e-05 |   6.3435404027370714e-05 | 1
  1,  4 |   1.8295602192120642e-05 |   1.8295602192120642e-05 | 1
  1,  5 |   1.1221213462216104e-03 |   1.1221213462216104e-03 | 1
  1,  6 |   5.6738673596658220e-05 |   5.6738673596658220e-05 | 1
  1,  7 |  -3.3698281549874277e-05 |  -3.3698281549874277e-05 | 1
  1,  8 |   5.6626227754107237e-05 |   5.6626227754107237e-05 | 1
  1,  9 |   4.9274506369235852e-05 |   4.9274506369235852e-05 | 1
  1, 10 |   3.7026714775463272e-05 |   3.7026714775463272e-05 | 1
  1, 11 |  -1.1328074136472850e-04 |  -1.1328074136472850e-04 | 1
  1, 12 |   4.0732725173907292e-04 |   4.0732725173907292e-04 | 1
  1, 13 |  -5.2569906615284458e-05 |  -5.2569906615284458e-05 | 1
  1, 14 |  -4.4921789391580340e-05 |  -4.4921789391580340e-05 | 1
  1, 15 |  -5.4988528709951602e-05 |  -5.4988528709951602e-05 | 1
  1, 16 |   3.2927647712820666e-05 |   3.2927647712820666e-05 | 1
  1, 17 |  -3.1797117362641700e-05 |  -3.1797117362641700e-05 | 1
  2,  1 |   2.9010705853857448e-05 |   2.9010705853857448e-05 | 1
  2,  2 |   7.1050947875938332e-03 |   7.1050947875938332e-03 | 1
  2,  3 |  -3.8199619060705115e-05 |  -3.8199619060705115e-05 | 1
  2,  4 |   3.1215539298417390e-04 |   3.1215539298417390e-04 | 1
  2,  5 |   2.2106778758510942e-03 |   2.2106778758510942e-03 | 1
  2,  6 |   9.7739143798167066e-04 |   9.7739143798167066e-04 | 1
  2,  7 |   2.8040295744445013e-04 |   2.8040295744445013e-04 | 1
  2,  8 |  -1.0051558622660922e-04 |  -1.0051558622660922e-04 | 1
  2,  9 |   2.3841243326044230e-04 |   2.3841243326044230e-04 | 1
  2, 10 |   2.6887255153550002e-04 |   2.6887255153550002e-04 | 1
  2, 11 |  -4.6970286023697520e-04 |  -4.6970286023697520e-04 | 1
  2, 12 |  -5.0572783207643713e-04 |  -5.0572783207643713e-04 | 1
  2, 13 |  -4.6043078900878865e-05 |  -4.6043078900878865e-05 | 1
  2, 14 |  -4.8032717280542515e-05 |  -4.8032717280542515e-05 | 1
  2, 15 |  -2.5632433940941504e-05 |  -2.5632433940941504e-05 | 1
  2, 16 |   2.5711508438507501e-05 |   2.5711508438507501e-05 | 1
  2, 17 |  -2.6504549538791422e-04 |  -2.6504549538791422e-04 | 1
  3,  1 |   6.3435404027370714e-05 |   6.3435404027370714e-05 | 1
  3,  2 |  -3.8199619060705115e-05 |  -3.8199619060705115e-05 | 1
  3,  3 |   1.0646670389047557e-02 |   1.0646670389047557e-02 | 1
  3,  4 |   1.1485593362114128e-05 |   1.1485593362114128e-05 | 1
  3,  5 |   6.2739312702113526e-02 |   6.2739312702113526e-02 | 1
  3,  6 |   3.0605666876172034e-03 |   3.0605666876172034e-03 | 1
  3,  7 |  -7.6176746401730513e-03 |  -7.6176746401730513e-03 | 1
  3,  8 |   9.4456967474955064e-04 |   9.4456967474955064e-04 | 1
  3,  9 |  -6.1292491715610512e-04 |  -6.1292491715610512e-04 | 1
  3, 10 |   5.4320727541706915e-05 |   5.4320727541706915e-05 | 1
  3, 11 |  -6.3318000976543814e-03 |  -6.3318000976543814e-03 | 1
  3, 12 |   2.7127549749987080e-02 |   2.7127549749987080e-02 | 1
  3, 13 |  -7.2925273464869887e-05 |  -7.2925273464869887e-05 | 1
  3, 14 |  -1.0194978062148542e-04 |  -1.0194978062148542e-04 | 1
  3, 15 |  -8.7593427154559391e-05 |  -8.7593427154559391e-05 | 1
  3, 16 |   6.0925524167223694e-05 |   6.0925524167223694e-05 | 1
  3, 17 |  -4.7510840308525180e-05 |  -4.7510840308525180e-05 | 1
  4,  1 |   1.8295602192120642e-05 |   1.8295602192120642e-05 | 1
  4,  2 |   3.1215539298417390e-04 |   3.1215539298417390e-04 | 1
  4,  3 |   1.1485593362114128e-05 |   1.1485593362114128e-05 | 1
  4,  4 |   7.6763322666218775e-03 |   7.6763322666218775e-03 | 1
  4,  5 |   1.6574728037552434e-02 |   1.6574728037552434e-02 | 1
  4,  6 |   4.1978519140236040e-03 |   4.1978519140236040e-03 | 1
  4,  7 |  -1.6992655416560819e-04 |  -1.6992655416560819e-04 | 1
  4,  8 |  -4.1295430884471531e-04 |  -4.1295430884471531e-04 | 1
  4,  9 |   7.3627206568358796e-04 |   7.3627206568358796e-04 | 1
  4, 10 |  -4.3019183953212897e-03 |  -4.3019183953212897e-03 | 1
  4, 11 |  -2.6243338884346682e-03 |  -2.6243338884346682e-03 | 1
  4, 12 |   1.7013830526174921e-03 |   1.7013830526174921e-03 | 1
  4, 13 |  -3.8856061993744023e-05 |  -3.8856061993744023e-05 | 1
  4, 14 |  -1.2964440189028245e-05 |  -1.2964440189028245e-05 | 1
  4, 15 |  -3.5057219512500707e-06 |  -3.5057219512500707e-06 | 1
  4, 16 |   1.2530353325189778e-05 |   1.2530353325189778e-05 | 1
  4, 17 |   4.3016023831660404e-03 |   4.3016023831660404e-03 | 1
  5,  1 |   1.1221213462216104e-03 |   1.1221213462216104e-03 | 1
  5,  2 |   2.2106778758510942e-03 |   2.2106778758510942e-03 | 1
  5,  3 |   6.2739312702113526e-02 |   6.2739312702113526e-02 | 1
  5,  4 |   1.6574728037552434e-02 |   1.6574728037552434e-02 | 1
  5,  5 |   2.2158259361115440e+00 |   2.2158259361115440e+00 | 1
  5,  6 |   1.5684887492286059e-01 |   1.5684887492286059e-01 | 1
  5,  7 |  -2.4645039970076196e-01 |  -2.4645039970076196e-01 | 1
  5,  8 |   2.2352952766573835e-02 |   2.2352952766573835e-02 | 1
  5,  9 |  -1.0010278290239462e-02 |  -1.0010278290239462e-02 | 1
  5, 10 |   1.3993413760267238e-02 |   1.3993413760267238e-02 | 1
  5, 11 |  -2.3727640287995241e-01 |  -2.3727640287995241e-01 | 1
  5, 12 |   8.8226391088683798e-01 |   8.8226391088683798e-01 | 1
  5, 13 |  -1.2713800366132722e-03 |  -1.2713800366132722e-03 | 1
  5, 14 |  -1.7118777788713933e-03 |  -1.7118777788713933e-03 | 1
  5, 15 |  -1.5460081015250815e-03 |  -1.5460081015250815e-03 | 1
  5, 16 |   1.1503638028669484e-03 |   1.1503638028669484e-03 | 1
  5, 17 |  -1.3961248033881404e-02 |  -1.3961248033881404e-02 | 1
  6,  1 |   5.6738673596658220e-05 |   5.6738673596658220e-05 | 1
  6,  2 |   9.7739143798167066e-04 |   9.7739143798167066e-04 | 1
  6,  3 |   3.0605666876172034e-03 |   3.0605666876172034e-03 | 1
  6,  4 |   4.1978519140236040e-03 |   4.1978519140236040e-03 | 1
  6,  5 |   1.5684887492286059e-01 |   1.5684887492286059e-01 | 1
  6,  6 |   5.5972153146508059e-02 |   5.5972153146508059e-02 | 1
  6,  7 |  -1.2429940480237659e-02 |  -1.2429940480237659e-02 | 1
  6,  8 |  -1.4485016195726989e-04 |  -1.4485016195726989e-04 | 1
  6,  9 |   1.7435322141957253e-03 |   1.7435322141957253e-03 | 1
  6, 10 |   3.4513251698642883e-03 |   3.4513251698642883e-03 | 1
  6, 11 |  -1.9343642139536418e-02 |  -1.9343642139536418e-02 | 1
  6, 12 |   4.8192218759727318e-02 |   4.8192218759727318e-02 | 1
  6, 13 |  -5.4232657039426181e-05 |  -5.4232657039426181e-05 | 1
  6, 14 |  -9.6620152903514591e-05 |  -9.6620152903514591e-05 | 1
  6, 15 |  -8.0401208885664833e-05 |  -8.0401208885664833e-05 | 1
  6, 16 |   6.2159067761545072e-05 |   6.2159067761545072e-05 | 1
  6, 17 |  -3.4501576431632923e-03 |  -3.4501576431632923e-03 | 1
  7,  1 |  -3.3698281549874277e-05 |  -3.3698281549874277e-05 | 1
  7,  2 |   2.8040295744445013e-04 |   2.8040295744445013e-04 | 1
  7,  3 |  -7.6176746401730513e-03 |  -7.6176746401730513e-03 | 1
  7,  4 |  -1.6992655416560819e-04 |  -1.6992655416560819e-04 | 1
  7,  5 |  -2.4645039970076196e-01 |  -2.4645039970076196e-01 | 1
  7,  6 |  -1.2429940480237659e-02 |  -1.2429940480237659e-02 | 1
  7,  7 |   5.1489710610490874e-02 |   5.1489710610490874e-02 | 1
  7,  8 |  -3.3090912082291836e-03 |  -3.3090912082291836e-03 | 1
  7,  9 |   2.6398214950369529e-03 |   2.6398214950369529e-03 | 1
  7, 10 |  -8.5526847532405850e-05 |  -8.5526847532405850e-05 | 1
  7, 11 |   2.4975548836313536e-02 |   2.4975548836313536e-02 | 1
  7, 12 |  -1.0602552286792750e-01 |  -1.0602552286792750e-01 | 1
  7, 13 |   6.1473611850909550e-05 |   6.1473611850909550e-05 | 1
  7, 14 |   4.0087565668023576e-05 |   4.0087565668023576e-05 | 1
  7, 15 |   2.1660223064505641e-05 |   2.1660223064505641e-05 | 1
  7, 16 |  -4.7498443602855226e-05 |  -4.7498443602855226e-05 | 1
  7, 17 |   1.0076226775536097e-04 |   1.0076226775536097e-04 | 1
  8,  1 |   5.6626227754107237e-05 |   5.6626227754107237e-05 | 1
  8,  2 |  -1.0051558622660922e-04 |  -1.0051558622660922e-04 | 1
  8,  3 |   9.4456967474955064e-04 |   9.4456967474955064e-04 | 1
  8,  4 |  -4.1295430884471531e-04 |  -4.1295430884471531e-04 | 1
  8,  5 |   2.2352952766573835e-02 |   2.2352952766573835e-02 | 1
  8,  6 |  -1.4485016195726989e-04 |  -1.4485016195726989e-04 | 1
  8,  7 |  -3.3090912082291836e-03 |  -3.3090912082291836e-03 | 1
  8,  8 |   4.1685584207633880e-02 |   4.1685584207633880e-02 | 1
  8,  9 |  -4.9920586074537945e-04 |  -4.9920586074537945e-04 | 1
  8, 10 |  -2.7588995536113734e-04 |  -2.7588995536113734e-04 | 1
  8, 11 |  -1.9138947245766220e-03 |  -1.9138947245766220e-03 | 1
  8, 12 |   1.1625858093572986e-02 |   1.1625858093572986e-02 | 1
  8, 13 |  -5.6490575767602943e-05 |  -5.6490575767602943e-05 | 1
  8, 14 |  -1.1115240247621519e-04 |  -1.1115240247621519e-04 | 1
  8, 15 |  -8.2767237843201001e-05 |  -8.2767237843201001e-05 | 1
  8, 16 |   5.5655661115467623e-05 |   5.5655661115467623e-05 | 1
  8, 17 |   2.8502708106403968e-04 |   2.8502708106403968e-04 | 1
  9,  1 |   4.9274506369235852e-05 |   4.9274506369235852e-05 | 1
  9,  2 |   2.3841243326044230e-04 |   2.3841243326044230e-04 | 1
  9,  3 |  -6.1292491715610512e-04 |  -6.1292491715610512e-04 | 1
  9,  4 |   7.3627206568358796e-04 |   7.3627206568358796e-04 | 1
  9,  5 |  -1.0010278290239462e-02 |  -1.0010278290239462e-02 | 1
  9,  6 |   1.7435322141957253e-03 |   1.7435322141957253e-03 | 1
  9,  7 |   2.6398214950369529e-03 |   2.6398214950369529e-03 | 1
  9,  8 |  -4.9920586074537945e-04 |  -4.9920586074537945e-04 | 1
  9,  9 |   5.1460231514871516e-02 |   5.1460231514871516e-02 | 1
  9, 10 |   7.0478510624471039e-04 |   7.0478510624471039e-04 | 1
  9, 11 |   3.4898524126919717e-04 |   3.4898524126919717e-04 | 1
  9, 12 |  -7.9102735839252231e-03 |  -7.9102735839252231e-03 | 1
  9, 13 |  -1.6882278823467297e-05 |  -1.6882278823467297e-05 | 1
  9, 14 |  -5.3486848289941996e-05 |  -5.3486848289941996e-05 | 1
  9, 15 |  -1.1609476349920916e-04 |  -1.1609476349920916e-04 | 1
  9, 16 |   3.7147342753828617e-05 |   3.7147342753828617e-05 | 1
  9, 17 |  -6.9305365438070707e-04 |  -6.9305365438070707e-04 | 1
 10,  1 |   3.7026714775463272e-05 |   3.7026714775463272e-05 | 1
 10,  2 |   2.6887255153550002e-04 |   2.6887255153550002e-04 | 1
 10,  3 |   5.4320727541706915e-05 |   5.4320727541706915e-05 | 1
 10,  4 |  -4.3019183953212897e-03 |  -4.3019183953212897e-03 | 1
 10,  5 |   1.3993413760267238e-02 |   1.3993413760267238e-02 | 1
 10,  6 |   3.4513251698642883e-03 |   3.4513251698642883e-03 | 1
 10,  7 |  -8.5526847532405850e-05 |  -8.5526847532405850e-05 | 1
 10,  8 |  -2.7588995536113734e-04 |  -2.7588995536113734e-04 | 1
 10,  9 |   7.0478510624471039e-04 |   7.0478510624471039e-04 | 1
 10, 10 |   5.0239418630247928e-03 |   5.0239418630247928e-03 | 1
 10, 11 |  -2.2072214074564406e-03 |  -2.2072214074564406e-03 | 1
 10, 12 |   1.6609387915490759e-03 |   1.6609387915490759e-03 | 1
 10, 13 |  -2.6603627864197925e-05 |  -2.6603627864197925e-05 | 1
 10, 14 |  -5.9122605671735077e-05 |  -5.9122605671735077e-05 | 1
 10, 15 |  -7.5908651146894493e-05 |  -7.5908651146894493e-05 | 1
 10, 16 |   3.6646325815530616e-05 |   3.6646325815530616e-05 | 1
 10, 17 |  -5.0172716057982382e-03 |  -5.0172716057982382e-03 | 1
 11,  1 |  -1.1328074136472850e-04 |  -1.1328074136472850e-04 | 1
 11,  2 |  -4.6970286023697520e-04 |  -4.6970286023697520e-04 | 1
 11,  3 |  -6.3318000976543814e-03 |  -6.3318000976543814e-03 | 1
 11,  4 |  -2.6243338884346682e-03 |  -2.6243338884346682e-03 | 1
 11,  5 |  -2.3727640287995241e-01 |  -2.3727640287995241e-01 | 1
 11,  6 |  -1.9343642139536418e-02 |  -1.9343642139536418e-02 | 1
 11,  7 |   2.4975548836313536e-02 |   2.4975548836313536e-02 | 1
 11,  8 |  -1.9138947245766220e-03 |  -1.9138947245766220e-03 | 1
 11,  9 |   3.4898524126919717e-04 |   3.4898524126919717e-04 | 1
 11, 10 |  -2.2072214074564406e-03 |  -2.2072214074564406e-03 | 1
 11, 11 |   2.6143455906909439e-02 |   2.6143455906909439e-02 | 1
 11, 12 |  -9.0474555894500056e-02 |  -9.0474555894500056e-02 | 1
 11, 13 |   1.0766822300760218e-04 |   1.0766822300760218e-04 | 1
 11, 14 |   1.8538594585859437e-04 |   1.8538594585859437e-04 | 1
 11, 15 |   1.7368502377723916e-04 |   1.7368502377723916e-04 | 1
 11, 16 |  -1.1818644618239174e-04 |  -1.1818644618239174e-04 | 1
 11, 17 |   2.2015850232074219e-03 |   2.2015850232074219e-03 | 1
 12,  1 |   4.0732725173907292e-04 |   4.0732725173907292e-04 | 1
 12,  2 |  -5.0572783207643713e-04 |  -5.0572783207643713e-04 | 1
 12,  3 |   2.7127549749987080e-02 |   2.7127549749987080e-02 | 1
 12,  4 |   1.7013830526174921e-03 |   1.7013830526174921e-03 | 1
 12,  5 |   8.8226391088683798e-01 |   8.8226391088683798e-01 | 1
 12,  6 |   4.8192218759727318e-02 |   4.8192218759727318e-02 | 1
 12,  7 |  -1.0602552286792750e-01 |  -1.0602552286792750e-01 | 1
 12,  8 |   1.1625858093572986e-02 |   1.1625858093572986e-02 | 1
 12,  9 |  -7.9102735839252231e-03 |  -7.9102735839252231e-03 | 1
 12, 10 |   1.6609387915490759e-03 |   1.6609387915490759e-03 | 1
 12, 11 |  -9.0474555894500056e-02 |  -9.0474555894500056e-02 | 1
 12, 12 |   3.7703762535443214e-01 |   3.7703762535443214e-01 | 1
 12, 13 |  -3.9532793650943576e-04 |  -3.9532793650943576e-04 | 1
 12, 14 |  -6.9413217032814989e-04 |  -6.9413217032814989e-04 | 1
 12, 15 |  -6.0498660397056612e-04 |  -6.0498660397056612e-04 | 1
 12, 16 |   4.2821395993503108e-04 |   4.2821395993503108e-04 | 1
 12, 17 |  -1.6417307724858120e-03 |  -1.6417307724858120e-03 | 1
 13,  1 |  -5.2569906615284458e-05 |  -5.2569906615284458e-05 | 1
 13,  2 |  -4.6043078900878865e-05 |  -4.6043078900878865e-05 | 1
 13,  3 |  -7.2925273464869887e-05 |  -7.2925273464869887e-05 | 1
 13,  4 |  -3.8856061993744023e-05 |  -3.8856061993744023e-05 | 1
 13,  5 |  -1.2713800366132722e-03 |  -1.2713800366132722e-03 | 1
 13,  6 |  -5.4232657039426181e-05 |  -5.4232657039426181e-05 | 1
 13,  7 |   6.1473611850909550e-05 |   6.1473611850909550e-05 | 1
 13,  8 |  -5.6490575767602943e-05 |  -5.6490575767602943e-05 | 1
 13,  9 |  -1.6882278823467297e-05 |  -1.6882278823467297e-05 | 1
 13, 10 |  -2.6603627864197925e-05 |  -2.6603627864197925e-05 | 1
 13, 11 |   1.0766822300760218e-04 |   1.0766822300760218e-04 | 1
 13, 12 |  -3.9532793650943576e-04 |  -3.9532793650943576e-04 | 1
 13, 13 |   9.8709695357719369e-05 |   9.8709695357719369e-05 | 1
 13, 14 |   4.6443273209317355e-05 |   4.6443273209317355e-05 | 1
 13, 15 |   4.5918974653470565e-05 |   4.5918974653470565e-05 | 1
 13, 16 |  -4.3647165704213382e-05 |  -4.3647165704213382e-05 | 1
 13, 17 |   2.4833645125606572e-05 |   2.4833645125606572e-05 | 1
 14,  1 |  -4.4921789391580340e-05 |  -4.4921789391580340e-05 | 1
 14,  2 |  -4.8032717280542515e-05 |  -4.8032717280542515e-05 | 1
 14,  3 |  -1.0194978062148542e-04 |  -1.0194978062148542e-04 | 1
 14,  4 |  -1.2964440189028245e-05 |  -1.2964440189028245e-05 | 1
 14,  5 |  -1.7118777788713933e-03 |  -1.7118777788713933e-03 | 1
 14,  6 |  -9.6620152903514591e-05 |  -9.6620152903514591e-05 | 1
 14,  7 |   4.0087565668023576e-05 |   4.0087565668023576e-05 | 1
 14,  8 |  -1.1115240247621519e-04 |  -1.1115240247621519e-04 | 1
 14,  9 |  -5.3486848289941996e-05 |  -5.3486848289941996e-05 | 1
 14, 10 |  -5.9122605671735077e-05 |  -5.9122605671735077e-05 | 1
 14, 11 |   1.8538594585859437e-04 |   1.8538594585859437e-04 | 1
 14, 12 |  -6.9413217032814989e-04 |  -6.9413217032814989e-04 | 1
 14, 13 |   4.6443273209317355e-05 |   4.6443273209317355e-05 | 1
 14, 14 |   1.0201301471751098e-04 |   1.0201301471751098e-04 | 1
 14, 15 |   5.8757142056170185e-05 |   5.8757142056170185e-05 | 1
 14, 16 |  -4.3182217090703047e-05 |  -4.3182217090703047e-05 | 1
 14, 17 |   4.8614306026623041e-05 |   4.8614306026623041e-05 | 1
 15,  1 |  -5.4988528709951602e-05 |  -5.4988528709951602e-05 | 1
 15,  2 |  -2.5632433940941504e-05 |  -2.5632433940941504e-05 | 1
 15,  3 |  -8.7593427154559391e-05 |  -8.7593427154559391e-05 | 1
 15,  4 |  -3.5057219512500707e-06 |  -3.5057219512500707e-06 | 1
 15,  5 |  -1.5460081015250815e-03 |  -1.5460081015250815e-03 | 1
 15,  6 |  -8.0401208885664833e-05 |  -8.0401208885664833e-05 | 1
 15,  7 |   2.1660223064505641e-05 |   2.1660223064505641e-05 | 1
 15,  8 |  -8.2767237843201001e-05 |  -8.2767237843201001e-05 | 1
 15,  9 |  -1.1609476349920916e-04 |  -1.1609476349920916e-04 | 1
 15, 10 |  -7.5908651146894493e-05 |  -7.5908651146894493e-05 | 1
 15, 11 |   1.7368502377723916e-04 |   1.7368502377723916e-04 | 1
 15, 12 |  -6.0498660397056612e-04 |  -6.0498660397056612e-04 | 1
 15, 13 |   4.5918974653470565e-05 |   4.5918974653470565e-05 | 1
 15, 14 |   5.8757142056170185e-05 |   5.8757142056170185e-05 | 1
 15, 15 |   1.0890723054741560e-04 |   1.0890723054741560e-04 | 1
 15, 16 |  -4.6116528571299594e-05 |  -4.6116528571299594e-05 | 1
 15, 17 |   6.6783543111814691e-05 |   6.6783543111814691e-05 | 1
 16,  1 |   3.2927647712820666e-05 |   3.2927647712820666e-05 | 1
 16,  2 |   2.5711508438507501e-05 |   2.5711508438507501e-05 | 1
 16,  3 |   6.0925524167223694e-05 |   6.0925524167223694e-05 | 1
 16,  4 |   1.2530353325189778e-05 |   1.2530353325189778e-05 | 1
 16,  5 |   1.1503638028669484e-03 |   1.1503638028669484e-03 | 1
 16,  6 |   6.2159067761545072e-05 |   6.2159067761545072e-05 | 1
 16,  7 |  -4.7498443602855226e-05 |  -4.7498443602855226e-05 | 1
 16,  8 |   5.5655661115467623e-05 |   5.5655661115467623e-05 | 1
 16,  9 |   3.7147342753828617e-05 |   3.7147342753828617e-05 | 1
 16, 10 |   3.6646325815530616e-05 |   3.6646325815530616e-05 | 1
 16, 11 |  -1.1818644618239174e-04 |  -1.1818644618239174e-04 | 1
 16, 12 |   4.2821395993503108e-04 |   4.2821395993503108e-04 | 1
 16, 13 |  -4.3647165704213382e-05 |  -4.3647165704213382e-05 | 1
 16, 14 |  -4.3182217090703047e-05 |  -4.3182217090703047e-05 | 1
 16, 15 |  -4.6116528571299594e-05 |  -4.6116528571299594e-05 | 1
 16, 16 |   5.5139706394642760e-04 |   5.5139706394642760e-04 | 1
 16, 17 |  -5.5057567070163538e-04 |  -5.5057567070163538e-04 | 1
 17,  1 |  -3.1797117362641700e-05 |  -3.1797117362641700e-05 | 1
 17,  2 |  -2.6504549538791422e-04 |  -2.6504549538791422e-04 | 1
 17,  3 |  -4.7510840308525180e-05 |  -4.7510840308525180e-05 | 1
 17,  4 |   4.3016023831660404e-03 |   4.3016023831660404e-03 | 1
 17,  5 |  -1.3961248033881404e-02 |  -1.3961248033881404e-02 | 1
 17,  6 |  -3.4501576431632923e-03 |  -3.4501576431632923e-03 | 1
 17,  7 |   1.0076226775536097e-04 |   1.0076226775536097e-04 | 1
 17,  8 |   2.8502708106403968e-04 |   2.8502708106403968e-04 | 1
 17,  9 |  -6.9305365438070707e-04 |  -6.9305365438070707e-04 | 1
 17, 10 |  -5.0172716057982382e-03 |  -5.0172716057982382e-03 | 1
 17, 11 |   2.2015850232074219e-03 |   2.2015850232074219e-03 | 1
 17, 12 |  -1.6417307724858120e-03 |  -1.6417307724858120e-03 | 1
 17, 13 |   2.4833645125606572e-05 |   2.4833645125606572e-05 | 1
 17, 14 |   4.8614306026623041e-05 |   4.8614306026623041e-05 | 1
 17, 15 |   6.6783543111814691e-05 |   6.6783543111814691e-05 | 1
 17, 16 |  -5.5057567070163538e-04 |  -5.5057567070163538e-04 | 1
 17, 17 |   5.6095261976706065e-03 |   5.6095261976706065e-03 | 1
