row,col | V_base                   | V_new                    | equal
  1,  1 |   1.4840927295003501e-03 |   1.4840927295003501e-03 | 1
  1,  2 |   1.3705505284491871e-03 |   1.3705505284491871e-03 | 1
  1,  3 |   1.3401223745915119e-03 |   1.3401223745915119e-03 | 1
  1,  4 |   1.3243500040880608e-03 |   1.3243500040880608e-03 | 1
  1,  5 |   1.4210651928205443e-03 |   1.4210651928205443e-03 | 1
  1,  6 |   1.3306877123366984e-03 |   1.3306877123366984e-03 | 1
  1,  7 |   1.5409061034773758e-03 |   1.5409061034773758e-03 | 1
  1,  8 |   1.3196588394210600e-03 |   1.3196588394210600e-03 | 1
  1,  9 |   1.3121727411493801e-03 |   1.3121727411493801e-03 | 1
  1, 10 |   1.6039449362233601e-03 |   1.6039449362233601e-03 | 1
  1, 11 |   1.3395141069662739e-03 |   1.3395141069662739e-03 | 1
  1, 12 |   1.4615099819933934e-03 |   1.4615099819933934e-03 | 1
  2,  1 |   1.3705505284491871e-03 |   1.3705505284491871e-03 | 1
  2,  2 |   2.4892784634560393e-03 |   2.4892784634560393e-03 | 1
  2,  3 |   2.2778523856563883e-03 |   2.2778523856563883e-03 | 1
  2,  4 |   1.2980467328549974e-03 |   1.2980467328549974e-03 | 1
  2,  5 |   7.6764394479702223e-04 |   7.6764394479702223e-04 | 1
  2,  6 |   5.7063518102631033e-03 |   5.7063518102631033e-03 | 1
  2,  7 |   2.5733785586377444e-04 |   2.5733785586377444e-04 | 1
  2,  8 |   1.2619007912313875e-03 |   1.2619007912313875e-03 | 1
  2,  9 |   3.4280309290230394e-03 |   3.4280309290230394e-03 | 1
  2, 10 |   6.3339131170266627e-03 |   6.3339131170266627e-03 | 1
  2, 11 |   4.1510135044212707e-03 |   4.1510135044212707e-03 | 1
  2, 12 |   1.5739935336210886e-03 |   1.5739935336210886e-03 | 1
  3,  1 |   1.3401223745915119e-03 |   1.3401223745915119e-03 | 1
  3,  2 |   2.2778523856563883e-03 |   2.2778523856563883e-03 | 1
  3,  3 |   2.1054129711339494e-03 |   2.1054129711339494e-03 | 1
  3,  4 |   1.2627590472716647e-03 |   1.2627590472716647e-03 | 1
  3,  5 |   8.1954630058487913e-04 |   8.1954630058487913e-04 | 1
  3,  6 |   5.0214502214156465e-03 |   5.0214502214156465e-03 | 1
  3,  7 |   4.0219436217471609e-04 |   4.0219436217471609e-04 | 1
  3,  8 |   1.2289633275089388e-03 |   1.2289633275089388e-03 | 1
  3,  9 |   3.0744866144231517e-03 |   3.0744866144231517e-03 | 1
  3, 10 |   5.5967402659796977e-03 |   5.5967402659796977e-03 | 1
  3, 11 |   3.6968853507277650e-03 |   3.6968853507277650e-03 | 1
  3, 12 |   1.5190990894313023e-03 |   1.5190990894313023e-03 | 1
  4,  1 |   1.3243500040880608e-03 |   1.3243500040880608e-03 | 1
  4,  2 |   1.2980467328549974e-03 |   1.2980467328549974e-03 | 1
  4,  3 |   1.2627590472716647e-03 |   1.2627590472716647e-03 | 1
  4,  4 |   1.2738603168557547e-03 |   1.2738603168557547e-03 | 1
  4,  5 |   1.2776659552082487e-03 |   1.2776659552082487e-03 | 1
  4,  6 |   1.3916032815616396e-03 |   1.3916032815616396e-03 | 1
  4,  7 |   1.3410861110134020e-03 |   1.3410861110134020e-03 | 1
  4,  8 |   1.2205714272883091e-03 |   1.2205714272883091e-03 | 1
  4,  9 |   1.2992851232729087e-03 |   1.2992851232729087e-03 | 1
  4, 10 |   1.6459875107064752e-03 |   1.6459875107064752e-03 | 1
  4, 11 |   1.3339701690052591e-03 |   1.3339701690052591e-03 | 1
  4, 12 |   1.3525876704413677e-03 |   1.3525876704413677e-03 | 1
  5,  1 |   1.4210651928205443e-03 |   1.4210651928205443e-03 | 1
  5,  2 |   7.6764394479702223e-04 |   7.6764394479702223e-04 | 1
  5,  3 |   8.1954630058487913e-04 |   8.1954630058487913e-04 | 1
  5,  4 |   1.2776659552082487e-03 |   1.2776659552082487e-03 | 1
  5,  5 |   1.6449334816756513e-03 |   1.6449334816756513e-03 | 1
  5,  6 |  -8.0393899169215637e-04 |  -8.0393899169215637e-04 | 1
  5,  7 |   2.0422155610142472e-03 |   2.0422155610142472e-03 | 1
  5,  8 |   1.2786867414086834e-03 |   1.2786867414086834e-03 | 1
  5,  9 |   2.4387709047391155e-04 |   2.4387709047391155e-04 | 1
  5, 10 |  -7.0589084448381353e-04 |  -7.0589084448381353e-04 | 1
  5, 11 |  -7.0797123138896046e-05 |  -7.0797123138896046e-05 | 1
  5, 12 |   1.3165962546682936e-03 |   1.3165962546682936e-03 | 1
  6,  1 |   1.3306877123366984e-03 |   1.3306877123366984e-03 | 1
  6,  2 |   5.7063518102631033e-03 |   5.7063518102631033e-03 | 1
  6,  3 |   5.0214502214156465e-03 |   5.0214502214156465e-03 | 1
  6,  4 |   1.3916032815616396e-03 |   1.3916032815616396e-03 | 1
  6,  5 |  -8.0393899169215637e-04 |  -8.0393899169215637e-04 | 1
  6,  6 |   1.7829019751725576e-02 |   1.7829019751725576e-02 | 1
  6,  7 |  -2.9912390589680220e-03 |  -2.9912390589680220e-03 | 1
  6,  8 |   1.2808465951928477e-03 |   1.2808465951928477e-03 | 1
  6,  9 |   9.3723777059471838e-03 |   9.3723777059471838e-03 | 1
  6, 10 |   1.9432055707199240e-02 |   1.9432055707199240e-02 | 1
  6, 11 |   1.2018322128131977e-02 |   1.2018322128131977e-02 | 1
  6, 12 |   2.1011320226342750e-03 |   2.1011320226342750e-03 | 1
  7,  1 |   1.5409061034773758e-03 |   1.5409061034773758e-03 | 1
  7,  2 |   2.5733785586377444e-04 |   2.5733785586377444e-04 | 1
  7,  3 |   4.0219436217471609e-04 |   4.0219436217471609e-04 | 1
  7,  4 |   1.3410861110134020e-03 |   1.3410861110134020e-03 | 1
  7,  5 |   2.0422155610142472e-03 |   2.0422155610142472e-03 | 1
  7,  6 |  -2.9912390589680220e-03 |  -2.9912390589680220e-03 | 1
  7,  7 |   2.8045165327496083e-03 |   2.8045165327496083e-03 | 1
  7,  8 |   1.3655500166689675e-03 |   1.3655500166689675e-03 | 1
  7,  9 |  -7.9080294917889527e-04 |  -7.9080294917889527e-04 | 1
  7, 10 |  -3.0465656034899336e-03 |  -3.0465656034899336e-03 | 1
  7, 11 |  -1.4533122255132641e-03 |  -1.4533122255132641e-03 | 1
  7, 12 |   1.3057995283366969e-03 |   1.3057995283366969e-03 | 1
  8,  1 |   1.3196588394210600e-03 |   1.3196588394210600e-03 | 1
  8,  2 |   1.2619007912313875e-03 |   1.2619007912313875e-03 | 1
  8,  3 |   1.2289633275089388e-03 |   1.2289633275089388e-03 | 1
  8,  4 |   1.2205714272883091e-03 |   1.2205714272883091e-03 | 1
  8,  5 |   1.2786867414086834e-03 |   1.2786867414086834e-03 | 1
  8,  6 |   1.2808465951928477e-03 |   1.2808465951928477e-03 | 1
  8,  7 |   1.3655500166689675e-03 |   1.3655500166689675e-03 | 1
  8,  8 |   1.2105803007871022e-03 |   1.2105803007871022e-03 | 1
  8,  9 |   1.2262789668262032e-03 |   1.2262789668262032e-03 | 1
  8, 10 |   1.5397779576645384e-03 |   1.5397779576645384e-03 | 1
  8, 11 |   1.2519292482270515e-03 |   1.2519292482270515e-03 | 1
  8, 12 |   1.3250630206435132e-03 |   1.3250630206435132e-03 | 1
  9,  1 |   1.3121727411493801e-03 |   1.3121727411493801e-03 | 1
  9,  2 |   3.4280309290230394e-03 |   3.4280309290230394e-03 | 1
  9,  3 |   3.0744866144231517e-03 |   3.0744866144231517e-03 | 1
  9,  4 |   1.2992851232729087e-03 |   1.2992851232729087e-03 | 1
  9,  5 |   2.4387709047391155e-04 |   2.4387709047391155e-04 | 1
  9,  6 |   9.3723777059471838e-03 |   9.3723777059471838e-03 | 1
  9,  7 |  -7.9080294917889527e-04 |  -7.9080294917889527e-04 | 1
  9,  8 |   1.2262789668262032e-03 |   1.2262789668262032e-03 | 1
  9,  9 |   5.2630738324279513e-03 |   5.2630738324279513e-03 | 1
  9, 10 |   1.0259324559529137e-02 |   1.0259324559529137e-02 | 1
  9, 11 |   6.5407334053755716e-03 |   6.5407334053755716e-03 | 1
  9, 12 |   1.7380241846432719e-03 |   1.7380241846432719e-03 | 1
 10,  1 |   1.6039449362233601e-03 |   1.6039449362233601e-03 | 1
 10,  2 |   6.3339131170266627e-03 |   6.3339131170266627e-03 | 1
 10,  3 |   5.5967402659796977e-03 |   5.5967402659796977e-03 | 1
 10,  4 |   1.6459875107064752e-03 |   1.6459875107064752e-03 | 1
 10,  5 |  -7.0589084448381353e-04 |  -7.0589084448381353e-04 | 1
 10,  6 |   1.9432055707199240e-02 |   1.9432055707199240e-02 | 1
 10,  7 |  -3.0465656034899336e-03 |  -3.0465656034899336e-03 | 1
 10,  8 |   1.5397779576645384e-03 |   1.5397779576645384e-03 | 1
 10,  9 |   1.0259324559529137e-02 |   1.0259324559529137e-02 | 1
 10, 10 |   2.1494359857818661e-02 |   2.1494359857818661e-02 | 1
 10, 11 |   1.3096387066107646e-02 |   1.3096387066107646e-02 | 1
 10, 12 |   2.4459502957925030e-03 |   2.4459502957925030e-03 | 1
 11,  1 |   1.3395141069662739e-03 |   1.3395141069662739e-03 | 1
 11,  2 |   4.1510135044212707e-03 |   4.1510135044212707e-03 | 1
 11,  3 |   3.6968853507277650e-03 |   3.6968853507277650e-03 | 1
 11,  4 |   1.3339701690052591e-03 |   1.3339701690052591e-03 | 1
 11,  5 |  -7.0797123138896046e-05 |  -7.0797123138896046e-05 | 1
 11,  6 |   1.2018322128131977e-02 |   1.2018322128131977e-02 | 1
 11,  7 |  -1.4533122255132641e-03 |  -1.4533122255132641e-03 | 1
 11,  8 |   1.2519292482270515e-03 |   1.2519292482270515e-03 | 1
 11,  9 |   6.5407334053755716e-03 |   6.5407334053755716e-03 | 1
 11, 10 |   1.3096387066107646e-02 |   1.3096387066107646e-02 | 1
 11, 11 |   8.2726847992656491e-03 |   8.2726847992656491e-03 | 1
 11, 12 |   1.8577586490594387e-03 |   1.8577586490594387e-03 | 1
 12,  1 |   1.4615099819933934e-03 |   1.4615099819933934e-03 | 1
 12,  2 |   1.5739935336210886e-03 |   1.5739935336210886e-03 | 1
 12,  3 |   1.5190990894313023e-03 |   1.5190990894313023e-03 | 1
 12,  4 |   1.3525876704413677e-03 |   1.3525876704413677e-03 | 1
 12,  5 |   1.3165962546682936e-03 |   1.3165962546682936e-03 | 1
 12,  6 |   2.1011320226342750e-03 |   2.1011320226342750e-03 | 1
 12,  7 |   1.3057995283366969e-03 |   1.3057995283366969e-03 | 1
 12,  8 |   1.3250630206435132e-03 |   1.3250630206435132e-03 | 1
 12,  9 |   1.7380241846432719e-03 |   1.7380241846432719e-03 | 1
 12, 10 |   2.4459502957925030e-03 |   2.4459502957925030e-03 | 1
 12, 11 |   1.8577586490594387e-03 |   1.8577586490594387e-03 | 1
 12, 12 |   1.5881568254829373e-03 |   1.5881568254829373e-03 | 1
