row,col | V_base                   | V_new                    | equal
  1,  1 |   3.2386815583526070e-03 |   3.2386815583526070e-03 | 1
  1,  2 |   1.8111330408347513e-03 |   1.8111330408347513e-03 | 1
  1,  3 |   2.5791927699899860e-03 |   2.5791927699899860e-03 | 1
  1,  4 |   4.2697701123523245e-03 |   4.2697701123523245e-03 | 1
  1,  5 |   1.7540217363979543e-03 |   1.7540217363979543e-03 | 1
  1,  6 |   4.1868195853282438e-03 |   4.1868195853282438e-03 | 1
  1,  7 |   2.5757037492692239e-03 |   2.5757037492692239e-03 | 1
  1,  8 |   6.1373239136190997e-04 |   6.1373239136190997e-04 | 1
  1,  9 |   1.0318961028781552e-03 |   1.0318961028781552e-03 | 1
  1, 10 |  -3.3426449509912342e-03 |  -3.3426449509912342e-03 | 1
  1, 11 |  -6.1358982991407335e-06 |  -6.1358982991407335e-06 | 1
  1, 12 |   3.6356684399155379e-05 |   3.6356684399155379e-05 | 1
  1, 13 |  -2.9227823410959194e-04 |  -2.9227823410959194e-04 | 1
  1, 14 |  -2.2039904126404114e-07 |  -2.2039904126404114e-07 | 1
  1, 15 |  -3.4439642643871004e-04 |  -3.4439642643871004e-04 | 1
  1, 16 |   1.3117260851470561e-05 |   1.3117260851470561e-05 | 1
  1, 17 |   3.4446798871988326e-03 |   3.4446798871988326e-03 | 1
  1, 18 |  -2.3117924283370117e-03 |  -2.3117924283370117e-03 | 1
  2,  1 |   1.8111330408347513e-03 |   1.8111330408347513e-03 | 1
  2,  2 |   1.1448239664434352e-02 |   1.1448239664434352e-02 | 1
  2,  3 |   6.4847248347425426e-05 |   6.4847248347425426e-05 | 1
  2,  4 |   2.6258148771525487e-03 |   2.6258148771525487e-03 | 1
  2,  5 |   4.5730673675724509e-03 |   4.5730673675724509e-03 | 1
  2,  6 |   8.7377225533819963e-03 |   8.7377225533819963e-03 | 1
  2,  7 |   1.4405288069257796e-03 |   1.4405288069257796e-03 | 1
  2,  8 |  -4.7549766527093234e-03 |  -4.7549766527093234e-03 | 1
  2,  9 |   2.6836519281073961e-04 |   2.6836519281073961e-04 | 1
  2, 10 |   3.6839636687474128e-02 |   3.6839636687474128e-02 | 1
  2, 11 |  -8.8696158128078058e-04 |  -8.8696158128078058e-04 | 1
  2, 12 |  -1.2647461710400391e-03 |  -1.2647461710400391e-03 | 1
  2, 13 |   6.2319514967504048e-04 |   6.2319514967504048e-04 | 1
  2, 14 |   1.0657694115843283e-07 |   1.0657694115843283e-07 | 1
  2, 15 |  -1.6693049876096791e-04 |  -1.6693049876096791e-04 | 1
  2, 16 |   9.9727364410253650e-06 |   9.9727364410253650e-06 | 1
  2, 17 |   3.7188488328233254e-03 |   3.7188488328233254e-03 | 1
  2, 18 |   1.5764132814653175e-02 |   1.5764132814653175e-02 | 1
  3,  1 |   2.5791927699899860e-03 |   2.5791927699899860e-03 | 1
  3,  2 |   6.4847248347425426e-05 |   6.4847248347425426e-05 | 1
  3,  3 |   3.6555154414889867e-03 |   3.6555154414889867e-03 | 1
  3,  4 |  -5.2746201437592420e-04 |  -5.2746201437592420e-04 | 1
  3,  5 |   1.7049478983951630e-03 |   1.7049478983951630e-03 | 1
  3,  6 |   2.1065002342173234e-03 |   2.1065002342173234e-03 | 1
  3,  7 |   2.8073610773425269e-03 |   2.8073610773425269e-03 | 1
  3,  8 |   1.5847395443121461e-03 |   1.5847395443121461e-03 | 1
  3,  9 |   1.4684321433552491e-03 |   1.4684321433552491e-03 | 1
  3, 10 |  -8.9387801835444126e-03 |  -8.9387801835444126e-03 | 1
  3, 11 |   2.5021842562254174e-04 |   2.5021842562254174e-04 | 1
  3, 12 |   2.1628727377251457e-04 |   2.1628727377251457e-04 | 1
  3, 13 |  -4.7348472889864775e-04 |  -4.7348472889864775e-04 | 1
  3, 14 |  -3.8662069124758706e-07 |  -3.8662069124758706e-07 | 1
  3, 15 |  -4.7537557082078002e-04 |  -4.7537557082078002e-04 | 1
  3, 16 |   2.2194701583884817e-05 |   2.2194701583884817e-05 | 1
  3, 17 |   2.2156348645443278e-03 |   2.2156348645443278e-03 | 1
  3, 18 |  -3.7043294784517905e-03 |  -3.7043294784517905e-03 | 1
  4,  1 |   4.2697701123523245e-03 |   4.2697701123523245e-03 | 1
  4,  2 |   2.6258148771525487e-03 |   2.6258148771525487e-03 | 1
  4,  3 |  -5.2746201437592420e-04 |  -5.2746201437592420e-04 | 1
  4,  4 |   7.5482342248632123e-02 |   7.5482342248632123e-02 | 1
  4,  5 |  -4.1323199578995416e-03 |  -4.1323199578995416e-03 | 1
  4,  6 |   1.0292610010814478e-02 |   1.0292610010814478e-02 | 1
  4,  7 |   1.2036816468851560e-03 |   1.2036816468851560e-03 | 1
  4,  8 |  -3.1377856217089395e-04 |  -3.1377856217089395e-04 | 1
  4,  9 |   2.6585820826532996e-03 |   2.6585820826532996e-03 | 1
  4, 10 |  -1.1493101443433667e-02 |  -1.1493101443433667e-02 | 1
  4, 11 |   3.4439197084025551e-04 |   3.4439197084025551e-04 | 1
  4, 12 |   1.0011775231024062e-03 |   1.0011775231024062e-03 | 1
  4, 13 |  -7.3986229209049110e-04 |  -7.3986229209049110e-04 | 1
  4, 14 |   3.9810320204319468e-08 |   3.9810320204319468e-08 | 1
  4, 15 |   3.6434524353892619e-04 |   3.6434524353892619e-04 | 1
  4, 16 |  -4.2236795929794885e-05 |  -4.2236795929794885e-05 | 1
  4, 17 |   4.2251636804796246e-03 |   4.2251636804796246e-03 | 1
  4, 18 |  -2.6091164584981256e-03 |  -2.6091164584981256e-03 | 1
  5,  1 |   1.7540217363979543e-03 |   1.7540217363979543e-03 | 1
  5,  2 |   4.5730673675724509e-03 |   4.5730673675724509e-03 | 1
  5,  3 |   1.7049478983951630e-03 |   1.7049478983951630e-03 | 1
  5,  4 |  -4.1323199578995416e-03 |  -4.1323199578995416e-03 | 1
  5,  5 |   4.1081272646072862e-03 |   4.1081272646072862e-03 | 1
  5,  6 |   5.8553657146115413e-03 |   5.8553657146115413e-03 | 1
  5,  7 |   1.5257695504366730e-03 |   1.5257695504366730e-03 | 1
  5,  8 |  -1.4124722541243428e-03 |  -1.4124722541243428e-03 | 1
  5,  9 |   1.2014459025119330e-03 |   1.2014459025119330e-03 | 1
  5, 10 |   1.2626639672717214e-02 |   1.2626639672717214e-02 | 1
  5, 11 |  -3.0189567486237258e-04 |  -3.0189567486237258e-04 | 1
  5, 12 |  -5.2680960338501539e-04 |  -5.2680960338501539e-04 | 1
  5, 13 |   1.8436622141636798e-04 |   1.8436622141636798e-04 | 1
  5, 14 |  -8.0702779517424473e-08 |  -8.0702779517424473e-08 | 1
  5, 15 |  -3.3072023736825760e-04 |  -3.3072023736825760e-04 | 1
  5, 16 |   1.7289714384634537e-05 |   1.7289714384634537e-05 | 1
  5, 17 |   2.5842639012779315e-03 |   2.5842639012779315e-03 | 1
  5, 18 |   5.6416000944234327e-03 |   5.6416000944234327e-03 | 1
  6,  1 |   4.1868195853282438e-03 |   4.1868195853282438e-03 | 1
  6,  2 |   8.7377225533819963e-03 |   8.7377225533819963e-03 | 1
  6,  3 |   2.1065002342173234e-03 |   2.1065002342173234e-03 | 1
  6,  4 |   1.0292610010814478e-02 |   1.0292610010814478e-02 | 1
  6,  5 |   5.8553657146115413e-03 |   5.8553657146115413e-03 | 1
  6,  6 |   2.8209932960432550e-02 |   2.8209932960432550e-02 | 1
  6,  7 |   2.4479873810735282e-03 |   2.4479873810735282e-03 | 1
  6,  8 |  -1.6373286982125385e-03 |  -1.6373286982125385e-03 | 1
  6,  9 |   1.0031254700279449e-02 |   1.0031254700279449e-02 | 1
  6, 10 |  -7.7569230993801922e-03 |  -7.7569230993801922e-03 | 1
  6, 11 |  -6.7722733291593665e-04 |  -6.7722733291593665e-04 | 1
  6, 12 |  -6.4029862156661488e-04 |  -6.4029862156661488e-04 | 1
  6, 13 |   1.6167270873245911e-04 |   1.6167270873245911e-04 | 1
  6, 14 |   6.9427687387569726e-08 |   6.9427687387569726e-08 | 1
  6, 15 |  -4.8706539721101859e-04 |  -4.8706539721101859e-04 | 1
  6, 16 |   2.4848032221153188e-05 |   2.4848032221153188e-05 | 1
  6, 17 |   6.2155964841825668e-03 |   6.2155964841825668e-03 | 1
  6, 18 |   8.1905358512566698e-03 |   8.1905358512566698e-03 | 1
  7,  1 |   2.5757037492692239e-03 |   2.5757037492692239e-03 | 1
  7,  2 |   1.4405288069257796e-03 |   1.4405288069257796e-03 | 1
  7,  3 |   2.8073610773425269e-03 |   2.8073610773425269e-03 | 1
  7,  4 |   1.2036816468851560e-03 |   1.2036816468851560e-03 | 1
  7,  5 |   1.5257695504366730e-03 |   1.5257695504366730e-03 | 1
  7,  6 |   2.4479873810735282e-03 |   2.4479873810735282e-03 | 1
  7,  7 |   4.8023631403524428e-03 |   4.8023631403524428e-03 | 1
  7,  8 |   8.7144200645915097e-04 |   8.7144200645915097e-04 | 1
  7,  9 |   2.1857097382228267e-03 |   2.1857097382228267e-03 | 1
  7, 10 |  -7.5896588258114947e-03 |  -7.5896588258114947e-03 | 1
  7, 11 |   2.4196705477402857e-04 |   2.4196705477402857e-04 | 1
  7, 12 |   6.5944983623398895e-05 |   6.5944983623398895e-05 | 1
  7, 13 |  -2.0056027664209204e-04 |  -2.0056027664209204e-04 | 1
  7, 14 |  -2.8670728046976456e-07 |  -2.8670728046976456e-07 | 1
  7, 15 |  -3.4633402479754299e-04 |  -3.4633402479754299e-04 | 1
  7, 16 |   1.0203665140963002e-05 |   1.0203665140963002e-05 | 1
  7, 17 |   2.9263390979575709e-03 |   2.9263390979575709e-03 | 1
  7, 18 |  -2.0013760938836916e-03 |  -2.0013760938836916e-03 | 1
  8,  1 |   6.1373239136190997e-04 |   6.1373239136190997e-04 | 1
  8,  2 |  -4.7549766527093234e-03 |  -4.7549766527093234e-03 | 1
  8,  3 |   1.5847395443121461e-03 |   1.5847395443121461e-03 | 1
  8,  4 |  -3.1377856217089395e-04 |  -3.1377856217089395e-04 | 1
  8,  5 |  -1.4124722541243428e-03 |  -1.4124722541243428e-03 | 1
  8,  6 |  -1.6373286982125385e-03 |  -1.6373286982125385e-03 | 1
  8,  7 |   8.7144200645915097e-04 |   8.7144200645915097e-04 | 1
  8,  8 |   3.2129275225664658e-03 |   3.2129275225664658e-03 | 1
  8,  9 |   1.2130257838865518e-03 |   1.2130257838865518e-03 | 1
  8, 10 |  -2.3161062643291326e-02 |  -2.3161062643291326e-02 | 1
  8, 11 |   4.0829156650077611e-04 |   4.0829156650077611e-04 | 1
  8, 12 |   5.7615747300927204e-04 |   5.7615747300927204e-04 | 1
  8, 13 |  -5.0901159720260949e-04 |  -5.0901159720260949e-04 | 1
  8, 14 |  -1.9494679411581031e-07 |  -1.9494679411581031e-07 | 1
  8, 15 |  -1.4559220123811124e-04 |  -1.4559220123811124e-04 | 1
  8, 16 |   5.8281633485106855e-06 |   5.8281633485106855e-06 | 1
  8, 17 |  -3.9567552711236987e-04 |  -3.9567552711236987e-04 | 1
  8, 18 |  -8.8288953864737174e-03 |  -8.8288953864737174e-03 | 1
  9,  1 |   1.0318961028781552e-03 |   1.0318961028781552e-03 | 1
  9,  2 |   2.6836519281073961e-04 |   2.6836519281073961e-04 | 1
  9,  3 |   1.4684321433552491e-03 |   1.4684321433552491e-03 | 1
  9,  4 |   2.6585820826532996e-03 |   2.6585820826532996e-03 | 1
  9,  5 |   1.2014459025119330e-03 |   1.2014459025119330e-03 | 1
  9,  6 |   1.0031254700279449e-02 |   1.0031254700279449e-02 | 1
  9,  7 |   2.1857097382228267e-03 |   2.1857097382228267e-03 | 1
  9,  8 |   1.2130257838865518e-03 |   1.2130257838865518e-03 | 1
  9,  9 |   7.6483872105711035e-03 |   7.6483872105711035e-03 | 1
  9, 10 |  -2.1315176723654621e-02 |  -2.1315176723654621e-02 | 1
  9, 11 |   5.7621505457219411e-05 |   5.7621505457219411e-05 | 1
  9, 12 |  -5.9155782734969490e-05 |  -5.9155782734969490e-05 | 1
  9, 13 |  -4.1643942115827135e-06 |  -4.1643942115827135e-06 | 1
  9, 14 |  -1.3768009791821549e-07 |  -1.3768009791821549e-07 | 1
  9, 15 |  -2.0685520112681603e-04 |  -2.0685520112681603e-04 | 1
  9, 16 |   9.7980072929646534e-06 |   9.7980072929646534e-06 | 1
  9, 17 |   1.4976492574014920e-03 |   1.4976492574014920e-03 | 1
  9, 18 |   1.6337535808174015e-04 |   1.6337535808174015e-04 | 1
 10,  1 |  -3.3426449509912342e-03 |  -3.3426449509912342e-03 | 1
 10,  2 |   3.6839636687474128e-02 |   3.6839636687474128e-02 | 1
 10,  3 |  -8.9387801835444126e-03 |  -8.9387801835444126e-03 | 1
 10,  4 |  -1.1493101443433667e-02 |  -1.1493101443433667e-02 | 1
 10,  5 |   1.2626639672717214e-02 |   1.2626639672717214e-02 | 1
 10,  6 |  -7.7569230993801922e-03 |  -7.7569230993801922e-03 | 1
 10,  7 |  -7.5896588258114947e-03 |  -7.5896588258114947e-03 | 1
 10,  8 |  -2.3161062643291326e-02 |  -2.3161062643291326e-02 | 1
 10,  9 |  -2.1315176723654621e-02 |  -2.1315176723654621e-02 | 1
 10, 10 |   2.3311713623995003e-01 |   2.3311713623995003e-01 | 1
 10, 11 |  -4.3186063957660857e-03 |  -4.3186063957660857e-03 | 1
 10, 12 |  -5.7912224287176486e-03 |  -5.7912224287176486e-03 | 1
 10, 13 |   3.4149964696461249e-03 |   3.4149964696461249e-03 | 1
 10, 14 |   1.1235712494572707e-06 |   1.1235712494572707e-06 | 1
 10, 15 |   6.3582672532430770e-04 |   6.3582672532430770e-04 | 1
 10, 16 |  -3.5691824626125570e-06 |  -3.5691824626125570e-06 | 1
 10, 17 |   2.9082993437093124e-03 |   2.9082993437093124e-03 | 1
 10, 18 |   7.0276931735136799e-02 |   7.0276931735136799e-02 | 1
 11,  1 |  -6.1358982991407335e-06 |  -6.1358982991407335e-06 | 1
 11,  2 |  -8.8696158128078058e-04 |  -8.8696158128078058e-04 | 1
 11,  3 |   2.5021842562254174e-04 |   2.5021842562254174e-04 | 1
 11,  4 |   3.4439197084025551e-04 |   3.4439197084025551e-04 | 1
 11,  5 |  -3.0189567486237258e-04 |  -3.0189567486237258e-04 | 1
 11,  6 |  -6.7722733291593665e-04 |  -6.7722733291593665e-04 | 1
 11,  7 |   2.4196705477402857e-04 |   2.4196705477402857e-04 | 1
 11,  8 |   4.0829156650077611e-04 |   4.0829156650077611e-04 | 1
 11,  9 |   5.7621505457219411e-05 |   5.7621505457219411e-05 | 1
 11, 10 |  -4.3186063957660857e-03 |  -4.3186063957660857e-03 | 1
 11, 11 |   2.8382733125145612e-04 |   2.8382733125145612e-04 | 1
 11, 12 |   2.2965793713523598e-04 |   2.2965793713523598e-04 | 1
 11, 13 |  -8.5331606305066713e-05 |  -8.5331606305066713e-05 | 1
 11, 14 |  -3.7295878774401420e-08 |  -3.7295878774401420e-08 | 1
 11, 15 |  -1.7325138708883498e-05 |  -1.7325138708883498e-05 | 1
 11, 16 |  -8.5503449371800087e-07 |  -8.5503449371800087e-07 | 1
 11, 17 |  -2.1502776707094405e-04 |  -2.1502776707094405e-04 | 1
 11, 18 |  -1.5708363918743450e-03 |  -1.5708363918743450e-03 | 1
 12,  1 |   3.6356684399155379e-05 |   3.6356684399155379e-05 | 1
 12,  2 |  -1.2647461710400391e-03 |  -1.2647461710400391e-03 | 1
 12,  3 |   2.1628727377251457e-04 |   2.1628727377251457e-04 | 1
 12,  4 |   1.0011775231024062e-03 |   1.0011775231024062e-03 | 1
 12,  5 |  -5.2680960338501539e-04 |  -5.2680960338501539e-04 | 1
 12,  6 |  -6.4029862156661488e-04 |  -6.4029862156661488e-04 | 1
 12,  7 |   6.5944983623398895e-05 |   6.5944983623398895e-05 | 1
 12,  8 |   5.7615747300927204e-04 |   5.7615747300927204e-04 | 1
 12,  9 |  -5.9155782734969490e-05 |  -5.9155782734969490e-05 | 1
 12, 10 |  -5.7912224287176486e-03 |  -5.7912224287176486e-03 | 1
 12, 11 |   2.2965793713523598e-04 |   2.2965793713523598e-04 | 1
 12, 12 |   3.3197482724343013e-04 |   3.3197482724343013e-04 | 1
 12, 13 |  -1.3088732869485621e-04 |  -1.3088732869485621e-04 | 1
 12, 14 |  -2.7330369973886364e-08 |  -2.7330369973886364e-08 | 1
 12, 15 |  -1.5686770685950616e-05 |  -1.5686770685950616e-05 | 1
 12, 16 |  -5.8967314655964276e-07 |  -5.8967314655964276e-07 | 1
 12, 17 |  -2.2613463963070478e-04 |  -2.2613463963070478e-04 | 1
 12, 18 |  -2.4222819391774746e-03 |  -2.4222819391774746e-03 | 1
 13,  1 |  -2.9227823410959194e-04 |  -2.9227823410959194e-04 | 1
 13,  2 |   6.2319514967504048e-04 |   6.2319514967504048e-04 | 1
 13,  3 |  -4.7348472889864775e-04 |  -4.7348472889864775e-04 | 1
 13,  4 |  -7.3986229209049110e-04 |  -7.3986229209049110e-04 | 1
 13,  5 |   1.8436622141636798e-04 |   1.8436622141636798e-04 | 1
 13,  6 |   1.6167270873245911e-04 |   1.6167270873245911e-04 | 1
 13,  7 |  -2.0056027664209204e-04 |  -2.0056027664209204e-04 | 1
 13,  8 |  -5.0901159720260949e-04 |  -5.0901159720260949e-04 | 1
 13,  9 |  -4.1643942115827135e-06 |  -4.1643942115827135e-06 | 1
 13, 10 |   3.4149964696461249e-03 |   3.4149964696461249e-03 | 1
 13, 11 |  -8.5331606305066713e-05 |  -8.5331606305066713e-05 | 1
 13, 12 |  -1.3088732869485621e-04 |  -1.3088732869485621e-04 | 1
 13, 13 |   1.6343140002430365e-04 |   1.6343140002430365e-04 | 1
 13, 14 |   5.2819100389302838e-08 |   5.2819100389302838e-08 | 1
 13, 15 |   4.3431565674307354e-05 |   4.3431565674307354e-05 | 1
 13, 16 |  -1.6817757279065748e-06 |  -1.6817757279065748e-06 | 1
 13, 17 |  -1.9735324572538585e-05 |  -1.9735324572538585e-05 | 1
 13, 18 |   1.5150713744938654e-03 |   1.5150713744938654e-03 | 1
 14,  1 |  -2.2039904126404114e-07 |  -2.2039904126404114e-07 | 1
 14,  2 |   1.0657694115843283e-07 |   1.0657694115843283e-07 | 1
 14,  3 |  -3.8662069124758706e-07 |  -3.8662069124758706e-07 | 1
 14,  4 |   3.9810320204319468e-08 |   3.9810320204319468e-08 | 1
 14,  5 |  -8.0702779517424473e-08 |  -8.0702779517424473e-08 | 1
 14,  6 |   6.9427687387569726e-08 |   6.9427687387569726e-08 | 1
 14,  7 |  -2.8670728046976456e-07 |  -2.8670728046976456e-07 | 1
 14,  8 |  -1.9494679411581031e-07 |  -1.9494679411581031e-07 | 1
 14,  9 |  -1.3768009791821549e-07 |  -1.3768009791821549e-07 | 1
 14, 10 |   1.1235712494572707e-06 |   1.1235712494572707e-06 | 1
 14, 11 |  -3.7295878774401420e-08 |  -3.7295878774401420e-08 | 1
 14, 12 |  -2.7330369973886364e-08 |  -2.7330369973886364e-08 | 1
 14, 13 |   5.2819100389302838e-08 |   5.2819100389302838e-08 | 1
 14, 14 |   5.5275820668189189e-11 |   5.5275820668189189e-11 | 1
 14, 15 |   4.3401762755957798e-08 |   4.3401762755957798e-08 | 1
 14, 16 |  -2.1698249864230257e-09 |  -2.1698249864230257e-09 | 1
 14, 17 |  -1.6613376471571403e-07 |  -1.6613376471571403e-07 | 1
 14, 18 |   4.8052066492638817e-07 |   4.8052066492638817e-07 | 1
 15,  1 |  -3.4439642643871004e-04 |  -3.4439642643871004e-04 | 1
 15,  2 |  -1.6693049876096791e-04 |  -1.6693049876096791e-04 | 1
 15,  3 |  -4.7537557082078002e-04 |  -4.7537557082078002e-04 | 1
 15,  4 |   3.6434524353892619e-04 |   3.6434524353892619e-04 | 1
 15,  5 |  -3.3072023736825760e-04 |  -3.3072023736825760e-04 | 1
 15,  6 |  -4.8706539721101859e-04 |  -4.8706539721101859e-04 | 1
 15,  7 |  -3.4633402479754299e-04 |  -3.4633402479754299e-04 | 1
 15,  8 |  -1.4559220123811124e-04 |  -1.4559220123811124e-04 | 1
 15,  9 |  -2.0685520112681603e-04 |  -2.0685520112681603e-04 | 1
 15, 10 |   6.3582672532430770e-04 |   6.3582672532430770e-04 | 1
 15, 11 |  -1.7325138708883498e-05 |  -1.7325138708883498e-05 | 1
 15, 12 |  -1.5686770685950616e-05 |  -1.5686770685950616e-05 | 1
 15, 13 |   4.3431565674307354e-05 |   4.3431565674307354e-05 | 1
 15, 14 |   4.3401762755957798e-08 |   4.3401762755957798e-08 | 1
 15, 15 |   7.2253243681618599e-05 |   7.2253243681618599e-05 | 1
 15, 16 |  -3.7066351511220807e-06 |  -3.7066351511220807e-06 | 1
 15, 17 |  -3.3680400210511308e-04 |  -3.3680400210511308e-04 | 1
 15, 18 |   2.5508101844299588e-04 |   2.5508101844299588e-04 | 1
 16,  1 |   1.3117260851470561e-05 |   1.3117260851470561e-05 | 1
 16,  2 |   9.9727364410253650e-06 |   9.9727364410253650e-06 | 1
 16,  3 |   2.2194701583884817e-05 |   2.2194701583884817e-05 | 1
 16,  4 |  -4.2236795929794885e-05 |  -4.2236795929794885e-05 | 1
 16,  5 |   1.7289714384634537e-05 |   1.7289714384634537e-05 | 1
 16,  6 |   2.4848032221153188e-05 |   2.4848032221153188e-05 | 1
 16,  7 |   1.0203665140963002e-05 |   1.0203665140963002e-05 | 1
 16,  8 |   5.8281633485106855e-06 |   5.8281633485106855e-06 | 1
 16,  9 |   9.7980072929646534e-06 |   9.7980072929646534e-06 | 1
 16, 10 |  -3.5691824626125570e-06 |  -3.5691824626125570e-06 | 1
 16, 11 |  -8.5503449371800087e-07 |  -8.5503449371800087e-07 | 1
 16, 12 |  -5.8967314655964276e-07 |  -5.8967314655964276e-07 | 1
 16, 13 |  -1.6817757279065748e-06 |  -1.6817757279065748e-06 | 1
 16, 14 |  -2.1698249864230257e-09 |  -2.1698249864230257e-09 | 1
 16, 15 |  -3.7066351511220807e-06 |  -3.7066351511220807e-06 | 1
 16, 16 |   2.3540964728934384e-07 |   2.3540964728934384e-07 | 1
 16, 17 |   1.2921241057468488e-05 |   1.2921241057468488e-05 | 1
 16, 18 |  -1.5268077992700671e-06 |  -1.5268077992700671e-06 | 1
 17,  1 |   3.4446798871988326e-03 |   3.4446798871988326e-03 | 1
 17,  2 |   3.7188488328233254e-03 |   3.7188488328233254e-03 | 1
 17,  3 |   2.2156348645443278e-03 |   2.2156348645443278e-03 | 1
 17,  4 |   4.2251636804796246e-03 |   4.2251636804796246e-03 | 1
 17,  5 |   2.5842639012779315e-03 |   2.5842639012779315e-03 | 1
 17,  6 |   6.2155964841825668e-03 |   6.2155964841825668e-03 | 1
 17,  7 |   2.9263390979575709e-03 |   2.9263390979575709e-03 | 1
 17,  8 |  -3.9567552711236987e-04 |  -3.9567552711236987e-04 | 1
 17,  9 |   1.4976492574014920e-03 |   1.4976492574014920e-03 | 1
 17, 10 |   2.9082993437093124e-03 |   2.9082993437093124e-03 | 1
 17, 11 |  -2.1502776707094405e-04 |  -2.1502776707094405e-04 | 1
 17, 12 |  -2.2613463963070478e-04 |  -2.2613463963070478e-04 | 1
 17, 13 |  -1.9735324572538585e-05 |  -1.9735324572538585e-05 | 1
 17, 14 |  -1.6613376471571403e-07 |  -1.6613376471571403e-07 | 1
 17, 15 |  -3.3680400210511308e-04 |  -3.3680400210511308e-04 | 1
 17, 16 |   1.2921241057468488e-05 |   1.2921241057468488e-05 | 1
 17, 17 |   4.4420195856014156e-03 |   4.4420195856014156e-03 | 1
 17, 18 |   3.9611129754371443e-04 |   3.9611129754371443e-04 | 1
 18,  1 |  -2.3117924283370117e-03 |  -2.3117924283370117e-03 | 1
 18,  2 |   1.5764132814653175e-02 |   1.5764132814653175e-02 | 1
 18,  3 |  -3.7043294784517905e-03 |  -3.7043294784517905e-03 | 1
 18,  4 |  -2.6091164584981256e-03 |  -2.6091164584981256e-03 | 1
 18,  5 |   5.6416000944234327e-03 |   5.6416000944234327e-03 | 1
 18,  6 |   8.1905358512566698e-03 |   8.1905358512566698e-03 | 1
 18,  7 |  -2.0013760938836916e-03 |  -2.0013760938836916e-03 | 1
 18,  8 |  -8.8288953864737174e-03 |  -8.8288953864737174e-03 | 1
 18,  9 |   1.6337535808174015e-04 |   1.6337535808174015e-04 | 1
 18, 10 |   7.0276931735136799e-02 |   7.0276931735136799e-02 | 1
 18, 11 |  -1.5708363918743450e-03 |  -1.5708363918743450e-03 | 1
 18, 12 |  -2.4222819391774746e-03 |  -2.4222819391774746e-03 | 1
 18, 13 |   1.5150713744938654e-03 |   1.5150713744938654e-03 | 1
 18, 14 |   4.8052066492638817e-07 |   4.8052066492638817e-07 | 1
 18, 15 |   2.5508101844299588e-04 |   2.5508101844299588e-04 | 1
 18, 16 |  -1.5268077992700671e-06 |  -1.5268077992700671e-06 | 1
 18, 17 |   3.9611129754371443e-04 |   3.9611129754371443e-04 | 1
 18, 18 |   3.2350822532968858e-02 |   3.2350822532968858e-02 | 1
