row,col | V_base                   | V_new                    | equal
  1,  1 |   7.0650193207435086e-04 |   7.0650193207435086e-04 | 1
  1,  2 |   6.8342481368757714e-04 |   6.8342481368757714e-04 | 1
  1,  3 |   6.5608165160333139e-04 |   6.5608165160333139e-04 | 1
  1,  4 |   6.3122572796275476e-04 |   6.3122572796275476e-04 | 1
  1,  5 |   1.2319922642295392e-03 |   1.2319922642295392e-03 | 1
  1,  6 |   5.1057392180856320e-01 |   5.1057392180856320e-01 | 1
  1,  7 |   5.3635057690778402e-04 |   5.3635057690778402e-04 | 1
  1,  8 |   5.3412030016712685e-04 |   5.3412030016712685e-04 | 1
  1,  9 |   8.8829843779517819e-04 |   8.8829843779517819e-04 | 1
  1, 10 |   1.9029533568244625e-03 |   1.9029533568244625e-03 | 1
  1, 11 |   8.2983103144201528e-04 |   8.2983103144201528e-04 | 1
  1, 12 |   8.9977691225968232e-04 |   8.9977691225968232e-04 | 1
  2,  1 |   6.8342481368757714e-04 |   6.8342481368757714e-04 | 1
  2,  2 |   8.4447282876729218e-04 |   8.4447282876729218e-04 | 1
  2,  3 |   7.7746865367240734e-04 |   7.7746865367240734e-04 | 1
  2,  4 |   7.1231483838556813e-04 |   7.1231483838556813e-04 | 1
  2,  5 |   7.7380518242787296e-04 |   7.7380518242787296e-04 | 1
  2,  6 |  -1.2722549833729049e+00 |  -1.2722549833729049e+00 | 1
  2,  7 |   4.4565526993207744e-04 |   4.4565526993207744e-04 | 1
  2,  8 |   5.5996090071548828e-04 |   5.5996090071548828e-04 | 1
  2,  9 |   1.4490514958433324e-03 |   1.4490514958433324e-03 | 1
  2, 10 |   2.5363291251815348e-03 |   2.5363291251815348e-03 | 1
  2, 11 |   1.0925436202607604e-03 |   1.0925436202607604e-03 | 1
  2, 12 |   8.1795882626197814e-04 |   8.1795882626197814e-04 | 1
  3,  1 |   6.5608165160333139e-04 |   6.5608165160333139e-04 | 1
  3,  2 |   7.7746865367240734e-04 |   7.7746865367240734e-04 | 1
  3,  3 |   8.3080770233956685e-04 |   8.3080770233956685e-04 | 1
  3,  4 |   7.0820234640833540e-04 |   7.0820234640833540e-04 | 1
  3,  5 |  -2.9431419237020446e-04 |  -2.9431419237020446e-04 | 1
  3,  6 |  -2.4152129101981377e+00 |  -2.4152129101981377e+00 | 1
  3,  7 |   4.0119815043789019e-04 |   4.0119815043789019e-04 | 1
  3,  8 |   5.0707954933119546e-04 |   5.0707954933119546e-04 | 1
  3,  9 |   1.7608090674927589e-03 |   1.7608090674927589e-03 | 1
  3, 10 |   2.6504695408778524e-03 |   2.6504695408778524e-03 | 1
  3, 11 |   1.1958355652675226e-03 |   1.1958355652675226e-03 | 1
  3, 12 |   7.6525651552184816e-04 |   7.6525651552184816e-04 | 1
  4,  1 |   6.3122572796275476e-04 |   6.3122572796275476e-04 | 1
  4,  2 |   7.1231483838556813e-04 |   7.1231483838556813e-04 | 1
  4,  3 |   7.0820234640833540e-04 |   7.0820234640833540e-04 | 1
  4,  4 |   1.3089752212121775e-03 |   1.3089752212121775e-03 | 1
  4,  5 |  -3.7758452712579821e-03 |  -3.7758452712579821e-03 | 1
  4,  6 |  -6.1241998382641105e-01 |  -6.1241998382641105e-01 | 1
  4,  7 |   5.2966195235703640e-04 |   5.2966195235703640e-04 | 1
  4,  8 |   6.8364270325449970e-04 |   6.8364270325449970e-04 | 1
  4,  9 |   1.3424289600629702e-03 |   1.3424289600629702e-03 | 1
  4, 10 |   1.4942713404939587e-03 |   1.4942713404939587e-03 | 1
  4, 11 |   7.5829452624568317e-04 |   7.5829452624568317e-04 | 1
  4, 12 |   5.9625643528720112e-04 |   5.9625643528720112e-04 | 1
  5,  1 |   1.2319922642295392e-03 |   1.2319922642295392e-03 | 1
  5,  2 |   7.7380518242787296e-04 |   7.7380518242787296e-04 | 1
  5,  3 |  -2.9431419237020446e-04 |  -2.9431419237020446e-04 | 1
  5,  4 |  -3.7758452712579821e-03 |  -3.7758452712579821e-03 | 1
  5,  5 |   1.4257752773706969e-01 |   1.4257752773706969e-01 | 1
  5,  6 |   3.7906769163388660e+01 |   3.7906769163388660e+01 | 1
  5,  7 |   7.1375105982401186e-03 |   7.1375105982401186e-03 | 1
  5,  8 |   3.1107554716521759e-03 |   3.1107554716521759e-03 | 1
  5,  9 |  -2.6820211699386875e-02 |  -2.6820211699386875e-02 | 1
  5, 10 |  -7.3202624345095517e-03 |  -7.3202624345095517e-03 | 1
  5, 11 |  -5.2178400962389756e-03 |  -5.2178400962389756e-03 | 1
  5, 12 |   2.2293511576252072e-03 |   2.2293511576252072e-03 | 1
  6,  1 |   5.1057392180856320e-01 |   5.1057392180856320e-01 | 1
  6,  2 |  -1.2722549833729049e+00 |  -1.2722549833729049e+00 | 1
  6,  3 |  -2.4152129101981377e+00 |  -2.4152129101981377e+00 | 1
  6,  4 |  -6.1241998382641105e-01 |  -6.1241998382641105e-01 | 1
  6,  5 |   3.7906769163388660e+01 |   3.7906769163388660e+01 | 1
  6,  6 |   6.2820138308045149e+04 |   6.2820138308045149e+04 | 1
  6,  7 |   2.5187652038993935e+00 |   2.5187652038993935e+00 | 1
  6,  8 |   9.3437795506571431e-01 |   9.3437795506571431e-01 | 1
  6,  9 |  -1.8437142607648923e+01 |  -1.8437142607648923e+01 | 1
  6, 10 |  -1.2676515114765653e+01 |  -1.2676515114765653e+01 | 1
  6, 11 |  -6.3663431801956598e+00 |  -6.3663431801956598e+00 | 1
  6, 12 |   2.2911060140293174e+00 |   2.2911060140293174e+00 | 1
  7,  1 |   5.3635057690778402e-04 |   5.3635057690778402e-04 | 1
  7,  2 |   4.4565526993207744e-04 |   4.4565526993207744e-04 | 1
  7,  3 |   4.0119815043789019e-04 |   4.0119815043789019e-04 | 1
  7,  4 |   5.2966195235703640e-04 |   5.2966195235703640e-04 | 1
  7,  5 |   7.1375105982401186e-03 |   7.1375105982401186e-03 | 1
  7,  6 |   2.5187652038993935e+00 |   2.5187652038993935e+00 | 1
  7,  7 |   1.3148832947934175e-03 |   1.3148832947934175e-03 | 1
  7,  8 |   7.5486801934950964e-04 |   7.5486801934950964e-04 | 1
  7,  9 |  -1.6359737474933233e-03 |  -1.6359737474933233e-03 | 1
  7, 10 |  -9.7532686070773457e-04 |  -9.7532686070773457e-04 | 1
  7, 11 |  -1.6875199991122692e-04 |  -1.6875199991122692e-04 | 1
  7, 12 |   5.8284466916659074e-04 |   5.8284466916659074e-04 | 1
  8,  1 |   5.3412030016712685e-04 |   5.3412030016712685e-04 | 1
  8,  2 |   5.5996090071548828e-04 |   5.5996090071548828e-04 | 1
  8,  3 |   5.0707954933119546e-04 |   5.0707954933119546e-04 | 1
  8,  4 |   6.8364270325449970e-04 |   6.8364270325449970e-04 | 1
  8,  5 |   3.1107554716521759e-03 |   3.1107554716521759e-03 | 1
  8,  6 |   9.3437795506571431e-01 |   9.3437795506571431e-01 | 1
  8,  7 |   7.5486801934950964e-04 |   7.5486801934950964e-04 | 1
  8,  8 |   6.7091953923101766e-04 |   6.7091953923101766e-04 | 1
  8,  9 |  -2.2118883560659982e-04 |  -2.2118883560659982e-04 | 1
  8, 10 |   2.7593474898397969e-04 |   2.7593474898397969e-04 | 1
  8, 11 |   2.9527626120099803e-04 |   2.9527626120099803e-04 | 1
  8, 12 |   5.4769988386742512e-04 |   5.4769988386742512e-04 | 1
  9,  1 |   8.8829843779517819e-04 |   8.8829843779517819e-04 | 1
  9,  2 |   1.4490514958433324e-03 |   1.4490514958433324e-03 | 1
  9,  3 |   1.7608090674927589e-03 |   1.7608090674927589e-03 | 1
  9,  4 |   1.3424289600629702e-03 |   1.3424289600629702e-03 | 1
  9,  5 |  -2.6820211699386875e-02 |  -2.6820211699386875e-02 | 1
  9,  6 |  -1.8437142607648923e+01 |  -1.8437142607648923e+01 | 1
  9,  7 |  -1.6359737474933233e-03 |  -1.6359737474933233e-03 | 1
  9,  8 |  -2.2118883560659982e-04 |  -2.2118883560659982e-04 | 1
  9,  9 |   1.2255942921264964e-02 |   1.2255942921264964e-02 | 1
  9, 10 |   1.1422830206652397e-02 |   1.1422830206652397e-02 | 1
  9, 11 |   4.8611852959941039e-03 |   4.8611852959941039e-03 | 1
  9, 12 |   1.2239953282640857e-03 |   1.2239953282640857e-03 | 1
 10,  1 |   1.9029533568244625e-03 |   1.9029533568244625e-03 | 1
 10,  2 |   2.5363291251815348e-03 |   2.5363291251815348e-03 | 1
 10,  3 |   2.6504695408778524e-03 |   2.6504695408778524e-03 | 1
 10,  4 |   1.4942713404939587e-03 |   1.4942713404939587e-03 | 1
 10,  5 |  -7.3202624345095517e-03 |  -7.3202624345095517e-03 | 1
 10,  6 |  -1.2676515114765653e+01 |  -1.2676515114765653e+01 | 1
 10,  7 |  -9.7532686070773457e-04 |  -9.7532686070773457e-04 | 1
 10,  8 |   2.7593474898397969e-04 |   2.7593474898397969e-04 | 1
 10,  9 |   1.1422830206652397e-02 |   1.1422830206652397e-02 | 1
 10, 10 |   1.9137810642125122e-02 |   1.9137810642125122e-02 | 1
 10, 11 |   6.1071203355732009e-03 |   6.1071203355732009e-03 | 1
 10, 12 |   2.3953281101330333e-03 |   2.3953281101330333e-03 | 1
 11,  1 |   8.2983103144201528e-04 |   8.2983103144201528e-04 | 1
 11,  2 |   1.0925436202607604e-03 |   1.0925436202607604e-03 | 1
 11,  3 |   1.1958355652675226e-03 |   1.1958355652675226e-03 | 1
 11,  4 |   7.5829452624568317e-04 |   7.5829452624568317e-04 | 1
 11,  5 |  -5.2178400962389756e-03 |  -5.2178400962389756e-03 | 1
 11,  6 |  -6.3663431801956598e+00 |  -6.3663431801956598e+00 | 1
 11,  7 |  -1.6875199991122692e-04 |  -1.6875199991122692e-04 | 1
 11,  8 |   2.9527626120099803e-04 |   2.9527626120099803e-04 | 1
 11,  9 |   4.8611852959941039e-03 |   4.8611852959941039e-03 | 1
 11, 10 |   6.1071203355732009e-03 |   6.1071203355732009e-03 | 1
 11, 11 |   2.6831470918673539e-03 |   2.6831470918673539e-03 | 1
 11, 12 |   1.1552518401852802e-03 |   1.1552518401852802e-03 | 1
 12,  1 |   8.9977691225968232e-04 |   8.9977691225968232e-04 | 1
 12,  2 |   8.1795882626197814e-04 |   8.1795882626197814e-04 | 1
 12,  3 |   7.6525651552184816e-04 |   7.6525651552184816e-04 | 1
 12,  4 |   5.9625643528720112e-04 |   5.9625643528720112e-04 | 1
 12,  5 |   2.2293511576252072e-03 |   2.2293511576252072e-03 | 1
 12,  6 |   2.2911060140293174e+00 |   2.2911060140293174e+00 | 1
 12,  7 |   5.8284466916659074e-04 |   5.8284466916659074e-04 | 1
 12,  8 |   5.4769988386742512e-04 |   5.4769988386742512e-04 | 1
 12,  9 |   1.2239953282640857e-03 |   1.2239953282640857e-03 | 1
 12, 10 |   2.3953281101330333e-03 |   2.3953281101330333e-03 | 1
 12, 11 |   1.1552518401852802e-03 |   1.1552518401852802e-03 | 1
 12, 12 |   1.7661350132620989e-03 |   1.7661350132620989e-03 | 1
