row,col | V_base                   | V_new                    | equal
  1,  1 |   1.4553097605892768e-03 |   1.4553097605892768e-03 | 1
  1,  2 |   1.3569230298964971e-03 |   1.3569230298964971e-03 | 1
  1,  3 |   1.2866840811787991e-03 |   1.2866840811787991e-03 | 1
  1,  4 |   9.4622631866513767e-04 |   9.4622631866513767e-04 | 1
  1,  5 |   1.3060943533213269e-03 |   1.3060943533213269e-03 | 1
  1,  6 |   1.4509348346107768e-03 |   1.4509348346107768e-03 | 1
  1,  7 |   1.4796258878255579e-03 |   1.4796258878255579e-03 | 1
  1,  8 |   1.1958715218695092e-03 |   1.1958715218695092e-03 | 1
  1,  9 |   1.0962960981409364e-03 |   1.0962960981409364e-03 | 1
  1, 10 |   2.2230775722633031e-03 |   2.2230775722633031e-03 | 1
  1, 11 |   1.3652965847580725e-03 |   1.3652965847580725e-03 | 1
  1, 12 |   1.5007907231409992e-03 |   1.5007907231409992e-03 | 1
  2,  1 |   1.3569230298964971e-03 |   1.3569230298964971e-03 | 1
  2,  2 |   2.0425350545661240e-03 |   2.0425350545661240e-03 | 1
  2,  3 |   1.9762308263971918e-03 |   1.9762308263971918e-03 | 1
  2,  4 |  -6.1254174789063384e-05 |  -6.1254174789063384e-05 | 1
  2,  5 |   9.4714852767808632e-04 |   9.4714852767808632e-04 | 1
  2,  6 |   5.1894534620636115e-03 |   5.1894534620636115e-03 | 1
  2,  7 |   6.1909096768572808e-04 |   6.1909096768572808e-04 | 1
  2,  8 |   1.1583717762266616e-03 |   1.1583717762266616e-03 | 1
  2,  9 |   3.3661365032331813e-03 |   3.3661365032331813e-03 | 1
  2, 10 |   6.1855054800970342e-03 |   6.1855054800970342e-03 | 1
  2, 11 |   3.4684752526649037e-03 |   3.4684752526649037e-03 | 1
  2, 12 |   1.4534936070489499e-03 |   1.4534936070489499e-03 | 1
  3,  1 |   1.2866840811787991e-03 |   1.2866840811787991e-03 | 1
  3,  2 |   1.9762308263971918e-03 |   1.9762308263971918e-03 | 1
  3,  3 |   1.9681341355739191e-03 |   1.9681341355739191e-03 | 1
  3,  4 |  -8.8128486759932526e-05 |  -8.8128486759932526e-05 | 1
  3,  5 |   8.8071809593317564e-04 |   8.8071809593317564e-04 | 1
  3,  6 |   5.2066409372097597e-03 |   5.2066409372097597e-03 | 1
  3,  7 |   5.4362271859256784e-04 |   5.4362271859256784e-04 | 1
  3,  8 |   1.1099236213475035e-03 |   1.1099236213475035e-03 | 1
  3,  9 |   3.3694962063751839e-03 |   3.3694962063751839e-03 | 1
  3, 10 |   6.1200476478573988e-03 |   6.1200476478573988e-03 | 1
  3, 11 |   3.4496886560074456e-03 |   3.4496886560074456e-03 | 1
  3, 12 |   1.4228121689799443e-03 |   1.4228121689799443e-03 | 1
  4,  1 |   9.4622631866513767e-04 |   9.4622631866513767e-04 | 1
  4,  2 |  -6.1254174789063384e-05 |  -6.1254174789063384e-05 | 1
  4,  3 |  -8.8128486759932526e-05 |  -8.8128486759932526e-05 | 1
  4,  4 |   2.8873394130512174e-03 |   2.8873394130512174e-03 | 1
  4,  5 |   1.5390181576884451e-03 |   1.5390181576884451e-03 | 1
  4,  6 |  -4.7174445324623653e-03 |  -4.7174445324623653e-03 | 1
  4,  7 |   2.3147824994796812e-03 |   2.3147824994796812e-03 | 1
  4,  8 |   9.9049621617725275e-04 |   9.9049621617725275e-04 | 1
  4,  9 |  -2.3256469451528230e-03 |  -2.3256469451528230e-03 | 1
  4, 10 |  -4.2270487750824901e-03 |  -4.2270487750824901e-03 | 1
  4, 11 |  -2.4251092738030388e-03 |  -2.4251092738030388e-03 | 1
  4, 12 |   1.0275306636833969e-03 |   1.0275306636833969e-03 | 1
  5,  1 |   1.3060943533213269e-03 |   1.3060943533213269e-03 | 1
  5,  2 |   9.4714852767808632e-04 |   9.4714852767808632e-04 | 1
  5,  3 |   8.8071809593317564e-04 |   8.8071809593317564e-04 | 1
  5,  4 |   1.5390181576884451e-03 |   1.5390181576884451e-03 | 1
  5,  5 |   1.4327393001895212e-03 |   1.4327393001895212e-03 | 1
  5,  6 |  -4.9275941013086140e-04 |  -4.9275941013086140e-04 | 1
  5,  7 |   1.8089348836528728e-03 |   1.8089348836528728e-03 | 1
  5,  8 |   1.1761806022338914e-03 |   1.1761806022338914e-03 | 1
  5,  9 |   1.5192600053032842e-05 |   1.5192600053032842e-05 | 1
  5, 10 |   2.1470641442183078e-04 |   2.1470641442183078e-04 | 1
  5, 11 |   2.0811406217106774e-04 |   2.0811406217106774e-04 | 1
  5, 12 |   1.3490573694643624e-03 |   1.3490573694643624e-03 | 1
  6,  1 |   1.4509348346107768e-03 |   1.4509348346107768e-03 | 1
  6,  2 |   5.1894534620636115e-03 |   5.1894534620636115e-03 | 1
  6,  3 |   5.2066409372097597e-03 |   5.2066409372097597e-03 | 1
  6,  4 |  -4.7174445324623653e-03 |  -4.7174445324623653e-03 | 1
  6,  5 |  -4.9275941013086140e-04 |  -4.9275941013086140e-04 | 1
  6,  6 |   2.2096601931318557e-02 |   2.2096601931318557e-02 | 1
  6,  7 |  -2.9520451098558054e-03 |  -2.9520451098558054e-03 | 1
  6,  8 |   1.1262745837308614e-03 |   1.1262745837308614e-03 | 1
  6,  9 |   1.3149235887699468e-02 |   1.3149235887699468e-02 | 1
  6, 10 |   2.3927753112619625e-02 |   2.3927753112619625e-02 | 1
  6, 11 |   1.3119096436811454e-02 |   1.3119096436811454e-02 | 1
  6, 12 |   1.6403956805905945e-03 |   1.6403956805905945e-03 | 1
  7,  1 |   1.4796258878255579e-03 |   1.4796258878255579e-03 | 1
  7,  2 |   6.1909096768572808e-04 |   6.1909096768572808e-04 | 1
  7,  3 |   5.4362271859256784e-04 |   5.4362271859256784e-04 | 1
  7,  4 |   2.3147824994796812e-03 |   2.3147824994796812e-03 | 1
  7,  5 |   1.8089348836528728e-03 |   1.8089348836528728e-03 | 1
  7,  6 |  -2.9520451098558054e-03 |  -2.9520451098558054e-03 | 1
  7,  7 |   2.7210483904349190e-03 |   2.7210483904349190e-03 | 1
  7,  8 |   1.3185414472773169e-03 |   1.3185414472773169e-03 | 1
  7,  9 |  -1.4343671857246834e-03 |  -1.4343671857246834e-03 | 1
  7, 10 |  -2.2583672047215573e-03 |  -2.2583672047215573e-03 | 1
  7, 11 |  -1.1107342746932828e-03 |  -1.1107342746932828e-03 | 1
  7, 12 |   1.4564532683977692e-03 |   1.4564532683977692e-03 | 1
  8,  1 |   1.1958715218695092e-03 |   1.1958715218695092e-03 | 1
  8,  2 |   1.1583717762266616e-03 |   1.1583717762266616e-03 | 1
  8,  3 |   1.1099236213475035e-03 |   1.1099236213475035e-03 | 1
  8,  4 |   9.9049621617725275e-04 |   9.9049621617725275e-04 | 1
  8,  5 |   1.1761806022338914e-03 |   1.1761806022338914e-03 | 1
  8,  6 |   1.1262745837308614e-03 |   1.1262745837308614e-03 | 1
  8,  7 |   1.3185414472773169e-03 |   1.3185414472773169e-03 | 1
  8,  8 |   1.0910388081751398e-03 |   1.0910388081751398e-03 | 1
  8,  9 |   9.3348611989742356e-04 |   9.3348611989742356e-04 | 1
  8, 10 |   1.7898649730782837e-03 |   1.7898649730782837e-03 | 1
  8, 11 |   1.0845279986509597e-03 |   1.0845279986509597e-03 | 1
  8, 12 |   1.2565118035179784e-03 |   1.2565118035179784e-03 | 1
  9,  1 |   1.0962960981409364e-03 |   1.0962960981409364e-03 | 1
  9,  2 |   3.3661365032331813e-03 |   3.3661365032331813e-03 | 1
  9,  3 |   3.3694962063751839e-03 |   3.3694962063751839e-03 | 1
  9,  4 |  -2.3256469451528230e-03 |  -2.3256469451528230e-03 | 1
  9,  5 |   1.5192600053032842e-05 |   1.5192600053032842e-05 | 1
  9,  6 |   1.3149235887699468e-02 |   1.3149235887699468e-02 | 1
  9,  7 |  -1.4343671857246834e-03 |  -1.4343671857246834e-03 | 1
  9,  8 |   9.3348611989742356e-04 |   9.3348611989742356e-04 | 1
  9,  9 |   8.7301760842058949e-03 |   8.7301760842058949e-03 | 1
  9, 10 |   1.4307013699243793e-02 |   1.4307013699243793e-02 | 1
  9, 11 |   7.9048534885058676e-03 |   7.9048534885058676e-03 | 1
  9, 12 |   1.6319711800497584e-03 |   1.6319711800497584e-03 | 1
 10,  1 |   2.2230775722633031e-03 |   2.2230775722633031e-03 | 1
 10,  2 |   6.1855054800970342e-03 |   6.1855054800970342e-03 | 1
 10,  3 |   6.1200476478573988e-03 |   6.1200476478573988e-03 | 1
 10,  4 |  -4.2270487750824901e-03 |  -4.2270487750824901e-03 | 1
 10,  5 |   2.1470641442183078e-04 |   2.1470641442183078e-04 | 1
 10,  6 |   2.3927753112619625e-02 |   2.3927753112619625e-02 | 1
 10,  7 |  -2.2583672047215573e-03 |  -2.2583672047215573e-03 | 1
 10,  8 |   1.7898649730782837e-03 |   1.7898649730782837e-03 | 1
 10,  9 |   1.4307013699243793e-02 |   1.4307013699243793e-02 | 1
 10, 10 |   2.7664811117871582e-02 |   2.7664811117871582e-02 | 1
 10, 11 |   1.4250389192851272e-02 |   1.4250389192851272e-02 | 1
 10, 12 |   2.4033133067028634e-03 |   2.4033133067028634e-03 | 1
 11,  1 |   1.3652965847580725e-03 |   1.3652965847580725e-03 | 1
 11,  2 |   3.4684752526649037e-03 |   3.4684752526649037e-03 | 1
 11,  3 |   3.4496886560074456e-03 |   3.4496886560074456e-03 | 1
 11,  4 |  -2.4251092738030388e-03 |  -2.4251092738030388e-03 | 1
 11,  5 |   2.0811406217106774e-04 |   2.0811406217106774e-04 | 1
 11,  6 |   1.3119096436811454e-02 |   1.3119096436811454e-02 | 1
 11,  7 |  -1.1107342746932828e-03 |  -1.1107342746932828e-03 | 1
 11,  8 |   1.0845279986509597e-03 |   1.0845279986509597e-03 | 1
 11,  9 |   7.9048534885058676e-03 |   7.9048534885058676e-03 | 1
 11, 10 |   1.4250389192851272e-02 |   1.4250389192851272e-02 | 1
 11, 11 |   8.0851157637318073e-03 |   8.0851157637318073e-03 | 1
 11, 12 |   1.4926969459798907e-03 |   1.4926969459798907e-03 | 1
 12,  1 |   1.5007907231409992e-03 |   1.5007907231409992e-03 | 1
 12,  2 |   1.4534936070489499e-03 |   1.4534936070489499e-03 | 1
 12,  3 |   1.4228121689799443e-03 |   1.4228121689799443e-03 | 1
 12,  4 |   1.0275306636833969e-03 |   1.0275306636833969e-03 | 1
 12,  5 |   1.3490573694643624e-03 |   1.3490573694643624e-03 | 1
 12,  6 |   1.6403956805905945e-03 |   1.6403956805905945e-03 | 1
 12,  7 |   1.4564532683977692e-03 |   1.4564532683977692e-03 | 1
 12,  8 |   1.2565118035179784e-03 |   1.2565118035179784e-03 | 1
 12,  9 |   1.6319711800497584e-03 |   1.6319711800497584e-03 | 1
 12, 10 |   2.4033133067028634e-03 |   2.4033133067028634e-03 | 1
 12, 11 |   1.4926969459798907e-03 |   1.4926969459798907e-03 | 1
 12, 12 |   2.1307874858959991e-03 |   2.1307874858959991e-03 | 1
