row,col | V_base                   | V_new                    | equal
  1,  1 |   7.8363010514746192e-04 |   7.8363010514746192e-04 | 1
  1,  2 |  -3.7740303084192022e-05 |  -3.7740303084192022e-05 | 1
  1,  3 |   3.8023959242088025e-04 |   3.8023959242088025e-04 | 1
  1,  4 |   6.3687181746794079e-04 |   6.3687181746794079e-04 | 1
  1,  5 |   4.1834519742934211e-04 |   4.1834519742934211e-04 | 1
  1,  6 |   1.9934543488237953e-04 |   1.9934543488237953e-04 | 1
  2,  1 |  -3.7740303084192022e-05 |  -3.7740303084192022e-05 | 1
  2,  2 |   3.3463003888547765e-03 |   3.3463003888547765e-03 | 1
  2,  3 |  -3.0285778752991033e-04 |  -3.0285778752991033e-04 | 1
  2,  4 |   4.0058258818043656e-04 |   4.0058258818043656e-04 | 1
  2,  5 |  -4.3168031266443124e-03 |  -4.3168031266443124e-03 | 1
  2,  6 |  -1.9163768011752017e-04 |  -1.9163768011752017e-04 | 1
  3,  1 |   3.8023959242088025e-04 |   3.8023959242088025e-04 | 1
  3,  2 |  -3.0285778752991033e-04 |  -3.0285778752991033e-04 | 1
  3,  3 |   1.4095736433941634e-02 |   1.4095736433941634e-02 | 1
  3,  4 |  -1.0589875039777883e-03 |  -1.0589875039777883e-03 | 1
  3,  5 |   1.3592049235243552e-03 |   1.3592049235243552e-03 | 1
  3,  6 |   2.9516446420110198e-04 |   2.9516446420110198e-04 | 1
  4,  1 |   6.3687181746794079e-04 |   6.3687181746794079e-04 | 1
  4,  2 |   4.0058258818043656e-04 |   4.0058258818043656e-04 | 1
  4,  3 |  -1.0589875039777883e-03 |  -1.0589875039777883e-03 | 1
  4,  4 |   1.5735925418407599e-03 |   1.5735925418407599e-03 | 1
  4,  5 |   8.1561777961361524e-04 |   8.1561777961361524e-04 | 1
  4,  6 |   1.8924695352965612e-04 |   1.8924695352965612e-04 | 1
  5,  1 |   4.1834519742934211e-04 |   4.1834519742934211e-04 | 1
  5,  2 |  -4.3168031266443124e-03 |  -4.3168031266443124e-03 | 1
  5,  3 |   1.3592049235243552e-03 |   1.3592049235243552e-03 | 1
  5,  4 |   8.1561777961361524e-04 |   8.1561777961361524e-04 | 1
  5,  5 |   8.6242676231789578e-03 |   8.6242676231789578e-03 | 1
  5,  6 |   6.9736564029021682e-04 |   6.9736564029021682e-04 | 1
  6,  1 |   1.9934543488237953e-04 |   1.9934543488237953e-04 | 1
  6,  2 |  -1.9163768011752017e-04 |  -1.9163768011752017e-04 | 1
  6,  3 |   2.9516446420110198e-04 |   2.9516446420110198e-04 | 1
  6,  4 |   1.8924695352965612e-04 |   1.8924695352965612e-04 | 1
  6,  5 |   6.9736564029021682e-04 |   6.9736564029021682e-04 | 1
  6,  6 |   1.0603677826046889e-03 |   1.0603677826046889e-03 | 1
