row,col | V_base                   | V_new                    | equal
  1,  1 |   7.7453826158185282e-04 |   7.7453826158185282e-04 | 1
  1,  2 |   3.5671185899140449e-04 |   3.5671185899140449e-04 | 1
  1,  3 |   4.2308690559801182e-04 |   4.2308690559801182e-04 | 1
  1,  4 |   6.3928146488243074e-04 |   6.3928146488243074e-04 | 1
  1,  5 |   5.8034018002384950e-04 |   5.8034018002384950e-04 | 1
  1,  6 |   8.3123434389318403e-05 |   8.3123434389318403e-05 | 1
  1,  7 |   0.0000000000000000e+00 |   0.0000000000000000e+00 | 1
  1,  8 |   1.0321033740338822e-04 |   1.0321033740338822e-04 | 1
  1,  9 |  -1.5150211676656048e-04 |  -1.5150211676656048e-04 | 1
  1, 10 |   7.2977279694895513e-04 |   7.2977279694895513e-04 | 1
  1, 11 |   4.3220847785640918e-04 |   4.3220847785640918e-04 | 1
  1, 12 |   6.7504593847875596e-04 |   6.7504593847875596e-04 | 1
  1, 13 |   1.6248720852758162e-03 |   1.6248720852758162e-03 | 1
  1, 14 |   3.8567043176922038e-05 |   3.8567043176922038e-05 | 1
  1, 15 |   8.4913022216362259e-04 |   8.4913022216362259e-04 | 1
  1, 16 |   1.2853801657349132e-03 |   1.2853801657349132e-03 | 1
  1, 17 |   6.3171077237093583e-04 |   6.3171077237093583e-04 | 1
  1, 18 |   1.8619164439370367e-04 |   1.8619164439370367e-04 | 1
  2,  1 |   3.5671185899140449e-04 |   3.5671185899140449e-04 | 1
  2,  2 |   9.5780713703205495e-04 |   9.5780713703205495e-04 | 1
  2,  3 |   6.3812670852812054e-05 |   6.3812670852812054e-05 | 1
  2,  4 |   1.9744920669740142e-04 |   1.9744920669740142e-04 | 1
  2,  5 |  -2.8387884123762952e-04 |  -2.8387884123762952e-04 | 1
  2,  6 |  -2.2921935757140802e-04 |  -2.2921935757140802e-04 | 1
  2,  7 |   0.0000000000000000e+00 |   0.0000000000000000e+00 | 1
  2,  8 |   3.4335676982008573e-04 |   3.4335676982008573e-04 | 1
  2,  9 |  -3.1685625448480548e-04 |  -3.1685625448480548e-04 | 1
  2, 10 |   5.6752430024332110e-05 |   5.6752430024332110e-05 | 1
  2, 11 |   2.1378851264641273e-03 |   2.1378851264641273e-03 | 1
  2, 12 |   4.2935086626662815e-05 |   4.2935086626662815e-05 | 1
  2, 13 |   3.4124685251202156e-03 |   3.4124685251202156e-03 | 1
  2, 14 |  -6.3427844220532873e-04 |  -6.3427844220532873e-04 | 1
  2, 15 |   1.8079762517269569e-04 |   1.8079762517269569e-04 | 1
  2, 16 |  -3.5800170108910370e-04 |  -3.5800170108910370e-04 | 1
  2, 17 |   2.7659138626315077e-04 |   2.7659138626315077e-04 | 1
  2, 18 |   3.7829418441904822e-04 |   3.7829418441904822e-04 | 1
  3,  1 |   4.2308690559801182e-04 |   4.2308690559801182e-04 | 1
  3,  2 |   6.3812670852812054e-05 |   6.3812670852812054e-05 | 1
  3,  3 |   1.7540522032417425e-03 |   1.7540522032417425e-03 | 1
  3,  4 |   6.8217810896730878e-04 |   6.8217810896730878e-04 | 1
  3,  5 |  -2.0056731063411627e-04 |  -2.0056731063411627e-04 | 1
  3,  6 |  -1.1284675973467865e-04 |  -1.1284675973467865e-04 | 1
  3,  7 |   0.0000000000000000e+00 |   0.0000000000000000e+00 | 1
  3,  8 |   2.6530693195470350e-04 |   2.6530693195470350e-04 | 1
  3,  9 |  -1.0084860830064806e-04 |  -1.0084860830064806e-04 | 1
  3, 10 |   2.3180768383786041e-04 |   2.3180768383786041e-04 | 1
  3, 11 |  -5.9279201885795228e-04 |  -5.9279201885795228e-04 | 1
  3, 12 |   4.0478629350356322e-04 |   4.0478629350356322e-04 | 1
  3, 13 |  -7.1878351631891901e-04 |  -7.1878351631891901e-04 | 1
  3, 14 |   2.9230979855295379e-05 |   2.9230979855295379e-05 | 1
  3, 15 |   1.0242574169508296e-04 |   1.0242574169508296e-04 | 1
  3, 16 |   2.2219246234239740e-03 |   2.2219246234239740e-03 | 1
  3, 17 |   5.8858392704039773e-04 |   5.8858392704039773e-04 | 1
  3, 18 |   1.6249488089304498e-04 |   1.6249488089304498e-04 | 1
  4,  1 |   6.3928146488243074e-04 |   6.3928146488243074e-04 | 1
  4,  2 |   1.9744920669740142e-04 |   1.9744920669740142e-04 | 1
  4,  3 |   6.8217810896730878e-04 |   6.8217810896730878e-04 | 1
  4,  4 |   1.6776292329381758e-03 |   1.6776292329381758e-03 | 1
  4,  5 |  -1.7788371716650646e-04 |  -1.7788371716650646e-04 | 1
  4,  6 |  -4.9216415014939488e-04 |  -4.9216415014939488e-04 | 1
  4,  7 |   0.0000000000000000e+00 |   0.0000000000000000e+00 | 1
  4,  8 |   9.2018170078855821e-04 |   9.2018170078855821e-04 | 1
  4,  9 |  -1.4345055677299123e-04 |  -1.4345055677299123e-04 | 1
  4, 10 |   7.4769207103700733e-04 |   7.4769207103700733e-04 | 1
  4, 11 |  -3.5353428617513043e-04 |  -3.5353428617513043e-04 | 1
  4, 12 |   1.0897436427484250e-03 |   1.0897436427484250e-03 | 1
  4, 13 |  -1.5473932847207455e-03 |  -1.5473932847207455e-03 | 1
  4, 14 |   4.0634448508078435e-04 |   4.0634448508078435e-04 | 1
  4, 15 |  -4.7938994785143719e-04 |  -4.7938994785143719e-04 | 1
  4, 16 |   3.5957922338440943e-03 |   3.5957922338440943e-03 | 1
  4, 17 |   7.8396698461828522e-04 |   7.8396698461828522e-04 | 1
  4, 18 |  -3.4110782808214338e-05 |  -3.4110782808214338e-05 | 1
  5,  1 |   5.8034018002384950e-04 |   5.8034018002384950e-04 | 1
  5,  2 |  -2.8387884123762952e-04 |  -2.8387884123762952e-04 | 1
  5,  3 |  -2.0056731063411627e-04 |  -2.0056731063411627e-04 | 1
  5,  4 |  -1.7788371716650646e-04 |  -1.7788371716650646e-04 | 1
  5,  5 |   1.2325693274014662e-02 |   1.2325693274014662e-02 | 1
  5,  6 |   6.0412782116221206e-03 |   6.0412782116221206e-03 | 1
  5,  7 |   0.0000000000000000e+00 |   0.0000000000000000e+00 | 1
  5,  8 |  -3.0115381021303895e-03 |  -3.0115381021303895e-03 | 1
  5,  9 |   1.5068919617947595e-03 |   1.5068919617947595e-03 | 1
  5, 10 |   5.4042286039746360e-04 |   5.4042286039746360e-04 | 1
  5, 11 |   5.4262743912961309e-03 |   5.4262743912961309e-03 | 1
  5, 12 |  -4.8882909178783072e-03 |  -4.8882909178783072e-03 | 1
  5, 13 |  -6.5911502230256418e-03 |  -6.5911502230256418e-03 | 1
  5, 14 |   3.4688142295599266e-04 |   3.4688142295599266e-04 | 1
  5, 15 |  -2.1421814411701153e-04 |  -2.1421814411701153e-04 | 1
  5, 16 |   9.5039294776890840e-03 |   9.5039294776890840e-03 | 1
  5, 17 |   3.8516202260828849e-04 |   3.8516202260828849e-04 | 1
  5, 18 |   1.3923111629494743e-03 |   1.3923111629494743e-03 | 1
  6,  1 |   8.3123434389318403e-05 |   8.3123434389318403e-05 | 1
  6,  2 |  -2.2921935757140802e-04 |  -2.2921935757140802e-04 | 1
  6,  3 |  -1.1284675973467865e-04 |  -1.1284675973467865e-04 | 1
  6,  4 |  -4.9216415014939488e-04 |  -4.9216415014939488e-04 | 1
  6,  5 |   6.0412782116221206e-03 |   6.0412782116221206e-03 | 1
  6,  6 |   7.5588532695813199e-03 |   7.5588532695813199e-03 | 1
  6,  7 |   0.0000000000000000e+00 |   0.0000000000000000e+00 | 1
  6,  8 |  -5.0012701871725140e-03 |  -5.0012701871725140e-03 | 1
  6,  9 |   9.9408570231980737e-04 |   9.9408570231980737e-04 | 1
  6, 10 |   6.1084787224234050e-04 |   6.1084787224234050e-04 | 1
  6, 11 |   2.8696343593231379e-03 |   2.8696343593231379e-03 | 1
  6, 12 |  -3.6701329840281528e-03 |  -3.6701329840281528e-03 | 1
  6, 13 |  -6.5404846934719336e-03 |  -6.5404846934719336e-03 | 1
  6, 14 |   6.2225397449499026e-04 |   6.2225397449499026e-04 | 1
  6, 15 |  -1.0636375494445965e-03 |  -1.0636375494445965e-03 | 1
  6, 16 |   8.4068789695908759e-03 |   8.4068789695908759e-03 | 1
  6, 17 |   2.8274250697957242e-04 |   2.8274250697957242e-04 | 1
  6, 18 |   9.6729897997114515e-04 |   9.6729897997114515e-04 | 1
  7,  1 |   0.0000000000000000e+00 |   0.0000000000000000e+00 | 1
  7,  2 |   0.0000000000000000e+00 |   0.0000000000000000e+00 | 1
  7,  3 |   0.0000000000000000e+00 |   0.0000000000000000e+00 | 1
  7,  4 |   0.0000000000000000e+00 |   0.0000000000000000e+00 | 1
  7,  5 |   0.0000000000000000e+00 |   0.0000000000000000e+00 | 1
  7,  6 |   0.0000000000000000e+00 |   0.0000000000000000e+00 | 1
  7,  7 |   0.0000000000000000e+00 |   0.0000000000000000e+00 | 1
  7,  8 |   0.0000000000000000e+00 |   0.0000000000000000e+00 | 1
  7,  9 |   0.0000000000000000e+00 |   0.0000000000000000e+00 | 1
  7, 10 |   0.0000000000000000e+00 |   0.0000000000000000e+00 | 1
  7, 11 |   0.0000000000000000e+00 |   0.0000000000000000e+00 | 1
  7, 12 |   0.0000000000000000e+00 |   0.0000000000000000e+00 | 1
  7, 13 |   0.0000000000000000e+00 |   0.0000000000000000e+00 | 1
  7, 14 |   0.0000000000000000e+00 |   0.0000000000000000e+00 | 1
  7, 15 |   0.0000000000000000e+00 |   0.0000000000000000e+00 | 1
  7, 16 |   0.0000000000000000e+00 |   0.0000000000000000e+00 | 1
  7, 17 |   0.0000000000000000e+00 |   0.0000000000000000e+00 | 1
  7, 18 |   0.0000000000000000e+00 |   0.0000000000000000e+00 | 1
  8,  1 |   1.0321033740338822e-04 |   1.0321033740338822e-04 | 1
  8,  2 |   3.4335676982008573e-04 |   3.4335676982008573e-04 | 1
  8,  3 |   2.6530693195470350e-04 |   2.6530693195470350e-04 | 1
  8,  4 |   9.2018170078855821e-04 |   9.2018170078855821e-04 | 1
  8,  5 |  -3.0115381021303895e-03 |  -3.0115381021303895e-03 | 1
  8,  6 |  -5.0012701871725140e-03 |  -5.0012701871725140e-03 | 1
  8,  7 |   0.0000000000000000e+00 |   0.0000000000000000e+00 | 1
  8,  8 |   5.1523617175391568e-03 |   5.1523617175391568e-03 | 1
  8,  9 |  -4.4767543583284754e-04 |  -4.4767543583284754e-04 | 1
  8, 10 |   9.3937963270863911e-06 |   9.3937963270863911e-06 | 1
  8, 11 |   9.0750116241964350e-04 |   9.0750116241964350e-04 | 1
  8, 12 |   2.8095496541395456e-03 |   2.8095496541395456e-03 | 1
  8, 13 |   3.0817087544264842e-03 |   3.0817087544264842e-03 | 1
  8, 14 |   3.7789388379023088e-05 |   3.7789388379023088e-05 | 1
  8, 15 |  -8.4712880022959000e-04 |  -8.4712880022959000e-04 | 1
  8, 16 |  -1.3006256344398391e-03 |  -1.3006256344398391e-03 | 1
  8, 17 |  -1.4916413147519512e-04 |  -1.4916413147519512e-04 | 1
  8, 18 |  -3.5940122992395734e-04 |  -3.5940122992395734e-04 | 1
  9,  1 |  -1.5150211676656048e-04 |  -1.5150211676656048e-04 | 1
  9,  2 |  -3.1685625448480548e-04 |  -3.1685625448480548e-04 | 1
  9,  3 |  -1.0084860830064806e-04 |  -1.0084860830064806e-04 | 1
  9,  4 |  -1.4345055677299123e-04 |  -1.4345055677299123e-04 | 1
  9,  5 |   1.5068919617947595e-03 |   1.5068919617947595e-03 | 1
  9,  6 |   9.9408570231980737e-04 |   9.9408570231980737e-04 | 1
  9,  7 |   0.0000000000000000e+00 |   0.0000000000000000e+00 | 1
  9,  8 |  -4.4767543583284754e-04 |  -4.4767543583284754e-04 | 1
  9,  9 |   5.5040258250374735e-04 |   5.5040258250374735e-04 | 1
  9, 10 |   2.5954339268633553e-04 |   2.5954339268633553e-04 | 1
  9, 11 |   8.1410933797049245e-04 |   8.1410933797049245e-04 | 1
  9, 12 |  -7.9512199384469359e-04 |  -7.9512199384469359e-04 | 1
  9, 13 |  -2.4306871898197380e-03 |  -2.4306871898197380e-03 | 1
  9, 14 |   5.4708339443366224e-04 |   5.4708339443366224e-04 | 1
  9, 15 |  -8.7617907986668221e-04 |  -8.7617907986668221e-04 | 1
  9, 16 |   1.7939483385637557e-03 |   1.7939483385637557e-03 | 1
  9, 17 |  -1.0914831878874236e-04 |  -1.0914831878874236e-04 | 1
  9, 18 |  -1.1225020077022742e-05 |  -1.1225020077022742e-05 | 1
 10,  1 |   7.2977279694895513e-04 |   7.2977279694895513e-04 | 1
 10,  2 |   5.6752430024332110e-05 |   5.6752430024332110e-05 | 1
 10,  3 |   2.3180768383786041e-04 |   2.3180768383786041e-04 | 1
 10,  4 |   7.4769207103700733e-04 |   7.4769207103700733e-04 | 1
 10,  5 |   5.4042286039746360e-04 |   5.4042286039746360e-04 | 1
 10,  6 |   6.1084787224234050e-04 |   6.1084787224234050e-04 | 1
 10,  7 |   0.0000000000000000e+00 |   0.0000000000000000e+00 | 1
 10,  8 |   9.3937963270863911e-06 |   9.3937963270863911e-06 | 1
 10,  9 |   2.5954339268633553e-04 |   2.5954339268633553e-04 | 1
 10, 10 |   1.6767109561453123e-03 |   1.6767109561453123e-03 | 1
 10, 11 |   6.1435745120459891e-04 |   6.1435745120459891e-04 | 1
 10, 12 |   1.1010292039657799e-03 |   1.1010292039657799e-03 | 1
 10, 13 |   1.2481355332371658e-04 |   1.2481355332371658e-04 | 1
 10, 14 |   1.1053613463250529e-03 |   1.1053613463250529e-03 | 1
 10, 15 |  -2.0810832493024762e-04 |  -2.0810832493024762e-04 | 1
 10, 16 |   3.4727091257822206e-03 |   3.4727091257822206e-03 | 1
 10, 17 |   5.9301588828695139e-04 |   5.9301588828695139e-04 | 1
 10, 18 |   1.4425889439732699e-05 |   1.4425889439732699e-05 | 1
 11,  1 |   4.3220847785640918e-04 |   4.3220847785640918e-04 | 1
 11,  2 |   2.1378851264641273e-03 |   2.1378851264641273e-03 | 1
 11,  3 |  -5.9279201885795228e-04 |  -5.9279201885795228e-04 | 1
 11,  4 |  -3.5353428617513043e-04 |  -3.5353428617513043e-04 | 1
 11,  5 |   5.4262743912961309e-03 |   5.4262743912961309e-03 | 1
 11,  6 |   2.8696343593231379e-03 |   2.8696343593231379e-03 | 1
 11,  7 |   0.0000000000000000e+00 |   0.0000000000000000e+00 | 1
 11,  8 |   9.0750116241964350e-04 |   9.0750116241964350e-04 | 1
 11,  9 |   8.1410933797049245e-04 |   8.1410933797049245e-04 | 1
 11, 10 |   6.1435745120459891e-04 |   6.1435745120459891e-04 | 1
 11, 11 |   2.1639996404347668e-02 |   2.1639996404347668e-02 | 1
 11, 12 |  -7.4188430328542753e-03 |  -7.4188430328542753e-03 | 1
 11, 13 |  -6.6220593688213557e-06 |  -6.6220593688213557e-06 | 1
 11, 14 |  -3.0472369334074844e-04 |  -3.0472369334074844e-04 | 1
 11, 15 |  -3.9363728398399585e-03 |  -3.9363728398399585e-03 | 1
 11, 16 |   5.8852919003965377e-03 |   5.8852919003965377e-03 | 1
 11, 17 |   1.0006440850573066e-04 |   1.0006440850573066e-04 | 1
 11, 18 |   8.8605071895967152e-04 |   8.8605071895967152e-04 | 1
 12,  1 |   6.7504593847875596e-04 |   6.7504593847875596e-04 | 1
 12,  2 |   4.2935086626662815e-05 |   4.2935086626662815e-05 | 1
 12,  3 |   4.0478629350356322e-04 |   4.0478629350356322e-04 | 1
 12,  4 |   1.0897436427484250e-03 |   1.0897436427484250e-03 | 1
 12,  5 |  -4.8882909178783072e-03 |  -4.8882909178783072e-03 | 1
 12,  6 |  -3.6701329840281528e-03 |  -3.6701329840281528e-03 | 1
 12,  7 |   0.0000000000000000e+00 |   0.0000000000000000e+00 | 1
 12,  8 |   2.8095496541395456e-03 |   2.8095496541395456e-03 | 1
 12,  9 |  -7.9512199384469359e-04 |  -7.9512199384469359e-04 | 1
 12, 10 |   1.1010292039657799e-03 |   1.1010292039657799e-03 | 1
 12, 11 |  -7.4188430328542753e-03 |  -7.4188430328542753e-03 | 1
 12, 12 |   7.6010443326310559e-03 |   7.6010443326310559e-03 | 1
 12, 13 |   7.2594954428636619e-03 |   7.2594954428636619e-03 | 1
 12, 14 |   6.4136127412297455e-04 |   6.4136127412297455e-04 | 1
 12, 15 |   1.3968058507578807e-03 |   1.3968058507578807e-03 | 1
 12, 16 |  -1.1697976259453437e-03 |  -1.1697976259453437e-03 | 1
 12, 17 |   3.9270999894634804e-04 |   3.9270999894634804e-04 | 1
 12, 18 |  -1.0887009571876675e-04 |  -1.0887009571876675e-04 | 1
 13,  1 |   1.6248720852758162e-03 |   1.6248720852758162e-03 | 1
 13,  2 |   3.4124685251202156e-03 |   3.4124685251202156e-03 | 1
 13,  3 |  -7.1878351631891901e-04 |  -7.1878351631891901e-04 | 1
 13,  4 |  -1.5473932847207455e-03 |  -1.5473932847207455e-03 | 1
 13,  5 |  -6.5911502230256418e-03 |  -6.5911502230256418e-03 | 1
 13,  6 |  -6.5404846934719336e-03 |  -6.5404846934719336e-03 | 1
 13,  7 |   0.0000000000000000e+00 |   0.0000000000000000e+00 | 1
 13,  8 |   3.0817087544264842e-03 |   3.0817087544264842e-03 | 1
 13,  9 |  -2.4306871898197380e-03 |  -2.4306871898197380e-03 | 1
 13, 10 |   1.2481355332371658e-04 |   1.2481355332371658e-04 | 1
 13, 11 |  -6.6220593688213557e-06 |  -6.6220593688213557e-06 | 1
 13, 12 |   7.2594954428636619e-03 |   7.2594954428636619e-03 | 1
 13, 13 |   3.6961769633890758e-02 |   3.6961769633890758e-02 | 1
 13, 14 |  -3.0633758330941754e-03 |  -3.0633758330941754e-03 | 1
 13, 15 |   7.2477611206178474e-03 |   7.2477611206178474e-03 | 1
 13, 16 |  -2.0108202071225850e-02 |  -2.0108202071225850e-02 | 1
 13, 17 |   1.2448327975712517e-04 |   1.2448327975712517e-04 | 1
 13, 18 |   4.4921916322956078e-04 |   4.4921916322956078e-04 | 1
 14,  1 |   3.8567043176922038e-05 |   3.8567043176922038e-05 | 1
 14,  2 |  -6.3427844220532873e-04 |  -6.3427844220532873e-04 | 1
 14,  3 |   2.9230979855295379e-05 |   2.9230979855295379e-05 | 1
 14,  4 |   4.0634448508078435e-04 |   4.0634448508078435e-04 | 1
 14,  5 |   3.4688142295599266e-04 |   3.4688142295599266e-04 | 1
 14,  6 |   6.2225397449499026e-04 |   6.2225397449499026e-04 | 1
 14,  7 |   0.0000000000000000e+00 |   0.0000000000000000e+00 | 1
 14,  8 |   3.7789388379023088e-05 |   3.7789388379023088e-05 | 1
 14,  9 |   5.4708339443366224e-04 |   5.4708339443366224e-04 | 1
 14, 10 |   1.1053613463250529e-03 |   1.1053613463250529e-03 | 1
 14, 11 |  -3.0472369334074844e-04 |  -3.0472369334074844e-04 | 1
 14, 12 |   6.4136127412297455e-04 |   6.4136127412297455e-04 | 1
 14, 13 |  -3.0633758330941754e-03 |  -3.0633758330941754e-03 | 1
 14, 14 |   1.4731053556894991e-03 |   1.4731053556894991e-03 | 1
 14, 15 |  -1.4268268359464982e-03 |  -1.4268268359464982e-03 | 1
 14, 16 |   3.3918218379624652e-03 |   3.3918218379624652e-03 | 1
 14, 17 |   8.7868301763965154e-05 |   8.7868301763965154e-05 | 1
 14, 18 |  -3.2305230015133510e-04 |  -3.2305230015133510e-04 | 1
 15,  1 |   8.4913022216362259e-04 |   8.4913022216362259e-04 | 1
 15,  2 |   1.8079762517269569e-04 |   1.8079762517269569e-04 | 1
 15,  3 |   1.0242574169508296e-04 |   1.0242574169508296e-04 | 1
 15,  4 |  -4.7938994785143719e-04 |  -4.7938994785143719e-04 | 1
 15,  5 |  -2.1421814411701153e-04 |  -2.1421814411701153e-04 | 1
 15,  6 |  -1.0636375494445965e-03 |  -1.0636375494445965e-03 | 1
 15,  7 |   0.0000000000000000e+00 |   0.0000000000000000e+00 | 1
 15,  8 |  -8.4712880022959000e-04 |  -8.4712880022959000e-04 | 1
 15,  9 |  -8.7617907986668221e-04 |  -8.7617907986668221e-04 | 1
 15, 10 |  -2.0810832493024762e-04 |  -2.0810832493024762e-04 | 1
 15, 11 |  -3.9363728398399585e-03 |  -3.9363728398399585e-03 | 1
 15, 12 |   1.3968058507578807e-03 |   1.3968058507578807e-03 | 1
 15, 13 |   7.2477611206178474e-03 |   7.2477611206178474e-03 | 1
 15, 14 |  -1.4268268359464982e-03 |  -1.4268268359464982e-03 | 1
 15, 15 |   5.5556601050633422e-03 |   5.5556601050633422e-03 | 1
 15, 16 |  -6.1329557395488170e-03 |  -6.1329557395488170e-03 | 1
 15, 17 |   3.6344761695762429e-04 |   3.6344761695762429e-04 | 1
 15, 18 |   2.2656181817528996e-04 |   2.2656181817528996e-04 | 1
 16,  1 |   1.2853801657349132e-03 |   1.2853801657349132e-03 | 1
 16,  2 |  -3.5800170108910370e-04 |  -3.5800170108910370e-04 | 1
 16,  3 |   2.2219246234239740e-03 |   2.2219246234239740e-03 | 1
 16,  4 |   3.5957922338440943e-03 |   3.5957922338440943e-03 | 1
 16,  5 |   9.5039294776890840e-03 |   9.5039294776890840e-03 | 1
 16,  6 |   8.4068789695908759e-03 |   8.4068789695908759e-03 | 1
 16,  7 |   0.0000000000000000e+00 |   0.0000000000000000e+00 | 1
 16,  8 |  -1.3006256344398391e-03 |  -1.3006256344398391e-03 | 1
 16,  9 |   1.7939483385637557e-03 |   1.7939483385637557e-03 | 1
 16, 10 |   3.4727091257822206e-03 |   3.4727091257822206e-03 | 1
 16, 11 |   5.8852919003965377e-03 |   5.8852919003965377e-03 | 1
 16, 12 |  -1.1697976259453437e-03 |  -1.1697976259453437e-03 | 1
 16, 13 |  -2.0108202071225850e-02 |  -2.0108202071225850e-02 | 1
 16, 14 |   3.3918218379624652e-03 |   3.3918218379624652e-03 | 1
 16, 15 |  -6.1329557395488170e-03 |  -6.1329557395488170e-03 | 1
 16, 16 |   4.0209505121070785e-02 |   4.0209505121070785e-02 | 1
 16, 17 |   2.2635312366407925e-03 |   2.2635312366407925e-03 | 1
 16, 18 |   3.8836104270932119e-03 |   3.8836104270932119e-03 | 1
 17,  1 |   6.3171077237093583e-04 |   6.3171077237093583e-04 | 1
 17,  2 |   2.7659138626315077e-04 |   2.7659138626315077e-04 | 1
 17,  3 |   5.8858392704039773e-04 |   5.8858392704039773e-04 | 1
 17,  4 |   7.8396698461828522e-04 |   7.8396698461828522e-04 | 1
 17,  5 |   3.8516202260828849e-04 |   3.8516202260828849e-04 | 1
 17,  6 |   2.8274250697957242e-04 |   2.8274250697957242e-04 | 1
 17,  7 |   0.0000000000000000e+00 |   0.0000000000000000e+00 | 1
 17,  8 |  -1.4916413147519512e-04 |  -1.4916413147519512e-04 | 1
 17,  9 |  -1.0914831878874236e-04 |  -1.0914831878874236e-04 | 1
 17, 10 |   5.9301588828695139e-04 |   5.9301588828695139e-04 | 1
 17, 11 |   1.0006440850573066e-04 |   1.0006440850573066e-04 | 1
 17, 12 |   3.9270999894634804e-04 |   3.9270999894634804e-04 | 1
 17, 13 |   1.2448327975712517e-04 |   1.2448327975712517e-04 | 1
 17, 14 |   8.7868301763965154e-05 |   8.7868301763965154e-05 | 1
 17, 15 |   3.6344761695762429e-04 |   3.6344761695762429e-04 | 1
 17, 16 |   2.2635312366407925e-03 |   2.2635312366407925e-03 | 1
 17, 17 |   6.8355258631701385e-04 |   6.8355258631701385e-04 | 1
 17, 18 |   2.0041728508314274e-04 |   2.0041728508314274e-04 | 1
 18,  1 |   1.8619164439370367e-04 |   1.8619164439370367e-04 | 1
 18,  2 |   3.7829418441904822e-04 |   3.7829418441904822e-04 | 1
 18,  3 |   1.6249488089304498e-04 |   1.6249488089304498e-04 | 1
 18,  4 |  -3.4110782808214338e-05 |  -3.4110782808214338e-05 | 1
 18,  5 |   1.3923111629494743e-03 |   1.3923111629494743e-03 | 1
 18,  6 |   9.6729897997114515e-04 |   9.6729897997114515e-04 | 1
 18,  7 |   0.0000000000000000e+00 |   0.0000000000000000e+00 | 1
 18,  8 |  -3.5940122992395734e-04 |  -3.5940122992395734e-04 | 1
 18,  9 |  -1.1225020077022742e-05 |  -1.1225020077022742e-05 | 1
 18, 10 |   1.4425889439732699e-05 |   1.4425889439732699e-05 | 1
 18, 11 |   8.8605071895967152e-04 |   8.8605071895967152e-04 | 1
 18, 12 |  -1.0887009571876675e-04 |  -1.0887009571876675e-04 | 1
 18, 13 |   4.4921916322956078e-04 |   4.4921916322956078e-04 | 1
 18, 14 |  -3.2305230015133510e-04 |  -3.2305230015133510e-04 | 1
 18, 15 |   2.2656181817528996e-04 |   2.2656181817528996e-04 | 1
 18, 16 |   3.8836104270932119e-03 |   3.8836104270932119e-03 | 1
 18, 17 |   2.0041728508314274e-04 |   2.0041728508314274e-04 | 1
 18, 18 |   1.0218795418314374e-03 |   1.0218795418314374e-03 | 1
