row,col | V_base                   | V_new                    | equal
  1,  1 |   1.9622803581367154e-03 |   1.9622803581367154e-03 | 1
  1,  2 |   2.0502385092213060e-03 |   2.0502385092213060e-03 | 1
  1,  3 |   1.4982346362979698e-03 |   1.4982346362979698e-03 | 1
  1,  4 |   1.5361795283075448e-03 |   1.5361795283075448e-03 | 1
  1,  5 |   1.6924231474536801e-03 |   1.6924231474536801e-03 | 1
  1,  6 |   4.3420717521872997e-04 |   4.3420717521872997e-04 | 1
  1,  7 |   1.8701911876926485e-03 |   1.8701911876926485e-03 | 1
  1,  8 |   7.9674848192924964e-05 |   7.9674848192924964e-05 | 1
  1,  9 |  -1.0781909563012019e-04 |  -1.0781909563012019e-04 | 1
  1, 10 |   5.8264619875577732e-03 |   5.8264619875577732e-03 | 1
  1, 11 |   6.5940698667084708e-03 |   6.5940698667084708e-03 | 1
  1, 12 |   2.5422830130739588e-03 |   2.5422830130739588e-03 | 1
  1, 13 |   1.8012069180148964e-03 |   1.8012069180148964e-03 | 1
  1, 14 |  -4.2848673953661717e-04 |  -4.2848673953661717e-04 | 1
  1, 15 |  -4.2044716805940598e-03 |  -4.2044716805940598e-03 | 1
  1, 16 |   3.7745402036464077e-03 |   3.7745402036464077e-03 | 1
  1, 17 |  -6.1456990334389722e-04 |  -6.1456990334389722e-04 | 1
  1, 18 |  -5.8670694649832155e-04 |  -5.8670694649832155e-04 | 1
  1, 19 |  -4.7342640204577383e-04 |  -4.7342640204577383e-04 | 1
  1, 20 |   1.9550712905538814e-03 |   1.9550712905538814e-03 | 1
  1, 21 |   4.7215527480347304e-04 |   4.7215527480347304e-04 | 1
  2,  1 |   2.0502385092213060e-03 |   2.0502385092213060e-03 | 1
  2,  2 |   6.3757335457799305e-03 |   6.3757335457799305e-03 | 1
  2,  3 |   1.5221406293190510e-03 |   1.5221406293190510e-03 | 1
  2,  4 |   1.3987134248401888e-03 |   1.3987134248401888e-03 | 1
  2,  5 |  -3.7792104359110412e-04 |  -3.7792104359110412e-04 | 1
  2,  6 |   9.3510909954184693e-04 |   9.3510909954184693e-04 | 1
  2,  7 |   3.1833655660775469e-03 |   3.1833655660775469e-03 | 1
  2,  8 |   2.9864952826430258e-03 |   2.9864952826430258e-03 | 1
  2,  9 |  -1.1862110173197200e-03 |  -1.1862110173197200e-03 | 1
  2, 10 |   5.6852880233762108e-03 |   5.6852880233762108e-03 | 1
  2, 11 |   8.4251455947429426e-03 |   8.4251455947429426e-03 | 1
  2, 12 |   3.6456244999384072e-03 |   3.6456244999384072e-03 | 1
  2, 13 |   1.1432064995836593e-03 |   1.1432064995836593e-03 | 1
  2, 14 |  -1.6738597799325111e-03 |  -1.6738597799325111e-03 | 1
  2, 15 |  -6.6232624006943262e-03 |  -6.6232624006943262e-03 | 1
  2, 16 |   4.5368940750502174e-03 |   4.5368940750502174e-03 | 1
  2, 17 |  -1.1186244621367394e-03 |  -1.1186244621367394e-03 | 1
  2, 18 |  -1.0063498115813942e-03 |  -1.0063498115813942e-03 | 1
  2, 19 |  -1.1542916912151329e-05 |  -1.1542916912151329e-05 | 1
  2, 20 |   2.6197691902121174e-03 |   2.6197691902121174e-03 | 1
  2, 21 |   4.3507078556572583e-04 |   4.3507078556572583e-04 | 1
  3,  1 |   1.4982346362979698e-03 |   1.4982346362979698e-03 | 1
  3,  2 |   1.5221406293190510e-03 |   1.5221406293190510e-03 | 1
  3,  3 |   2.4666890125708695e-03 |   2.4666890125708695e-03 | 1
  3,  4 |   1.4586106167282639e-03 |   1.4586106167282639e-03 | 1
  3,  5 |   9.6086655001472528e-04 |   9.6086655001472528e-04 | 1
  3,  6 |   4.0921046252463472e-04 |   4.0921046252463472e-04 | 1
  3,  7 |   1.8644151846923755e-03 |   1.8644151846923755e-03 | 1
  3,  8 |   2.3196655274420691e-04 |   2.3196655274420691e-04 | 1
  3,  9 |   1.5590113456730514e-04 |   1.5590113456730514e-04 | 1
  3, 10 |   4.5115534156038809e-03 |   4.5115534156038809e-03 | 1
  3, 11 |   5.5011844358703495e-03 |   5.5011844358703495e-03 | 1
  3, 12 |   2.0486476369557215e-03 |   2.0486476369557215e-03 | 1
  3, 13 |   2.1480325156471530e-04 |   2.1480325156471530e-04 | 1
  3, 14 |  -4.7073614329864164e-04 |  -4.7073614329864164e-04 | 1
  3, 15 |  -4.2406015250808088e-03 |  -4.2406015250808088e-03 | 1
  3, 16 |   3.5224180687280886e-03 |   3.5224180687280886e-03 | 1
  3, 17 |  -5.4863987790684148e-04 |  -5.4863987790684148e-04 | 1
  3, 18 |  -4.2728300568461427e-04 |  -4.2728300568461427e-04 | 1
  3, 19 |  -4.5996962633806265e-04 |  -4.5996962633806265e-04 | 1
  3, 20 |   1.6829050580512326e-03 |   1.6829050580512326e-03 | 1
  3, 21 |   6.0347313800491911e-04 |   6.0347313800491911e-04 | 1
  4,  1 |   1.5361795283075448e-03 |   1.5361795283075448e-03 | 1
  4,  2 |   1.3987134248401888e-03 |   1.3987134248401888e-03 | 1
  4,  3 |   1.4586106167282639e-03 |   1.4586106167282639e-03 | 1
  4,  4 |   2.7532240095231890e-03 |   2.7532240095231890e-03 | 1
  4,  5 |   1.1653148712218119e-03 |   1.1653148712218119e-03 | 1
  4,  6 |   3.2555102088322081e-04 |   3.2555102088322081e-04 | 1
  4,  7 |   1.6510513811124282e-03 |   1.6510513811124282e-03 | 1
  4,  8 |   6.2942104020102861e-04 |   6.2942104020102861e-04 | 1
  4,  9 |   2.1541303178619056e-04 |   2.1541303178619056e-04 | 1
  4, 10 |   3.9592961224529585e-03 |   3.9592961224529585e-03 | 1
  4, 11 |   5.1827796348220953e-03 |   5.1827796348220953e-03 | 1
  4, 12 |   2.2465548183209791e-03 |   2.2465548183209791e-03 | 1
  4, 13 |   1.3361633949240232e-03 |   1.3361633949240232e-03 | 1
  4, 14 |  -2.8157244886297060e-05 |  -2.8157244886297060e-05 | 1
  4, 15 |  -3.8490560985547650e-03 |  -3.8490560985547650e-03 | 1
  4, 16 |   3.1976968605726972e-03 |   3.1976968605726972e-03 | 1
  4, 17 |  -7.8899506067021355e-04 |  -7.8899506067021355e-04 | 1
  4, 18 |  -5.4964011975206059e-04 |  -5.4964011975206059e-04 | 1
  4, 19 |  -5.6884858672831269e-04 |  -5.6884858672831269e-04 | 1
  4, 20 |   1.6895853682187549e-03 |   1.6895853682187549e-03 | 1
  4, 21 |   4.7596389088670619e-04 |   4.7596389088670619e-04 | 1
  5,  1 |   1.6924231474536801e-03 |   1.6924231474536801e-03 | 1
  5,  2 |  -3.7792104359110412e-04 |  -3.7792104359110412e-04 | 1
  5,  3 |   9.6086655001472528e-04 |   9.6086655001472528e-04 | 1
  5,  4 |   1.1653148712218119e-03 |   1.1653148712218119e-03 | 1
  5,  5 |   1.2993627678699082e-02 |   1.2993627678699082e-02 | 1
  5,  6 |  -3.3398022968045803e-04 |  -3.3398022968045803e-04 | 1
  5,  7 |   4.6469928994574599e-03 |   4.6469928994574599e-03 | 1
  5,  8 |  -3.9487728899622321e-03 |  -3.9487728899622321e-03 | 1
  5,  9 |   1.3138929628048626e-03 |   1.3138929628048626e-03 | 1
  5, 10 |   1.4102983631731163e-02 |   1.4102983631731163e-02 | 1
  5, 11 |   6.5704610308849297e-03 |   6.5704610308849297e-03 | 1
  5, 12 |   3.6033347703848919e-03 |   3.6033347703848919e-03 | 1
  5, 13 |  -1.4087536200246618e-03 |  -1.4087536200246618e-03 | 1
  5, 14 |   4.4844016965568472e-04 |   4.4844016965568472e-04 | 1
  5, 15 |  -1.4549642693053441e-02 |  -1.4549642693053441e-02 | 1
  5, 16 |   7.0307636800924942e-03 |   7.0307636800924942e-03 | 1
  5, 17 |   4.4148882450117819e-04 |   4.4148882450117819e-04 | 1
  5, 18 |  -5.6774022612783917e-04 |  -5.6774022612783917e-04 | 1
  5, 19 |  -1.1262265924644563e-03 |  -1.1262265924644563e-03 | 1
  5, 20 |   1.4980439461990199e-03 |   1.4980439461990199e-03 | 1
  5, 21 |   6.8059686002984216e-05 |   6.8059686002984216e-05 | 1
  6,  1 |   4.3420717521872997e-04 |   4.3420717521872997e-04 | 1
  6,  2 |   9.3510909954184693e-04 |   9.3510909954184693e-04 | 1
  6,  3 |   4.0921046252463472e-04 |   4.0921046252463472e-04 | 1
  6,  4 |   3.2555102088322081e-04 |   3.2555102088322081e-04 | 1
  6,  5 |  -3.3398022968045803e-04 |  -3.3398022968045803e-04 | 1
  6,  6 |   5.3496857600794244e-04 |   5.3496857600794244e-04 | 1
  6,  7 |   5.6288627788215594e-04 |   5.6288627788215594e-04 | 1
  6,  8 |   8.6777126875472836e-04 |   8.6777126875472836e-04 | 1
  6,  9 |  -7.9338461026473675e-05 |  -7.9338461026473675e-05 | 1
  6, 10 |   4.8988248675235421e-04 |   4.8988248675235421e-04 | 1
  6, 11 |   2.4249320798296553e-03 |   2.4249320798296553e-03 | 1
  6, 12 |   4.5903593181215619e-04 |   4.5903593181215619e-04 | 1
  6, 13 |   1.0621716493995194e-03 |   1.0621716493995194e-03 | 1
  6, 14 |  -7.3430053593216845e-04 |  -7.3430053593216845e-04 | 1
  6, 15 |  -7.8619611592734370e-05 |  -7.8619611592734370e-05 | 1
  6, 16 |   5.2500742661239252e-04 |   5.2500742661239252e-04 | 1
  6, 17 |  -3.9538399567659496e-04 |  -3.9538399567659496e-04 | 1
  6, 18 |  -2.6224281833451239e-04 |  -2.6224281833451239e-04 | 1
  6, 19 |  -1.6162358440206478e-04 |  -1.6162358440206478e-04 | 1
  6, 20 |   4.0196827854428209e-04 |   4.0196827854428209e-04 | 1
  6, 21 |   1.3290015426817260e-04 |   1.3290015426817260e-04 | 1
  7,  1 |   1.8701911876926485e-03 |   1.8701911876926485e-03 | 1
  7,  2 |   3.1833655660775469e-03 |   3.1833655660775469e-03 | 1
  7,  3 |   1.8644151846923755e-03 |   1.8644151846923755e-03 | 1
  7,  4 |   1.6510513811124282e-03 |   1.6510513811124282e-03 | 1
  7,  5 |   4.6469928994574599e-03 |   4.6469928994574599e-03 | 1
  7,  6 |   5.6288627788215594e-04 |   5.6288627788215594e-04 | 1
  7,  7 |   5.3403437345376451e-03 |   5.3403437345376451e-03 | 1
  7,  8 |   3.5233563103814519e-04 |   3.5233563103814519e-04 | 1
  7,  9 |   2.2302558707529009e-04 |   2.2302558707529009e-04 | 1
  7, 10 |   1.1871418417728766e-02 |   1.1871418417728766e-02 | 1
  7, 11 |   1.1850703675952765e-02 |   1.1850703675952765e-02 | 1
  7, 12 |   3.5602018364746732e-03 |   3.5602018364746732e-03 | 1
  7, 13 |  -2.1451968394692045e-03 |  -2.1451968394692045e-03 | 1
  7, 14 |  -6.8820584376663285e-04 |  -6.8820584376663285e-04 | 1
  7, 15 |  -1.3968051927758438e-02 |  -1.3968051927758438e-02 | 1
  7, 16 |   6.6055733820385085e-03 |   6.6055733820385085e-03 | 1
  7, 17 |  -8.8976489458937494e-04 |  -8.8976489458937494e-04 | 1
  7, 18 |  -1.1319320499472269e-03 |  -1.1319320499472269e-03 | 1
  7, 19 |  -1.0163875987954821e-03 |  -1.0163875987954821e-03 | 1
  7, 20 |   2.2777354055959270e-03 |   2.2777354055959270e-03 | 1
  7, 21 |  -8.5201635214874163e-05 |  -8.5201635214874163e-05 | 1
  8,  1 |   7.9674848192924964e-05 |   7.9674848192924964e-05 | 1
  8,  2 |   2.9864952826430258e-03 |   2.9864952826430258e-03 | 1
  8,  3 |   2.3196655274420691e-04 |   2.3196655274420691e-04 | 1
  8,  4 |   6.2942104020102861e-04 |   6.2942104020102861e-04 | 1
  8,  5 |  -3.9487728899622321e-03 |  -3.9487728899622321e-03 | 1
  8,  6 |   8.6777126875472836e-04 |   8.6777126875472836e-04 | 1
  8,  7 |   3.5233563103814519e-04 |   3.5233563103814519e-04 | 1
  8,  8 |   9.4748380660888143e-03 |   9.4748380660888143e-03 | 1
  8,  9 |  -1.5289569300602876e-03 |  -1.5289569300602876e-03 | 1
  8, 10 |  -2.7195040076511620e-03 |  -2.7195040076511620e-03 | 1
  8, 11 |   7.1017481868262070e-03 |   7.1017481868262070e-03 | 1
  8, 12 |   8.8537871348432005e-04 |   8.8537871348432005e-04 | 1
  8, 13 |  -3.1773852220390796e-04 |  -3.1773852220390796e-04 | 1
  8, 14 |  -2.1595653149494103e-03 |  -2.1595653149494103e-03 | 1
  8, 15 |   1.4943739833257678e-03 |   1.4943739833257678e-03 | 1
  8, 16 |  -4.2841645235454400e-05 |  -4.2841645235454400e-05 | 1
  8, 17 |  -4.2845994194589760e-04 |  -4.2845994194589760e-04 | 1
  8, 18 |   6.9082667933571910e-05 |   6.9082667933571910e-05 | 1
  8, 19 |   8.8468736540975952e-04 |   8.8468736540975952e-04 | 1
  8, 20 |  -1.4749341545096265e-04 |  -1.4749341545096265e-04 | 1
  8, 21 |   1.0233444589664931e-03 |   1.0233444589664931e-03 | 1
  9,  1 |  -1.0781909563012019e-04 |  -1.0781909563012019e-04 | 1
  9,  2 |  -1.1862110173197200e-03 |  -1.1862110173197200e-03 | 1
  9,  3 |   1.5590113456730514e-04 |   1.5590113456730514e-04 | 1
  9,  4 |   2.1541303178619056e-04 |   2.1541303178619056e-04 | 1
  9,  5 |   1.3138929628048626e-03 |   1.3138929628048626e-03 | 1
  9,  6 |  -7.9338461026473675e-05 |  -7.9338461026473675e-05 | 1
  9,  7 |   2.2302558707529009e-04 |   2.2302558707529009e-04 | 1
  9,  8 |  -1.5289569300602876e-03 |  -1.5289569300602876e-03 | 1
  9,  9 |   1.6233764403943310e-03 |   1.6233764403943310e-03 | 1
  9, 10 |   9.6117726487342963e-04 |   9.6117726487342963e-04 | 1
  9, 11 |  -1.4120888838529947e-04 |  -1.4120888838529947e-04 | 1
  9, 12 |  -2.0313550690363402e-04 |  -2.0313550690363402e-04 | 1
  9, 13 |   5.3646392966952450e-05 |   5.3646392966952450e-05 | 1
  9, 14 |   4.7200513030214901e-04 |   4.7200513030214901e-04 | 1
  9, 15 |  -8.5893462279619211e-04 |  -8.5893462279619211e-04 | 1
  9, 16 |   3.7480686518871625e-05 |   3.7480686518871625e-05 | 1
  9, 17 |  -5.8777702510968143e-05 |  -5.8777702510968143e-05 | 1
  9, 18 |  -6.7649019328030471e-05 |  -6.7649019328030471e-05 | 1
  9, 19 |  -4.2522098077618490e-04 |  -4.2522098077618490e-04 | 1
  9, 20 |  -3.1005900227132344e-04 |  -3.1005900227132344e-04 | 1
  9, 21 |  -1.6517966724154649e-04 |  -1.6517966724154649e-04 | 1
 10,  1 |   5.8264619875577732e-03 |   5.8264619875577732e-03 | 1
 10,  2 |   5.6852880233762108e-03 |   5.6852880233762108e-03 | 1
 10,  3 |   4.5115534156038809e-03 |   4.5115534156038809e-03 | 1
 10,  4 |   3.9592961224529585e-03 |   3.9592961224529585e-03 | 1
 10,  5 |   1.4102983631731163e-02 |   1.4102983631731163e-02 | 1
 10,  6 |   4.8988248675235421e-04 |   4.8988248675235421e-04 | 1
 10,  7 |   1.1871418417728766e-02 |   1.1871418417728766e-02 | 1
 10,  8 |  -2.7195040076511620e-03 |  -2.7195040076511620e-03 | 1
 10,  9 |   9.6117726487342963e-04 |   9.6117726487342963e-04 | 1
 10, 10 |   3.8552666765198571e-02 |   3.8552666765198571e-02 | 1
 10, 11 |   1.8316593116622693e-02 |   1.8316593116622693e-02 | 1
 10, 12 |   1.2780827300911343e-02 |   1.2780827300911343e-02 | 1
 10, 13 |   1.4540353687278651e-03 |   1.4540353687278651e-03 | 1
 10, 14 |   1.5844264730375613e-04 |   1.5844264730375613e-04 | 1
 10, 15 |  -3.3319296954315583e-02 |  -3.3319296954315583e-02 | 1
 10, 16 |   1.5638178991025903e-02 |   1.5638178991025903e-02 | 1
 10, 17 |  -1.5794077894430653e-03 |  -1.5794077894430653e-03 | 1
 10, 18 |  -2.6543675693645923e-03 |  -2.6543675693645923e-03 | 1
 10, 19 |  -2.8420106806436064e-03 |  -2.8420106806436064e-03 | 1
 10, 20 |   5.9210151198922575e-03 |   5.9210151198922575e-03 | 1
 10, 21 |  -1.2348588285195652e-03 |  -1.2348588285195652e-03 | 1
 11,  1 |   6.5940698667084708e-03 |   6.5940698667084708e-03 | 1
 11,  2 |   8.4251455947429426e-03 |   8.4251455947429426e-03 | 1
 11,  3 |   5.5011844358703495e-03 |   5.5011844358703495e-03 | 1
 11,  4 |   5.1827796348220953e-03 |   5.1827796348220953e-03 | 1
 11,  5 |   6.5704610308849297e-03 |   6.5704610308849297e-03 | 1
 11,  6 |   2.4249320798296553e-03 |   2.4249320798296553e-03 | 1
 11,  7 |   1.1850703675952765e-02 |   1.1850703675952765e-02 | 1
 11,  8 |   7.1017481868262070e-03 |   7.1017481868262070e-03 | 1
 11,  9 |  -1.4120888838529947e-04 |  -1.4120888838529947e-04 | 1
 11, 10 |   1.8316593116622693e-02 |   1.8316593116622693e-02 | 1
 11, 11 |   8.4166351732501171e-02 |   8.4166351732501171e-02 | 1
 11, 12 |  -1.6419853809589622e-03 |  -1.6419853809589622e-03 | 1
 11, 13 |  -6.7188397814457962e-04 |  -6.7188397814457962e-04 | 1
 11, 14 |  -4.3407352231088960e-03 |  -4.3407352231088960e-03 | 1
 11, 15 |  -2.7576288258027166e-02 |  -2.7576288258027166e-02 | 1
 11, 16 |   2.2396784289059675e-02 |   2.2396784289059675e-02 | 1
 11, 17 |  -2.4461323683063491e-03 |  -2.4461323683063491e-03 | 1
 11, 18 |  -2.2706912162711759e-03 |  -2.2706912162711759e-03 | 1
 11, 19 |  -9.7234352876925611e-04 |  -9.7234352876925611e-04 | 1
 11, 20 |   6.6490272222135263e-03 |   6.6490272222135263e-03 | 1
 11, 21 |   4.5651910829807938e-03 |   4.5651910829807938e-03 | 1
 12,  1 |   2.5422830130739588e-03 |   2.5422830130739588e-03 | 1
 12,  2 |   3.6456244999384072e-03 |   3.6456244999384072e-03 | 1
 12,  3 |   2.0486476369557215e-03 |   2.0486476369557215e-03 | 1
 12,  4 |   2.2465548183209791e-03 |   2.2465548183209791e-03 | 1
 12,  5 |   3.6033347703848919e-03 |   3.6033347703848919e-03 | 1
 12,  6 |   4.5903593181215619e-04 |   4.5903593181215619e-04 | 1
 12,  7 |   3.5602018364746732e-03 |   3.5602018364746732e-03 | 1
 12,  8 |   8.8537871348432005e-04 |   8.8537871348432005e-04 | 1
 12,  9 |  -2.0313550690363402e-04 |  -2.0313550690363402e-04 | 1
 12, 10 |   1.2780827300911343e-02 |   1.2780827300911343e-02 | 1
 12, 11 |  -1.6419853809589622e-03 |  -1.6419853809589622e-03 | 1
 12, 12 |   8.2516242015189395e-03 |   8.2516242015189395e-03 | 1
 12, 13 |   3.5607038232066714e-03 |   3.5607038232066714e-03 | 1
 12, 14 |  -4.5109799727810110e-04 |  -4.5109799727810110e-04 | 1
 12, 15 |  -9.0865480582388129e-03 |  -9.0865480582388129e-03 | 1
 12, 16 |   5.6732134761235077e-03 |   5.6732134761235077e-03 | 1
 12, 17 |  -8.5161469603666070e-04 |  -8.5161469603666070e-04 | 1
 12, 18 |  -9.0893483710006561e-04 |  -9.0893483710006561e-04 | 1
 12, 19 |  -7.8477659407485490e-04 |  -7.8477659407485490e-04 | 1
 12, 20 |   2.6529585613032382e-03 |   2.6529585613032382e-03 | 1
 12, 21 |   5.7735236084692607e-04 |   5.7735236084692607e-04 | 1
 13,  1 |   1.8012069180148964e-03 |   1.8012069180148964e-03 | 1
 13,  2 |   1.1432064995836593e-03 |   1.1432064995836593e-03 | 1
 13,  3 |   2.1480325156471530e-04 |   2.1480325156471530e-04 | 1
 13,  4 |   1.3361633949240232e-03 |   1.3361633949240232e-03 | 1
 13,  5 |  -1.4087536200246618e-03 |  -1.4087536200246618e-03 | 1
 13,  6 |   1.0621716493995194e-03 |   1.0621716493995194e-03 | 1
 13,  7 |  -2.1451968394692045e-03 |  -2.1451968394692045e-03 | 1
 13,  8 |  -3.1773852220390796e-04 |  -3.1773852220390796e-04 | 1
 13,  9 |   5.3646392966952450e-05 |   5.3646392966952450e-05 | 1
 13, 10 |   1.4540353687278651e-03 |   1.4540353687278651e-03 | 1
 13, 11 |  -6.7188397814457962e-04 |  -6.7188397814457962e-04 | 1
 13, 12 |   3.5607038232066714e-03 |   3.5607038232066714e-03 | 1
 13, 13 |   2.1822390477760800e-02 |   2.1822390477760800e-02 | 1
 13, 14 |  -1.4749101172151294e-03 |  -1.4749101172151294e-03 | 1
 13, 15 |   9.3186769490818319e-03 |   9.3186769490818319e-03 | 1
 13, 16 |  -4.0351949194425489e-04 |  -4.0351949194425489e-04 | 1
 13, 17 |  -5.3210363661140663e-04 |  -5.3210363661140663e-04 | 1
 13, 18 |  -1.1396254927485919e-04 |  -1.1396254927485919e-04 | 1
 13, 19 |   3.6334421053237467e-04 |   3.6334421053237467e-04 | 1
 13, 20 |   5.7526435745719202e-04 |   5.7526435745719202e-04 | 1
 13, 21 |   1.1777610723256002e-03 |   1.1777610723256002e-03 | 1
 14,  1 |  -4.2848673953661717e-04 |  -4.2848673953661717e-04 | 1
 14,  2 |  -1.6738597799325111e-03 |  -1.6738597799325111e-03 | 1
 14,  3 |  -4.7073614329864164e-04 |  -4.7073614329864164e-04 | 1
 14,  4 |  -2.8157244886297060e-05 |  -2.8157244886297060e-05 | 1
 14,  5 |   4.4844016965568472e-04 |   4.4844016965568472e-04 | 1
 14,  6 |  -7.3430053593216845e-04 |  -7.3430053593216845e-04 | 1
 14,  7 |  -6.8820584376663285e-04 |  -6.8820584376663285e-04 | 1
 14,  8 |  -2.1595653149494103e-03 |  -2.1595653149494103e-03 | 1
 14,  9 |   4.7200513030214901e-04 |   4.7200513030214901e-04 | 1
 14, 10 |   1.5844264730375613e-04 |   1.5844264730375613e-04 | 1
 14, 11 |  -4.3407352231088960e-03 |  -4.3407352231088960e-03 | 1
 14, 12 |  -4.5109799727810110e-04 |  -4.5109799727810110e-04 | 1
 14, 13 |  -1.4749101172151294e-03 |  -1.4749101172151294e-03 | 1
 14, 14 |   1.4843400808289013e-03 |   1.4843400808289013e-03 | 1
 14, 15 |  -1.2533646354504218e-04 |  -1.2533646354504218e-04 | 1
 14, 16 |  -8.6379503710257209e-04 |  -8.6379503710257209e-04 | 1
 14, 17 |   2.9451071613816721e-04 |   2.9451071613816721e-04 | 1
 14, 18 |   1.1376454625353031e-04 |   1.1376454625353031e-04 | 1
 14, 19 |  -1.8750346078004395e-04 |  -1.8750346078004395e-04 | 1
 14, 20 |  -3.8759577723758892e-04 |  -3.8759577723758892e-04 | 1
 14, 21 |  -5.0800400045439590e-04 |  -5.0800400045439590e-04 | 1
 15,  1 |  -4.2044716805940598e-03 |  -4.2044716805940598e-03 | 1
 15,  2 |  -6.6232624006943262e-03 |  -6.6232624006943262e-03 | 1
 15,  3 |  -4.2406015250808088e-03 |  -4.2406015250808088e-03 | 1
 15,  4 |  -3.8490560985547650e-03 |  -3.8490560985547650e-03 | 1
 15,  5 |  -1.4549642693053441e-02 |  -1.4549642693053441e-02 | 1
 15,  6 |  -7.8619611592734370e-05 |  -7.8619611592734370e-05 | 1
 15,  7 |  -1.3968051927758438e-02 |  -1.3968051927758438e-02 | 1
 15,  8 |   1.4943739833257678e-03 |   1.4943739833257678e-03 | 1
 15,  9 |  -8.5893462279619211e-04 |  -8.5893462279619211e-04 | 1
 15, 10 |  -3.3319296954315583e-02 |  -3.3319296954315583e-02 | 1
 15, 11 |  -2.7576288258027166e-02 |  -2.7576288258027166e-02 | 1
 15, 12 |  -9.0865480582388129e-03 |  -9.0865480582388129e-03 | 1
 15, 13 |   9.3186769490818319e-03 |   9.3186769490818319e-03 | 1
 15, 14 |  -1.2533646354504218e-04 |  -1.2533646354504218e-04 | 1
 15, 15 |   4.0620395857200120e-02 |   4.0620395857200120e-02 | 1
 15, 16 |  -1.7798426430633795e-02 |  -1.7798426430633795e-02 | 1
 15, 17 |   1.4370882809995825e-03 |   1.4370882809995825e-03 | 1
 15, 18 |   2.5470707989101440e-03 |   2.5470707989101440e-03 | 1
 15, 19 |   2.4800917070475284e-03 |   2.4800917070475284e-03 | 1
 15, 20 |  -5.4918662591820436e-03 |  -5.4918662591820436e-03 | 1
 15, 21 |   6.2954977589433584e-04 |   6.2954977589433584e-04 | 1
 16,  1 |   3.7745402036464077e-03 |   3.7745402036464077e-03 | 1
 16,  2 |   4.5368940750502174e-03 |   4.5368940750502174e-03 | 1
 16,  3 |   3.5224180687280886e-03 |   3.5224180687280886e-03 | 1
 16,  4 |   3.1976968605726972e-03 |   3.1976968605726972e-03 | 1
 16,  5 |   7.0307636800924942e-03 |   7.0307636800924942e-03 | 1
 16,  6 |   5.2500742661239252e-04 |   5.2500742661239252e-04 | 1
 16,  7 |   6.6055733820385085e-03 |   6.6055733820385085e-03 | 1
 16,  8 |  -4.2841645235454400e-05 |  -4.2841645235454400e-05 | 1
 16,  9 |   3.7480686518871625e-05 |   3.7480686518871625e-05 | 1
 16, 10 |   1.5638178991025903e-02 |   1.5638178991025903e-02 | 1
 16, 11 |   2.2396784289059675e-02 |   2.2396784289059675e-02 | 1
 16, 12 |   5.6732134761235077e-03 |   5.6732134761235077e-03 | 1
 16, 13 |  -4.0351949194425489e-04 |  -4.0351949194425489e-04 | 1
 16, 14 |  -8.6379503710257209e-04 |  -8.6379503710257209e-04 | 1
 16, 15 |  -1.7798426430633795e-02 |  -1.7798426430633795e-02 | 1
 16, 16 |   1.3027092037187275e-02 |   1.3027092037187275e-02 | 1
 16, 17 |  -9.7323665678505878e-04 |  -9.7323665678505878e-04 | 1
 16, 18 |  -1.2823162801946517e-03 |  -1.2823162801946517e-03 | 1
 16, 19 |  -9.3759576147768868e-04 |  -9.3759576147768868e-04 | 1
 16, 20 |   4.3451131926823304e-03 |   4.3451131926823304e-03 | 1
 16, 21 |   2.5191188056000336e-03 |   2.5191188056000336e-03 | 1
 17,  1 |  -6.1456990334389722e-04 |  -6.1456990334389722e-04 | 1
 17,  2 |  -1.1186244621367394e-03 |  -1.1186244621367394e-03 | 1
 17,  3 |  -5.4863987790684148e-04 |  -5.4863987790684148e-04 | 1
 17,  4 |  -7.8899506067021355e-04 |  -7.8899506067021355e-04 | 1
 17,  5 |   4.4148882450117819e-04 |   4.4148882450117819e-04 | 1
 17,  6 |  -3.9538399567659496e-04 |  -3.9538399567659496e-04 | 1
 17,  7 |  -8.8976489458937494e-04 |  -8.8976489458937494e-04 | 1
 17,  8 |  -4.2845994194589760e-04 |  -4.2845994194589760e-04 | 1
 17,  9 |  -5.8777702510968143e-05 |  -5.8777702510968143e-05 | 1
 17, 10 |  -1.5794077894430653e-03 |  -1.5794077894430653e-03 | 1
 17, 11 |  -2.4461323683063491e-03 |  -2.4461323683063491e-03 | 1
 17, 12 |  -8.5161469603666070e-04 |  -8.5161469603666070e-04 | 1
 17, 13 |  -5.3210363661140663e-04 |  -5.3210363661140663e-04 | 1
 17, 14 |   2.9451071613816721e-04 |   2.9451071613816721e-04 | 1
 17, 15 |   1.4370882809995825e-03 |   1.4370882809995825e-03 | 1
 17, 16 |  -9.7323665678505878e-04 |  -9.7323665678505878e-04 | 1
 17, 17 |   5.7966094672198625e-04 |   5.7966094672198625e-04 | 1
 17, 18 |   3.9527380932626363e-04 |   3.9527380932626363e-04 | 1
 17, 19 |   3.5188135584433183e-04 |   3.5188135584433183e-04 | 1
 17, 20 |  -7.1149598649428245e-04 |  -7.1149598649428245e-04 | 1
 17, 21 |   4.3827903995722618e-05 |   4.3827903995722618e-05 | 1
 18,  1 |  -5.8670694649832155e-04 |  -5.8670694649832155e-04 | 1
 18,  2 |  -1.0063498115813942e-03 |  -1.0063498115813942e-03 | 1
 18,  3 |  -4.2728300568461427e-04 |  -4.2728300568461427e-04 | 1
 18,  4 |  -5.4964011975206059e-04 |  -5.4964011975206059e-04 | 1
 18,  5 |  -5.6774022612783917e-04 |  -5.6774022612783917e-04 | 1
 18,  6 |  -2.6224281833451239e-04 |  -2.6224281833451239e-04 | 1
 18,  7 |  -1.1319320499472269e-03 |  -1.1319320499472269e-03 | 1
 18,  8 |   6.9082667933571910e-05 |   6.9082667933571910e-05 | 1
 18,  9 |  -6.7649019328030471e-05 |  -6.7649019328030471e-05 | 1
 18, 10 |  -2.6543675693645923e-03 |  -2.6543675693645923e-03 | 1
 18, 11 |  -2.2706912162711759e-03 |  -2.2706912162711759e-03 | 1
 18, 12 |  -9.0893483710006561e-04 |  -9.0893483710006561e-04 | 1
 18, 13 |  -1.1396254927485919e-04 |  -1.1396254927485919e-04 | 1
 18, 14 |   1.1376454625353031e-04 |   1.1376454625353031e-04 | 1
 18, 15 |   2.5470707989101440e-03 |   2.5470707989101440e-03 | 1
 18, 16 |  -1.2823162801946517e-03 |  -1.2823162801946517e-03 | 1
 18, 17 |   3.9527380932626363e-04 |   3.9527380932626363e-04 | 1
 18, 18 |   5.0017739725421409e-04 |   5.0017739725421409e-04 | 1
 18, 19 |   3.6349974278022858e-04 |   3.6349974278022858e-04 | 1
 18, 20 |  -6.7180312399399997e-04 |  -6.7180312399399997e-04 | 1
 18, 21 |   1.2079775050948230e-04 |   1.2079775050948230e-04 | 1
 19,  1 |  -4.7342640204577383e-04 |  -4.7342640204577383e-04 | 1
 19,  2 |  -1.1542916912151329e-05 |  -1.1542916912151329e-05 | 1
 19,  3 |  -4.5996962633806265e-04 |  -4.5996962633806265e-04 | 1
 19,  4 |  -5.6884858672831269e-04 |  -5.6884858672831269e-04 | 1
 19,  5 |  -1.1262265924644563e-03 |  -1.1262265924644563e-03 | 1
 19,  6 |  -1.6162358440206478e-04 |  -1.6162358440206478e-04 | 1
 19,  7 |  -1.0163875987954821e-03 |  -1.0163875987954821e-03 | 1
 19,  8 |   8.8468736540975952e-04 |   8.8468736540975952e-04 | 1
 19,  9 |  -4.2522098077618490e-04 |  -4.2522098077618490e-04 | 1
 19, 10 |  -2.8420106806436064e-03 |  -2.8420106806436064e-03 | 1
 19, 11 |  -9.7234352876925611e-04 |  -9.7234352876925611e-04 | 1
 19, 12 |  -7.8477659407485490e-04 |  -7.8477659407485490e-04 | 1
 19, 13 |   3.6334421053237467e-04 |   3.6334421053237467e-04 | 1
 19, 14 |  -1.8750346078004395e-04 |  -1.8750346078004395e-04 | 1
 19, 15 |   2.4800917070475284e-03 |   2.4800917070475284e-03 | 1
 19, 16 |  -9.3759576147768868e-04 |  -9.3759576147768868e-04 | 1
 19, 17 |   3.5188135584433183e-04 |   3.5188135584433183e-04 | 1
 19, 18 |   3.6349974278022858e-04 |   3.6349974278022858e-04 | 1
 19, 19 |   5.9638800720751269e-04 |   5.9638800720751269e-04 | 1
 19, 20 |  -4.8586697987380807e-04 |  -4.8586697987380807e-04 | 1
 19, 21 |   3.2312423538132033e-04 |   3.2312423538132033e-04 | 1
 20,  1 |   1.9550712905538814e-03 |   1.9550712905538814e-03 | 1
 20,  2 |   2.6197691902121174e-03 |   2.6197691902121174e-03 | 1
 20,  3 |   1.6829050580512326e-03 |   1.6829050580512326e-03 | 1
 20,  4 |   1.6895853682187549e-03 |   1.6895853682187549e-03 | 1
 20,  5 |   1.4980439461990199e-03 |   1.4980439461990199e-03 | 1
 20,  6 |   4.0196827854428209e-04 |   4.0196827854428209e-04 | 1
 20,  7 |   2.2777354055959270e-03 |   2.2777354055959270e-03 | 1
 20,  8 |  -1.4749341545096265e-04 |  -1.4749341545096265e-04 | 1
 20,  9 |  -3.1005900227132344e-04 |  -3.1005900227132344e-04 | 1
 20, 10 |   5.9210151198922575e-03 |   5.9210151198922575e-03 | 1
 20, 11 |   6.6490272222135263e-03 |   6.6490272222135263e-03 | 1
 20, 12 |   2.6529585613032382e-03 |   2.6529585613032382e-03 | 1
 20, 13 |   5.7526435745719202e-04 |   5.7526435745719202e-04 | 1
 20, 14 |  -3.8759577723758892e-04 |  -3.8759577723758892e-04 | 1
 20, 15 |  -5.4918662591820436e-03 |  -5.4918662591820436e-03 | 1
 20, 16 |   4.3451131926823304e-03 |   4.3451131926823304e-03 | 1
 20, 17 |  -7.1149598649428245e-04 |  -7.1149598649428245e-04 | 1
 20, 18 |  -6.7180312399399997e-04 |  -6.7180312399399997e-04 | 1
 20, 19 |  -4.8586697987380807e-04 |  -4.8586697987380807e-04 | 1
 20, 20 |   2.2506493338201772e-03 |   2.2506493338201772e-03 | 1
 20, 21 |   4.9443353513979344e-04 |   4.9443353513979344e-04 | 1
 21,  1 |   4.7215527480347304e-04 |   4.7215527480347304e-04 | 1
 21,  2 |   4.3507078556572583e-04 |   4.3507078556572583e-04 | 1
 21,  3 |   6.0347313800491911e-04 |   6.0347313800491911e-04 | 1
 21,  4 |   4.7596389088670619e-04 |   4.7596389088670619e-04 | 1
 21,  5 |   6.8059686002984216e-05 |   6.8059686002984216e-05 | 1
 21,  6 |   1.3290015426817260e-04 |   1.3290015426817260e-04 | 1
 21,  7 |  -8.5201635214874163e-05 |  -8.5201635214874163e-05 | 1
 21,  8 |   1.0233444589664931e-03 |   1.0233444589664931e-03 | 1
 21,  9 |  -1.6517966724154649e-04 |  -1.6517966724154649e-04 | 1
 21, 10 |  -1.2348588285195652e-03 |  -1.2348588285195652e-03 | 1
 21, 11 |   4.5651910829807938e-03 |   4.5651910829807938e-03 | 1
 21, 12 |   5.7735236084692607e-04 |   5.7735236084692607e-04 | 1
 21, 13 |   1.1777610723256002e-03 |   1.1777610723256002e-03 | 1
 21, 14 |  -5.0800400045439590e-04 |  -5.0800400045439590e-04 | 1
 21, 15 |   6.2954977589433584e-04 |   6.2954977589433584e-04 | 1
 21, 16 |   2.5191188056000336e-03 |   2.5191188056000336e-03 | 1
 21, 17 |   4.3827903995722618e-05 |   4.3827903995722618e-05 | 1
 21, 18 |   1.2079775050948230e-04 |   1.2079775050948230e-04 | 1
 21, 19 |   3.2312423538132033e-04 |   3.2312423538132033e-04 | 1
 21, 20 |   4.9443353513979344e-04 |   4.9443353513979344e-04 | 1
 21, 21 |   2.0149359775453674e-03 |   2.0149359775453674e-03 | 1
