row,col | V_base                   | V_new                    | equal
  1,  1 |   6.2474847038168366e-03 |   6.2474847038168366e-03 | 1
  1,  2 |   5.4843978077307844e-03 |   5.4843978077307844e-03 | 1
  1,  3 |   5.5921080356945343e-03 |   5.5921080356945343e-03 | 1
  1,  4 |   5.4843978077416099e-03 |   5.4843978077416099e-03 | 1
  1,  5 |   5.4843978077545215e-03 |   5.4843978077545215e-03 | 1
  1,  6 |   5.4843978077051166e-03 |   5.4843978077051166e-03 | 1
  1,  7 |   5.8025854809139622e-03 |   5.8025854809139622e-03 | 1
  1,  8 |   5.3648725142009177e-03 |   5.3648725142009177e-03 | 1
  1,  9 |   5.4843978077285353e-03 |   5.4843978077285353e-03 | 1
  1, 10 |   5.4843978077168190e-03 |   5.4843978077168190e-03 | 1
  1, 11 |   5.3832709713824770e-03 |   5.3832709713824770e-03 | 1
  1, 12 |   5.4843978077427514e-03 |   5.4843978077427514e-03 | 1
  1, 13 |   5.4843978077004710e-03 |   5.4843978077004710e-03 | 1
  1, 14 |   5.4843978077056561e-03 |   5.4843978077056561e-03 | 1
  1, 15 |   6.2525325710931640e-03 |   6.2525325710931640e-03 | 1
  1, 16 |   6.0994882041378743e-03 |   6.0994882041378743e-03 | 1
  1, 17 |   5.4843978077243416e-03 |   5.4843978077243416e-03 | 1
  1, 18 |   5.4843978077107683e-03 |   5.4843978077107683e-03 | 1
  1, 19 |   5.4843978077323153e-03 |   5.4843978077323153e-03 | 1
  1, 20 |   5.4843978077448651e-03 |   5.4843978077448651e-03 | 1
  1, 21 |   5.4843978077271857e-03 |   5.4843978077271857e-03 | 1
  1, 22 |   5.4843978077287574e-03 |   5.4843978077287574e-03 | 1
  1, 23 |   6.1379963164907309e-03 |   6.1379963164907309e-03 | 1
  1, 24 |   5.4843978077224013e-03 |   5.4843978077224013e-03 | 1
  1, 25 |   5.4843978077440958e-03 |   5.4843978077440958e-03 | 1
  1, 26 |   5.4843978077266124e-03 |   5.4843978077266124e-03 | 1
  1, 27 |   5.9440836197437166e-03 |   5.9440836197437166e-03 | 1
  1, 28 |   5.4843978077479174e-03 |   5.4843978077479174e-03 | 1
  1, 29 |   5.4843978077052987e-03 |   5.4843978077052987e-03 | 1
  1, 30 |   6.3307020778284413e-03 |   6.3307020778284413e-03 | 1
  2,  1 |   5.4843978077307844e-03 |   5.4843978077307844e-03 | 1
  2,  2 |   4.9311233903637959e-03 |   4.9311233903637959e-03 | 1
  2,  3 |   4.9906857690708920e-03 |   4.9906857690708920e-03 | 1
  2,  4 |   4.9311233903738868e-03 |   4.9311233903738868e-03 | 1
  2,  5 |   4.9311233903828883e-03 |   4.9311233903828883e-03 | 1
  2,  6 |   4.9311233903464660e-03 |   4.9311233903464660e-03 | 1
  2,  7 |   5.1443256979865019e-03 |   5.1443256979865019e-03 | 1
  2,  8 |   4.7673144729481910e-03 |   4.7673144729481910e-03 | 1
  2,  9 |   4.9311233903627169e-03 |   4.9311233903627169e-03 | 1
  2, 10 |   4.9311233903551206e-03 |   4.9311233903551206e-03 | 1
  2, 11 |   4.8533434039488964e-03 |   4.8533434039488964e-03 | 1
  2, 12 |   4.9311233903761610e-03 |   4.9311233903761610e-03 | 1
  2, 13 |   4.9311233903427103e-03 |   4.9311233903427103e-03 | 1
  2, 14 |   4.9311233903458970e-03 |   4.9311233903458970e-03 | 1
  2, 15 |   5.6260519858930928e-03 |   5.6260519858930928e-03 | 1
  2, 16 |   5.4103873720397046e-03 |   5.4103873720397046e-03 | 1
  2, 17 |   4.9311233903595857e-03 |   4.9311233903595857e-03 | 1
  2, 18 |   4.9311233903495590e-03 |   4.9311233903495590e-03 | 1
  2, 19 |   4.9311233903662557e-03 |   4.9311233903662557e-03 | 1
  2, 20 |   4.9311233903741002e-03 |   4.9311233903741002e-03 | 1
  2, 21 |   4.9311233903629468e-03 |   4.9311233903629468e-03 | 1
  2, 22 |   4.9311233903628817e-03 |   4.9311233903628817e-03 | 1
  2, 23 |   5.3320262879316821e-03 |   5.3320262879316821e-03 | 1
  2, 24 |   4.9311233903592214e-03 |   4.9311233903592214e-03 | 1
  2, 25 |   4.9311233903750838e-03 |   4.9311233903750838e-03 | 1
  2, 26 |   4.9311233903610238e-03 |   4.9311233903610238e-03 | 1
  2, 27 |   5.3048931192594215e-03 |   5.3048931192594215e-03 | 1
  2, 28 |   4.9311233903773042e-03 |   4.9311233903773042e-03 | 1
  2, 29 |   4.9311233903460618e-03 |   4.9311233903460618e-03 | 1
  2, 30 |   5.7613754684041245e-03 |   5.7613754684041245e-03 | 1
  3,  1 |   5.5921080356945343e-03 |   5.5921080356945343e-03 | 1
  3,  2 |   4.9906857690708920e-03 |   4.9906857690708920e-03 | 1
  3,  3 |   5.1787914091474749e-03 |   5.1787914091474749e-03 | 1
  3,  4 |   4.9906857690809932e-03 |   4.9906857690809932e-03 | 1
  3,  5 |   4.9906857690909176e-03 |   4.9906857690909176e-03 | 1
  3,  6 |   4.9906857690515593e-03 |   4.9906857690515593e-03 | 1
  3,  7 |   5.2897493166658713e-03 |   5.2897493166658713e-03 | 1
  3,  8 |   4.9910673799059072e-03 |   4.9910673799059072e-03 | 1
  3,  9 |   4.9906857690695059e-03 |   4.9906857690695059e-03 | 1
  3, 10 |   4.9906857690608999e-03 |   4.9906857690608999e-03 | 1
  3, 11 |   4.9827971606475202e-03 |   4.9827971606475202e-03 | 1
  3, 12 |   4.9906857690829066e-03 |   4.9906857690829066e-03 | 1
  3, 13 |   4.9906857690476258e-03 |   4.9906857690476258e-03 | 1
  3, 14 |   4.9906857690513121e-03 |   4.9906857690513121e-03 | 1
  3, 15 |   5.7387135125562122e-03 |   5.7387135125562122e-03 | 1
  3, 16 |   5.5890536463023312e-03 |   5.5890536463023312e-03 | 1
  3, 17 |   4.9906857690661371e-03 |   4.9906857690661371e-03 | 1
  3, 18 |   4.9906857690553107e-03 |   4.9906857690553107e-03 | 1
  3, 19 |   4.9906857690730439e-03 |   4.9906857690730439e-03 | 1
  3, 20 |   4.9906857690820566e-03 |   4.9906857690820566e-03 | 1
  3, 21 |   4.9906857690692882e-03 |   4.9906857690692882e-03 | 1
  3, 22 |   4.9906857690696846e-03 |   4.9906857690696846e-03 | 1
  3, 23 |   5.6168805856986938e-03 |   5.6168805856986938e-03 | 1
  3, 24 |   4.9906857690653382e-03 |   4.9906857690653382e-03 | 1
  3, 25 |   4.9906857690825302e-03 |   4.9906857690825302e-03 | 1
  3, 26 |   4.9906857690677807e-03 |   4.9906857690677807e-03 | 1
  3, 27 |   5.4996094420443871e-03 |   5.4996094420443871e-03 | 1
  3, 28 |   4.9906857690851557e-03 |   4.9906857690851557e-03 | 1
  3, 29 |   4.9906857690513277e-03 |   4.9906857690513277e-03 | 1
  3, 30 |   6.1768864079544492e-03 |   6.1768864079544492e-03 | 1
  4,  1 |   5.4843978077416099e-03 |   5.4843978077416099e-03 | 1
  4,  2 |   4.9311233903738868e-03 |   4.9311233903738868e-03 | 1
  4,  3 |   4.9906857690809932e-03 |   4.9906857690809932e-03 | 1
  4,  4 |   4.9311233903839777e-03 |   4.9311233903839777e-03 | 1
  4,  5 |   4.9311233903929792e-03 |   4.9311233903929792e-03 | 1
  4,  6 |   4.9311233903565578e-03 |   4.9311233903565578e-03 | 1
  4,  7 |   5.1443256979968096e-03 |   5.1443256979968096e-03 | 1
  4,  8 |   4.7673144729577779e-03 |   4.7673144729577779e-03 | 1
  4,  9 |   4.9311233903728078e-03 |   4.9311233903728078e-03 | 1
  4, 10 |   4.9311233903652114e-03 |   4.9311233903652114e-03 | 1
  4, 11 |   4.8533434039588685e-03 |   4.8533434039588685e-03 | 1
  4, 12 |   4.9311233903862528e-03 |   4.9311233903862528e-03 | 1
  4, 13 |   4.9311233903528012e-03 |   4.9311233903528012e-03 | 1
  4, 14 |   4.9311233903559879e-03 |   4.9311233903559879e-03 | 1
  4, 15 |   5.6260519859046201e-03 |   5.6260519859046201e-03 | 1
  4, 16 |   5.4103873720505553e-03 |   5.4103873720505553e-03 | 1
  4, 17 |   4.9311233903696766e-03 |   4.9311233903696766e-03 | 1
  4, 18 |   4.9311233903596499e-03 |   4.9311233903596499e-03 | 1
  4, 19 |   4.9311233903763466e-03 |   4.9311233903763466e-03 | 1
  4, 20 |   4.9311233903841910e-03 |   4.9311233903841910e-03 | 1
  4, 21 |   4.9311233903730376e-03 |   4.9311233903730376e-03 | 1
  4, 22 |   4.9311233903729726e-03 |   4.9311233903729726e-03 | 1
  4, 23 |   5.3320262879420332e-03 |   5.3320262879420332e-03 | 1
  4, 24 |   4.9311233903693123e-03 |   4.9311233903693123e-03 | 1
  4, 25 |   4.9311233903851755e-03 |   4.9311233903851755e-03 | 1
  4, 26 |   4.9311233903711147e-03 |   4.9311233903711147e-03 | 1
  4, 27 |   5.3048931192701595e-03 |   5.3048931192701595e-03 | 1
  4, 28 |   4.9311233903873951e-03 |   4.9311233903873951e-03 | 1
  4, 29 |   4.9311233903561536e-03 |   4.9311233903561536e-03 | 1
  4, 30 |   5.7613754684161227e-03 |   5.7613754684161227e-03 | 1
  5,  1 |   5.4843978077545215e-03 |   5.4843978077545215e-03 | 1
  5,  2 |   4.9311233903828883e-03 |   4.9311233903828883e-03 | 1
  5,  3 |   4.9906857690909176e-03 |   4.9906857690909176e-03 | 1
  5,  4 |   4.9311233903929792e-03 |   4.9311233903929792e-03 | 1
  5,  5 |   4.9311233904019806e-03 |   4.9311233904019806e-03 | 1
  5,  6 |   4.9311233903655593e-03 |   4.9311233903655593e-03 | 1
  5,  7 |   5.1443256980077921e-03 |   5.1443256980077921e-03 | 1
  5,  8 |   4.7673144729677101e-03 |   4.7673144729677101e-03 | 1
  5,  9 |   4.9311233903818093e-03 |   4.9311233903818093e-03 | 1
  5, 10 |   4.9311233903742129e-03 |   4.9311233903742129e-03 | 1
  5, 11 |   4.8533434039674406e-03 |   4.8533434039674406e-03 | 1
  5, 12 |   4.9311233903952542e-03 |   4.9311233903952542e-03 | 1
  5, 13 |   4.9311233903618027e-03 |   4.9311233903618027e-03 | 1
  5, 14 |   4.9311233903649894e-03 |   4.9311233903649894e-03 | 1
  5, 15 |   5.6260519859147960e-03 |   5.6260519859147960e-03 | 1
  5, 16 |   5.4103873720620418e-03 |   5.4103873720620418e-03 | 1
  5, 17 |   4.9311233903786772e-03 |   4.9311233903786772e-03 | 1
  5, 18 |   4.9311233903686523e-03 |   4.9311233903686523e-03 | 1
  5, 19 |   4.9311233903853472e-03 |   4.9311233903853472e-03 | 1
  5, 20 |   4.9311233903931925e-03 |   4.9311233903931925e-03 | 1
  5, 21 |   4.9311233903820391e-03 |   4.9311233903820391e-03 | 1
  5, 22 |   4.9311233903819749e-03 |   4.9311233903819749e-03 | 1
  5, 23 |   5.3320262879558451e-03 |   5.3320262879558451e-03 | 1
  5, 24 |   4.9311233903783138e-03 |   4.9311233903783138e-03 | 1
  5, 25 |   4.9311233903941770e-03 |   4.9311233903941770e-03 | 1
  5, 26 |   4.9311233903801153e-03 |   4.9311233903801153e-03 | 1
  5, 27 |   5.3048931192807066e-03 |   5.3048931192807066e-03 | 1
  5, 28 |   4.9311233903963966e-03 |   4.9311233903963966e-03 | 1
  5, 29 |   4.9311233903651551e-03 |   4.9311233903651551e-03 | 1
  5, 30 |   5.7613754684251259e-03 |   5.7613754684251259e-03 | 1
  6,  1 |   5.4843978077051166e-03 |   5.4843978077051166e-03 | 1
  6,  2 |   4.9311233903464660e-03 |   4.9311233903464660e-03 | 1
  6,  3 |   4.9906857690515593e-03 |   4.9906857690515593e-03 | 1
  6,  4 |   4.9311233903565578e-03 |   4.9311233903565578e-03 | 1
  6,  5 |   4.9311233903655593e-03 |   4.9311233903655593e-03 | 1
  6,  6 |   4.9311233903291379e-03 |   4.9311233903291379e-03 | 1
  6,  7 |   5.1443256979649150e-03 |   5.1443256979649150e-03 | 1
  6,  8 |   4.7673144729287256e-03 |   4.7673144729287256e-03 | 1
  6,  9 |   4.9311233903453879e-03 |   4.9311233903453879e-03 | 1
  6, 10 |   4.9311233903377915e-03 |   4.9311233903377915e-03 | 1
  6, 11 |   4.8533434039324738e-03 |   4.8533434039324738e-03 | 1
  6, 12 |   4.9311233903588329e-03 |   4.9311233903588329e-03 | 1
  6, 13 |   4.9311233903253813e-03 |   4.9311233903253813e-03 | 1
  6, 14 |   4.9311233903285680e-03 |   4.9311233903285680e-03 | 1
  6, 15 |   5.6260519858735286e-03 |   5.6260519858735286e-03 | 1
  6, 16 |   5.4103873720171402e-03 |   5.4103873720171402e-03 | 1
  6, 17 |   4.9311233903422558e-03 |   4.9311233903422558e-03 | 1
  6, 18 |   4.9311233903322309e-03 |   4.9311233903322309e-03 | 1
  6, 19 |   4.9311233903489259e-03 |   4.9311233903489259e-03 | 1
  6, 20 |   4.9311233903567711e-03 |   4.9311233903567711e-03 | 1
  6, 21 |   4.9311233903456177e-03 |   4.9311233903456177e-03 | 1
  6, 22 |   4.9311233903455536e-03 |   4.9311233903455536e-03 | 1
  6, 23 |   5.3320262879039543e-03 |   5.3320262879039543e-03 | 1
  6, 24 |   4.9311233903418924e-03 |   4.9311233903418924e-03 | 1
  6, 25 |   4.9311233903577556e-03 |   4.9311233903577556e-03 | 1
  6, 26 |   4.9311233903436939e-03 |   4.9311233903436939e-03 | 1
  6, 27 |   5.3048931192388763e-03 |   5.3048931192388763e-03 | 1
  6, 28 |   4.9311233903599752e-03 |   4.9311233903599752e-03 | 1
  6, 29 |   4.9311233903287337e-03 |   4.9311233903287337e-03 | 1
  6, 30 |   5.7613754683872153e-03 |   5.7613754683872153e-03 | 1
  7,  1 |   5.8025854809139622e-03 |   5.8025854809139622e-03 | 1
  7,  2 |   5.1443256979865019e-03 |   5.1443256979865019e-03 | 1
  7,  3 |   5.2897493166658713e-03 |   5.2897493166658713e-03 | 1
  7,  4 |   5.1443256979968096e-03 |   5.1443256979968096e-03 | 1
  7,  5 |   5.1443256980077921e-03 |   5.1443256980077921e-03 | 1
  7,  6 |   5.1443256979649150e-03 |   5.1443256979649150e-03 | 1
  7,  7 |   5.6071379429990910e-03 |   5.6071379429990910e-03 | 1
  7,  8 |   5.1516110459251703e-03 |   5.1516110459251703e-03 | 1
  7,  9 |   5.1443256979848001e-03 |   5.1443256979848001e-03 | 1
  7, 10 |   5.1443256979750822e-03 |   5.1443256979750822e-03 | 1
  7, 11 |   5.0694084935541898e-03 |   5.0694084935541898e-03 | 1
  7, 12 |   5.1443256979984212e-03 |   5.1443256979984212e-03 | 1
  7, 13 |   5.1443256979607386e-03 |   5.1443256979607386e-03 | 1
  7, 14 |   5.1443256979649635e-03 |   5.1443256979649635e-03 | 1
  7, 15 |   5.9395223969716622e-03 |   5.9395223969716622e-03 | 1
  7, 16 |   5.7441503901528171e-03 |   5.7441503901528171e-03 | 1
  7, 17 |   5.1443256979811433e-03 |   5.1443256979811433e-03 | 1
  7, 18 |   5.1443256979693541e-03 |   5.1443256979693541e-03 | 1
  7, 19 |   5.1443256979884066e-03 |   5.1443256979884066e-03 | 1
  7, 20 |   5.1443256979986883e-03 |   5.1443256979986883e-03 | 1
  7, 21 |   5.1443256979841591e-03 |   5.1443256979841591e-03 | 1
  7, 22 |   5.1443256979849935e-03 |   5.1443256979849935e-03 | 1
  7, 23 |   5.8745313617696322e-03 |   5.8745313617696322e-03 | 1
  7, 24 |   5.1443256979799203e-03 |   5.1443256979799203e-03 | 1
  7, 25 |   5.1443256979986926e-03 |   5.1443256979986926e-03 | 1
  7, 26 |   5.1443256979830116e-03 |   5.1443256979830116e-03 | 1
  7, 27 |   5.7134706460239982e-03 |   5.7134706460239982e-03 | 1
  7, 28 |   5.1443256980017510e-03 |   5.1443256980017510e-03 | 1
  7, 29 |   5.1443256979648386e-03 |   5.1443256979648386e-03 | 1
  7, 30 |   6.1403140858513486e-03 |   6.1403140858513486e-03 | 1
  8,  1 |   5.3648725142009177e-03 |   5.3648725142009177e-03 | 1
  8,  2 |   4.7673144729481910e-03 |   4.7673144729481910e-03 | 1
  8,  3 |   4.9910673799059072e-03 |   4.9910673799059072e-03 | 1
  8,  4 |   4.7673144729577779e-03 |   4.7673144729577779e-03 | 1
  8,  5 |   4.7673144729677101e-03 |   4.7673144729677101e-03 | 1
  8,  6 |   4.7673144729287256e-03 |   4.7673144729287256e-03 | 1
  8,  7 |   5.1516110459251703e-03 |   5.1516110459251703e-03 | 1
  8,  8 |   5.8192861639900038e-03 |   5.8192861639900038e-03 | 1
  8,  9 |   4.7673144729467026e-03 |   4.7673144729467026e-03 | 1
  8, 10 |   4.7673144729379734e-03 |   4.7673144729379734e-03 | 1
  8, 11 |   4.9728144092567672e-03 |   4.9728144092567672e-03 | 1
  8, 12 |   4.7673144729593886e-03 |   4.7673144729593886e-03 | 1
  8, 13 |   4.7673144729248954e-03 |   4.7673144729248954e-03 | 1
  8, 14 |   4.7673144729286718e-03 |   4.7673144729286718e-03 | 1
  8, 15 |   5.5142082796348513e-03 |   5.5142082796348513e-03 | 1
  8, 16 |   5.4680955476558461e-03 |   5.4680955476558461e-03 | 1
  8, 17 |   4.7673144729433736e-03 |   4.7673144729433736e-03 | 1
  8, 18 |   4.7673144729326539e-03 |   4.7673144729326539e-03 | 1
  8, 19 |   4.7673144729500575e-03 |   4.7673144729500575e-03 | 1
  8, 20 |   4.7673144729592646e-03 |   4.7673144729592646e-03 | 1
  8, 21 |   4.7673144729462446e-03 |   4.7673144729462446e-03 | 1
  8, 22 |   4.7673144729468795e-03 |   4.7673144729468795e-03 | 1
  8, 23 |   5.5172673257858082e-03 |   5.5172673257858082e-03 | 1
  8, 24 |   4.7673144729423710e-03 |   4.7673144729423710e-03 | 1
  8, 25 |   4.7673144729594250e-03 |   4.7673144729594250e-03 | 1
  8, 26 |   4.7673144729450494e-03 |   4.7673144729450494e-03 | 1
  8, 27 |   5.5964006577548884e-03 |   5.5964006577548884e-03 | 1
  8, 28 |   4.7673144729621451e-03 |   4.7673144729621451e-03 | 1
  8, 29 |   4.7673144729286025e-03 |   4.7673144729286025e-03 | 1
  8, 30 |   5.8098279702551324e-03 |   5.8098279702551324e-03 | 1
  9,  1 |   5.4843978077285353e-03 |   5.4843978077285353e-03 | 1
  9,  2 |   4.9311233903627169e-03 |   4.9311233903627169e-03 | 1
  9,  3 |   4.9906857690695059e-03 |   4.9906857690695059e-03 | 1
  9,  4 |   4.9311233903728078e-03 |   4.9311233903728078e-03 | 1
  9,  5 |   4.9311233903818093e-03 |   4.9311233903818093e-03 | 1
  9,  6 |   4.9311233903453879e-03 |   4.9311233903453879e-03 | 1
  9,  7 |   5.1443256979848001e-03 |   5.1443256979848001e-03 | 1
  9,  8 |   4.7673144729467026e-03 |   4.7673144729467026e-03 | 1
  9,  9 |   4.9311233903616379e-03 |   4.9311233903616379e-03 | 1
  9, 10 |   4.9311233903540416e-03 |   4.9311233903540416e-03 | 1
  9, 11 |   4.8533434039479389e-03 |   4.8533434039479389e-03 | 1
  9, 12 |   4.9311233903750820e-03 |   4.9311233903750820e-03 | 1
  9, 13 |   4.9311233903416313e-03 |   4.9311233903416313e-03 | 1
  9, 14 |   4.9311233903448180e-03 |   4.9311233903448180e-03 | 1
  9, 15 |   5.6260519858918959e-03 |   5.6260519858918959e-03 | 1
  9, 16 |   5.4103873720379378e-03 |   5.4103873720379378e-03 | 1
  9, 17 |   4.9311233903585059e-03 |   4.9311233903585059e-03 | 1
  9, 18 |   4.9311233903484800e-03 |   4.9311233903484800e-03 | 1
  9, 19 |   4.9311233903651759e-03 |   4.9311233903651759e-03 | 1
  9, 20 |   4.9311233903730212e-03 |   4.9311233903730212e-03 | 1
  9, 21 |   4.9311233903618678e-03 |   4.9311233903618678e-03 | 1
  9, 22 |   4.9311233903618027e-03 |   4.9311233903618027e-03 | 1
  9, 23 |   5.3320262879290410e-03 |   5.3320262879290410e-03 | 1
  9, 24 |   4.9311233903581424e-03 |   4.9311233903581424e-03 | 1
  9, 25 |   4.9311233903740056e-03 |   4.9311233903740056e-03 | 1
  9, 26 |   4.9311233903599440e-03 |   4.9311233903599440e-03 | 1
  9, 27 |   5.3048931192579505e-03 |   5.3048931192579505e-03 | 1
  9, 28 |   4.9311233903762252e-03 |   4.9311233903762252e-03 | 1
  9, 29 |   4.9311233903449828e-03 |   4.9311233903449828e-03 | 1
  9, 30 |   5.7613754684034107e-03 |   5.7613754684034107e-03 | 1
 10,  1 |   5.4843978077168190e-03 |   5.4843978077168190e-03 | 1
 10,  2 |   4.9311233903551206e-03 |   4.9311233903551206e-03 | 1
 10,  3 |   4.9906857690608999e-03 |   4.9906857690608999e-03 | 1
 10,  4 |   4.9311233903652114e-03 |   4.9311233903652114e-03 | 1
 10,  5 |   4.9311233903742129e-03 |   4.9311233903742129e-03 | 1
 10,  6 |   4.9311233903377915e-03 |   4.9311233903377915e-03 | 1
 10,  7 |   5.1443256979750822e-03 |   5.1443256979750822e-03 | 1
 10,  8 |   4.7673144729379734e-03 |   4.7673144729379734e-03 | 1
 10,  9 |   4.9311233903540416e-03 |   4.9311233903540416e-03 | 1
 10, 10 |   4.9311233903464461e-03 |   4.9311233903464461e-03 | 1
 10, 11 |   4.8533434039407866e-03 |   4.8533434039407866e-03 | 1
 10, 12 |   4.9311233903674865e-03 |   4.9311233903674865e-03 | 1
 10, 13 |   4.9311233903340350e-03 |   4.9311233903340350e-03 | 1
 10, 14 |   4.9311233903372225e-03 |   4.9311233903372225e-03 | 1
 10, 15 |   5.6260519858833359e-03 |   5.6260519858833359e-03 | 1
 10, 16 |   5.4103873720277888e-03 |   5.4103873720277888e-03 | 1
 10, 17 |   4.9311233903509104e-03 |   4.9311233903509104e-03 | 1
 10, 18 |   4.9311233903408845e-03 |   4.9311233903408845e-03 | 1
 10, 19 |   4.9311233903575804e-03 |   4.9311233903575804e-03 | 1
 10, 20 |   4.9311233903654248e-03 |   4.9311233903654248e-03 | 1
 10, 21 |   4.9311233903542714e-03 |   4.9311233903542714e-03 | 1
 10, 22 |   4.9311233903542072e-03 |   4.9311233903542072e-03 | 1
 10, 23 |   5.3320262879162326e-03 |   5.3320262879162326e-03 | 1
 10, 24 |   4.9311233903505470e-03 |   4.9311233903505470e-03 | 1
 10, 25 |   4.9311233903664093e-03 |   4.9311233903664093e-03 | 1
 10, 26 |   4.9311233903523485e-03 |   4.9311233903523485e-03 | 1
 10, 27 |   5.3048931192488050e-03 |   5.3048931192488050e-03 | 1
 10, 28 |   4.9311233903686288e-03 |   4.9311233903686288e-03 | 1
 10, 29 |   4.9311233903373882e-03 |   4.9311233903373882e-03 | 1
 10, 30 |   5.7613754683962419e-03 |   5.7613754683962419e-03 | 1
 11,  1 |   5.3832709713824770e-03 |   5.3832709713824770e-03 | 1
 11,  2 |   4.8533434039488964e-03 |   4.8533434039488964e-03 | 1
 11,  3 |   4.9827971606475202e-03 |   4.9827971606475202e-03 | 1
 11,  4 |   4.8533434039588685e-03 |   4.8533434039588685e-03 | 1
 11,  5 |   4.8533434039674406e-03 |   4.8533434039674406e-03 | 1
 11,  6 |   4.8533434039324738e-03 |   4.8533434039324738e-03 | 1
 11,  7 |   5.0694084935541898e-03 |   5.0694084935541898e-03 | 1
 11,  8 |   4.9728144092567672e-03 |   4.9728144092567672e-03 | 1
 11,  9 |   4.8533434039479389e-03 |   4.8533434039479389e-03 | 1
 11, 10 |   4.8533434039407866e-03 |   4.8533434039407866e-03 | 1
 11, 11 |   5.4050268679009320e-03 |   5.4050268679009320e-03 | 1
 11, 12 |   4.8533434039612442e-03 |   4.8533434039612442e-03 | 1
 11, 13 |   4.8533434039288240e-03 |   4.8533434039288240e-03 | 1
 11, 14 |   4.8533434039317981e-03 |   4.8533434039317981e-03 | 1
 11, 15 |   5.4953006625355176e-03 |   5.4953006625355176e-03 | 1
 11, 16 |   5.3917013652167601e-03 |   5.3917013652167601e-03 | 1
 11, 17 |   4.8533434039449274e-03 |   4.8533434039449274e-03 | 1
 11, 18 |   4.8533434039352997e-03 |   4.8533434039352997e-03 | 1
 11, 19 |   4.8533434039514378e-03 |   4.8533434039514378e-03 | 1
 11, 20 |   4.8533434039587792e-03 |   4.8533434039587792e-03 | 1
 11, 21 |   4.8533434039483240e-03 |   4.8533434039483240e-03 | 1
 11, 22 |   4.8533434039480985e-03 |   4.8533434039480985e-03 | 1
 11, 23 |   5.4108573565585724e-03 |   5.4108573565585724e-03 | 1
 11, 24 |   4.8533434039447210e-03 |   4.8533434039447210e-03 | 1
 11, 25 |   4.8533434039599328e-03 |   4.8533434039599328e-03 | 1
 11, 26 |   4.8533434039462761e-03 |   4.8533434039462761e-03 | 1
 11, 27 |   5.3277351379048248e-03 |   5.3277351379048248e-03 | 1
 11, 28 |   4.8533434039619832e-03 |   4.8533434039619832e-03 | 1
 11, 29 |   4.8533434039320141e-03 |   4.8533434039320141e-03 | 1
 11, 30 |   5.8111948217924331e-03 |   5.8111948217924331e-03 | 1
 12,  1 |   5.4843978077427514e-03 |   5.4843978077427514e-03 | 1
 12,  2 |   4.9311233903761610e-03 |   4.9311233903761610e-03 | 1
 12,  3 |   4.9906857690829066e-03 |   4.9906857690829066e-03 | 1
 12,  4 |   4.9311233903862528e-03 |   4.9311233903862528e-03 | 1
 12,  5 |   4.9311233903952542e-03 |   4.9311233903952542e-03 | 1
 12,  6 |   4.9311233903588329e-03 |   4.9311233903588329e-03 | 1
 12,  7 |   5.1443256979984212e-03 |   5.1443256979984212e-03 | 1
 12,  8 |   4.7673144729593886e-03 |   4.7673144729593886e-03 | 1
 12,  9 |   4.9311233903750820e-03 |   4.9311233903750820e-03 | 1
 12, 10 |   4.9311233903674865e-03 |   4.9311233903674865e-03 | 1
 12, 11 |   4.8533434039612442e-03 |   4.8533434039612442e-03 | 1
 12, 12 |   4.9311233903885279e-03 |   4.9311233903885279e-03 | 1
 12, 13 |   4.9311233903550763e-03 |   4.9311233903550763e-03 | 1
 12, 14 |   4.9311233903582630e-03 |   4.9311233903582630e-03 | 1
 12, 15 |   5.6260519859072603e-03 |   5.6260519859072603e-03 | 1
 12, 16 |   5.4103873720522805e-03 |   5.4103873720522805e-03 | 1
 12, 17 |   4.9311233903719508e-03 |   4.9311233903719508e-03 | 1
 12, 18 |   4.9311233903619259e-03 |   4.9311233903619259e-03 | 1
 12, 19 |   4.9311233903786209e-03 |   4.9311233903786209e-03 | 1
 12, 20 |   4.9311233903864661e-03 |   4.9311233903864661e-03 | 1
 12, 21 |   4.9311233903753127e-03 |   4.9311233903753127e-03 | 1
 12, 22 |   4.9311233903752477e-03 |   4.9311233903752477e-03 | 1
 12, 23 |   5.3320262879425415e-03 |   5.3320262879425415e-03 | 1
 12, 24 |   4.9311233903715874e-03 |   4.9311233903715874e-03 | 1
 12, 25 |   4.9311233903874506e-03 |   4.9311233903874506e-03 | 1
 12, 26 |   4.9311233903733889e-03 |   4.9311233903733889e-03 | 1
 12, 27 |   5.3048931192721943e-03 |   5.3048931192721943e-03 | 1
 12, 28 |   4.9311233903896702e-03 |   4.9311233903896702e-03 | 1
 12, 29 |   4.9311233903584287e-03 |   4.9311233903584287e-03 | 1
 12, 30 |   5.7613754684195046e-03 |   5.7613754684195046e-03 | 1
 13,  1 |   5.4843978077004710e-03 |   5.4843978077004710e-03 | 1
 13,  2 |   4.9311233903427103e-03 |   4.9311233903427103e-03 | 1
 13,  3 |   4.9906857690476258e-03 |   4.9906857690476258e-03 | 1
 13,  4 |   4.9311233903528012e-03 |   4.9311233903528012e-03 | 1
 13,  5 |   4.9311233903618027e-03 |   4.9311233903618027e-03 | 1
 13,  6 |   4.9311233903253813e-03 |   4.9311233903253813e-03 | 1
 13,  7 |   5.1443256979607386e-03 |   5.1443256979607386e-03 | 1
 13,  8 |   4.7673144729248954e-03 |   4.7673144729248954e-03 | 1
 13,  9 |   4.9311233903416313e-03 |   4.9311233903416313e-03 | 1
 13, 10 |   4.9311233903340350e-03 |   4.9311233903340350e-03 | 1
 13, 11 |   4.8533434039288240e-03 |   4.8533434039288240e-03 | 1
 13, 12 |   4.9311233903550763e-03 |   4.9311233903550763e-03 | 1
 13, 13 |   4.9311233903216248e-03 |   4.9311233903216248e-03 | 1
 13, 14 |   4.9311233903248115e-03 |   4.9311233903248115e-03 | 1
 13, 15 |   5.6260519858692577e-03 |   5.6260519858692577e-03 | 1
 13, 16 |   5.4103873720127583e-03 |   5.4103873720127583e-03 | 1
 13, 17 |   4.9311233903384993e-03 |   4.9311233903384993e-03 | 1
 13, 18 |   4.9311233903284735e-03 |   4.9311233903284735e-03 | 1
 13, 19 |   4.9311233903451702e-03 |   4.9311233903451702e-03 | 1
 13, 20 |   4.9311233903530146e-03 |   4.9311233903530146e-03 | 1
 13, 21 |   4.9311233903418612e-03 |   4.9311233903418612e-03 | 1
 13, 22 |   4.9311233903417961e-03 |   4.9311233903417961e-03 | 1
 13, 23 |   5.3320262878992332e-03 |   5.3320262878992332e-03 | 1
 13, 24 |   4.9311233903381359e-03 |   4.9311233903381359e-03 | 1
 13, 25 |   4.9311233903539991e-03 |   4.9311233903539991e-03 | 1
 13, 26 |   4.9311233903399374e-03 |   4.9311233903399374e-03 | 1
 13, 27 |   5.3048931192346957e-03 |   5.3048931192346957e-03 | 1
 13, 28 |   4.9311233903562186e-03 |   4.9311233903562186e-03 | 1
 13, 29 |   4.9311233903249771e-03 |   4.9311233903249771e-03 | 1
 13, 30 |   5.7613754683830702e-03 |   5.7613754683830702e-03 | 1
 14,  1 |   5.4843978077056561e-03 |   5.4843978077056561e-03 | 1
 14,  2 |   4.9311233903458970e-03 |   4.9311233903458970e-03 | 1
 14,  3 |   4.9906857690513121e-03 |   4.9906857690513121e-03 | 1
 14,  4 |   4.9311233903559879e-03 |   4.9311233903559879e-03 | 1
 14,  5 |   4.9311233903649894e-03 |   4.9311233903649894e-03 | 1
 14,  6 |   4.9311233903285680e-03 |   4.9311233903285680e-03 | 1
 14,  7 |   5.1443256979649635e-03 |   5.1443256979649635e-03 | 1
 14,  8 |   4.7673144729286718e-03 |   4.7673144729286718e-03 | 1
 14,  9 |   4.9311233903448180e-03 |   4.9311233903448180e-03 | 1
 14, 10 |   4.9311233903372225e-03 |   4.9311233903372225e-03 | 1
 14, 11 |   4.8533434039317981e-03 |   4.8533434039317981e-03 | 1
 14, 12 |   4.9311233903582630e-03 |   4.9311233903582630e-03 | 1
 14, 13 |   4.9311233903248115e-03 |   4.9311233903248115e-03 | 1
 14, 14 |   4.9311233903279990e-03 |   4.9311233903279990e-03 | 1
 14, 15 |   5.6260519858728417e-03 |   5.6260519858728417e-03 | 1
 14, 16 |   5.4103873720171662e-03 |   5.4103873720171662e-03 | 1
 14, 17 |   4.9311233903416869e-03 |   4.9311233903416869e-03 | 1
 14, 18 |   4.9311233903316610e-03 |   4.9311233903316610e-03 | 1
 14, 19 |   4.9311233903483569e-03 |   4.9311233903483569e-03 | 1
 14, 20 |   4.9311233903562013e-03 |   4.9311233903562013e-03 | 1
 14, 21 |   4.9311233903450479e-03 |   4.9311233903450479e-03 | 1
 14, 22 |   4.9311233903449837e-03 |   4.9311233903449837e-03 | 1
 14, 23 |   5.3320262879049864e-03 |   5.3320262879049864e-03 | 1
 14, 24 |   4.9311233903413234e-03 |   4.9311233903413234e-03 | 1
 14, 25 |   4.9311233903571857e-03 |   4.9311233903571857e-03 | 1
 14, 26 |   4.9311233903431249e-03 |   4.9311233903431249e-03 | 1
 14, 27 |   5.3048931192386135e-03 |   5.3048931192386135e-03 | 1
 14, 28 |   4.9311233903594053e-03 |   4.9311233903594053e-03 | 1
 14, 29 |   4.9311233903281647e-03 |   4.9311233903281647e-03 | 1
 14, 30 |   5.7613754683859368e-03 |   5.7613754683859368e-03 | 1
 15,  1 |   6.2525325710931640e-03 |   6.2525325710931640e-03 | 1
 15,  2 |   5.6260519858930928e-03 |   5.6260519858930928e-03 | 1
 15,  3 |   5.7387135125562122e-03 |   5.7387135125562122e-03 | 1
 15,  4 |   5.6260519859046201e-03 |   5.6260519859046201e-03 | 1
 15,  5 |   5.6260519859147960e-03 |   5.6260519859147960e-03 | 1
 15,  6 |   5.6260519858735286e-03 |   5.6260519858735286e-03 | 1
 15,  7 |   5.9395223969716622e-03 |   5.9395223969716622e-03 | 1
 15,  8 |   5.5142082796348513e-03 |   5.5142082796348513e-03 | 1
 15,  9 |   5.6260519858918959e-03 |   5.6260519858918959e-03 | 1
 15, 10 |   5.6260519858833359e-03 |   5.6260519858833359e-03 | 1
 15, 11 |   5.4953006625355176e-03 |   5.4953006625355176e-03 | 1
 15, 12 |   5.6260519859072603e-03 |   5.6260519859072603e-03 | 1
 15, 13 |   5.6260519858692577e-03 |   5.6260519858692577e-03 | 1
 15, 14 |   5.6260519858728417e-03 |   5.6260519858728417e-03 | 1
 15, 15 |   6.6163319547872714e-03 |   6.6163319547872714e-03 | 1
 15, 16 |   6.2598209640299237e-03 |   6.2598209640299237e-03 | 1
 15, 17 |   5.6260519858883466e-03 |   5.6260519858883466e-03 | 1
 15, 18 |   5.6260519858769859e-03 |   5.6260519858769859e-03 | 1
 15, 19 |   5.6260519858959395e-03 |   5.6260519858959395e-03 | 1
 15, 20 |   5.6260519859047658e-03 |   5.6260519859047658e-03 | 1
 15, 21 |   5.6260519858922107e-03 |   5.6260519858922107e-03 | 1
 15, 22 |   5.6260519858920841e-03 |   5.6260519858920841e-03 | 1
 15, 23 |   6.3318600664469859e-03 |   6.3318600664469859e-03 | 1
 15, 24 |   5.6260519858879815e-03 |   5.6260519858879815e-03 | 1
 15, 25 |   5.6260519859059489e-03 |   5.6260519859059489e-03 | 1
 15, 26 |   5.6260519858899651e-03 |   5.6260519858899651e-03 | 1
 15, 27 |   6.2141403893457847e-03 |   6.2141403893457847e-03 | 1
 15, 28 |   5.6260519859084382e-03 |   5.6260519859084382e-03 | 1
 15, 29 |   5.6260519858730472e-03 |   5.6260519858730472e-03 | 1
 15, 30 |   6.6663969408233652e-03 |   6.6663969408233652e-03 | 1
 16,  1 |   6.0994882041378743e-03 |   6.0994882041378743e-03 | 1
 16,  2 |   5.4103873720397046e-03 |   5.4103873720397046e-03 | 1
 16,  3 |   5.5890536463023312e-03 |   5.5890536463023312e-03 | 1
 16,  4 |   5.4103873720505553e-03 |   5.4103873720505553e-03 | 1
 16,  5 |   5.4103873720620418e-03 |   5.4103873720620418e-03 | 1
 16,  6 |   5.4103873720171402e-03 |   5.4103873720171402e-03 | 1
 16,  7 |   5.7441503901528171e-03 |   5.7441503901528171e-03 | 1
 16,  8 |   5.4680955476558461e-03 |   5.4680955476558461e-03 | 1
 16,  9 |   5.4103873720379378e-03 |   5.4103873720379378e-03 | 1
 16, 10 |   5.4103873720277888e-03 |   5.4103873720277888e-03 | 1
 16, 11 |   5.3917013652167601e-03 |   5.3917013652167601e-03 | 1
 16, 12 |   5.4103873720522805e-03 |   5.4103873720522805e-03 | 1
 16, 13 |   5.4103873720127583e-03 |   5.4103873720127583e-03 | 1
 16, 14 |   5.4103873720171662e-03 |   5.4103873720171662e-03 | 1
 16, 15 |   6.2598209640299237e-03 |   6.2598209640299237e-03 | 1
 16, 16 |   6.2358995550018973e-03 |   6.2358995550018973e-03 | 1
 16, 17 |   5.4103873720341075e-03 |   5.4103873720341075e-03 | 1
 16, 18 |   5.4103873720217615e-03 |   5.4103873720217615e-03 | 1
 16, 19 |   5.4103873720417351e-03 |   5.4103873720417351e-03 | 1
 16, 20 |   5.4103873720524661e-03 |   5.4103873720524661e-03 | 1
 16, 21 |   5.4103873720372985e-03 |   5.4103873720372985e-03 | 1
 16, 22 |   5.4103873720381408e-03 |   5.4103873720381408e-03 | 1
 16, 23 |   6.1272463976488247e-03 |   6.1272463976488247e-03 | 1
 16, 24 |   5.4103873720328551e-03 |   5.4103873720328551e-03 | 1
 16, 25 |   5.4103873720525112e-03 |   5.4103873720525112e-03 | 1
 16, 26 |   5.4103873720360582e-03 |   5.4103873720360582e-03 | 1
 16, 27 |   5.9057859683161601e-03 |   5.9057859683161601e-03 | 1
 16, 28 |   5.4103873720556970e-03 |   5.4103873720556970e-03 | 1
 16, 29 |   5.4103873720170465e-03 |   5.4103873720170465e-03 | 1
 16, 30 |   6.3240809874682037e-03 |   6.3240809874682037e-03 | 1
 17,  1 |   5.4843978077243416e-03 |   5.4843978077243416e-03 | 1
 17,  2 |   4.9311233903595857e-03 |   4.9311233903595857e-03 | 1
 17,  3 |   4.9906857690661371e-03 |   4.9906857690661371e-03 | 1
 17,  4 |   4.9311233903696766e-03 |   4.9311233903696766e-03 | 1
 17,  5 |   4.9311233903786772e-03 |   4.9311233903786772e-03 | 1
 17,  6 |   4.9311233903422558e-03 |   4.9311233903422558e-03 | 1
 17,  7 |   5.1443256979811433e-03 |   5.1443256979811433e-03 | 1
 17,  8 |   4.7673144729433736e-03 |   4.7673144729433736e-03 | 1
 17,  9 |   4.9311233903585059e-03 |   4.9311233903585059e-03 | 1
 17, 10 |   4.9311233903509104e-03 |   4.9311233903509104e-03 | 1
 17, 11 |   4.8533434039449274e-03 |   4.8533434039449274e-03 | 1
 17, 12 |   4.9311233903719508e-03 |   4.9311233903719508e-03 | 1
 17, 13 |   4.9311233903384993e-03 |   4.9311233903384993e-03 | 1
 17, 14 |   4.9311233903416869e-03 |   4.9311233903416869e-03 | 1
 17, 15 |   5.6260519858883466e-03 |   5.6260519858883466e-03 | 1
 17, 16 |   5.4103873720341075e-03 |   5.4103873720341075e-03 | 1
 17, 17 |   4.9311233903553747e-03 |   4.9311233903553747e-03 | 1
 17, 18 |   4.9311233903453489e-03 |   4.9311233903453489e-03 | 1
 17, 19 |   4.9311233903620447e-03 |   4.9311233903620447e-03 | 1
 17, 20 |   4.9311233903698900e-03 |   4.9311233903698900e-03 | 1
 17, 21 |   4.9311233903587357e-03 |   4.9311233903587357e-03 | 1
 17, 22 |   4.9311233903586715e-03 |   4.9311233903586715e-03 | 1
 17, 23 |   5.3320262879246547e-03 |   5.3320262879246547e-03 | 1
 17, 24 |   4.9311233903550113e-03 |   4.9311233903550113e-03 | 1
 17, 25 |   4.9311233903708736e-03 |   4.9311233903708736e-03 | 1
 17, 26 |   4.9311233903568128e-03 |   4.9311233903568128e-03 | 1
 17, 27 |   5.3048931192543692e-03 |   5.3048931192543692e-03 | 1
 17, 28 |   4.9311233903730932e-03 |   4.9311233903730932e-03 | 1
 17, 29 |   4.9311233903418517e-03 |   4.9311233903418517e-03 | 1
 17, 30 |   5.7613754684001234e-03 |   5.7613754684001234e-03 | 1
 18,  1 |   5.4843978077107683e-03 |   5.4843978077107683e-03 | 1
 18,  2 |   4.9311233903495590e-03 |   4.9311233903495590e-03 | 1
 18,  3 |   4.9906857690553107e-03 |   4.9906857690553107e-03 | 1
 18,  4 |   4.9311233903596499e-03 |   4.9311233903596499e-03 | 1
 18,  5 |   4.9311233903686523e-03 |   4.9311233903686523e-03 | 1
 18,  6 |   4.9311233903322309e-03 |   4.9311233903322309e-03 | 1
 18,  7 |   5.1443256979693541e-03 |   5.1443256979693541e-03 | 1
 18,  8 |   4.7673144729326539e-03 |   4.7673144729326539e-03 | 1
 18,  9 |   4.9311233903484800e-03 |   4.9311233903484800e-03 | 1
 18, 10 |   4.9311233903408845e-03 |   4.9311233903408845e-03 | 1
 18, 11 |   4.8533434039352997e-03 |   4.8533434039352997e-03 | 1
 18, 12 |   4.9311233903619259e-03 |   4.9311233903619259e-03 | 1
 18, 13 |   4.9311233903284735e-03 |   4.9311233903284735e-03 | 1
 18, 14 |   4.9311233903316610e-03 |   4.9311233903316610e-03 | 1
 18, 15 |   5.6260519858769859e-03 |   5.6260519858769859e-03 | 1
 18, 16 |   5.4103873720217615e-03 |   5.4103873720217615e-03 | 1
 18, 17 |   4.9311233903453489e-03 |   4.9311233903453489e-03 | 1
 18, 18 |   4.9311233903353230e-03 |   4.9311233903353230e-03 | 1
 18, 19 |   4.9311233903520189e-03 |   4.9311233903520189e-03 | 1
 18, 20 |   4.9311233903598633e-03 |   4.9311233903598633e-03 | 1
 18, 21 |   4.9311233903487108e-03 |   4.9311233903487108e-03 | 1
 18, 22 |   4.9311233903486457e-03 |   4.9311233903486457e-03 | 1
 18, 23 |   5.3320262879104074e-03 |   5.3320262879104074e-03 | 1
 18, 24 |   4.9311233903449854e-03 |   4.9311233903449854e-03 | 1
 18, 25 |   4.9311233903608486e-03 |   4.9311233903608486e-03 | 1
 18, 26 |   4.9311233903467869e-03 |   4.9311233903467869e-03 | 1
 18, 27 |   5.3048931192428619e-03 |   5.3048931192428619e-03 | 1
 18, 28 |   4.9311233903630673e-03 |   4.9311233903630673e-03 | 1
 18, 29 |   4.9311233903318258e-03 |   4.9311233903318258e-03 | 1
 18, 30 |   5.7613754683896743e-03 |   5.7613754683896743e-03 | 1
 19,  1 |   5.4843978077323153e-03 |   5.4843978077323153e-03 | 1
 19,  2 |   4.9311233903662557e-03 |   4.9311233903662557e-03 | 1
 19,  3 |   4.9906857690730439e-03 |   4.9906857690730439e-03 | 1
 19,  4 |   4.9311233903763466e-03 |   4.9311233903763466e-03 | 1
 19,  5 |   4.9311233903853472e-03 |   4.9311233903853472e-03 | 1
 19,  6 |   4.9311233903489259e-03 |   4.9311233903489259e-03 | 1
 19,  7 |   5.1443256979884066e-03 |   5.1443256979884066e-03 | 1
 19,  8 |   4.7673144729500575e-03 |   4.7673144729500575e-03 | 1
 19,  9 |   4.9311233903651759e-03 |   4.9311233903651759e-03 | 1
 19, 10 |   4.9311233903575804e-03 |   4.9311233903575804e-03 | 1
 19, 11 |   4.8533434039514378e-03 |   4.8533434039514378e-03 | 1
 19, 12 |   4.9311233903786209e-03 |   4.9311233903786209e-03 | 1
 19, 13 |   4.9311233903451702e-03 |   4.9311233903451702e-03 | 1
 19, 14 |   4.9311233903483569e-03 |   4.9311233903483569e-03 | 1
 19, 15 |   5.6260519858959395e-03 |   5.6260519858959395e-03 | 1
 19, 16 |   5.4103873720417351e-03 |   5.4103873720417351e-03 | 1
 19, 17 |   4.9311233903620447e-03 |   4.9311233903620447e-03 | 1
 19, 18 |   4.9311233903520189e-03 |   4.9311233903520189e-03 | 1
 19, 19 |   4.9311233903687147e-03 |   4.9311233903687147e-03 | 1
 19, 20 |   4.9311233903765600e-03 |   4.9311233903765600e-03 | 1
 19, 21 |   4.9311233903654057e-03 |   4.9311233903654057e-03 | 1
 19, 22 |   4.9311233903653415e-03 |   4.9311233903653415e-03 | 1
 19, 23 |   5.3320262879326483e-03 |   5.3320262879326483e-03 | 1
 19, 24 |   4.9311233903616813e-03 |   4.9311233903616813e-03 | 1
 19, 25 |   4.9311233903775436e-03 |   4.9311233903775436e-03 | 1
 19, 26 |   4.9311233903634828e-03 |   4.9311233903634828e-03 | 1
 19, 27 |   5.3048931192617096e-03 |   5.3048931192617096e-03 | 1
 19, 28 |   4.9311233903797632e-03 |   4.9311233903797632e-03 | 1
 19, 29 |   4.9311233903485217e-03 |   4.9311233903485217e-03 | 1
 19, 30 |   5.7613754684076269e-03 |   5.7613754684076269e-03 | 1
 20,  1 |   5.4843978077448651e-03 |   5.4843978077448651e-03 | 1
 20,  2 |   4.9311233903741002e-03 |   4.9311233903741002e-03 | 1
 20,  3 |   4.9906857690820566e-03 |   4.9906857690820566e-03 | 1
 20,  4 |   4.9311233903841910e-03 |   4.9311233903841910e-03 | 1
 20,  5 |   4.9311233903931925e-03 |   4.9311233903931925e-03 | 1
 20,  6 |   4.9311233903567711e-03 |   4.9311233903567711e-03 | 1
 20,  7 |   5.1443256979986883e-03 |   5.1443256979986883e-03 | 1
 20,  8 |   4.7673144729592646e-03 |   4.7673144729592646e-03 | 1
 20,  9 |   4.9311233903730212e-03 |   4.9311233903730212e-03 | 1
 20, 10 |   4.9311233903654248e-03 |   4.9311233903654248e-03 | 1
 20, 11 |   4.8533434039587792e-03 |   4.8533434039587792e-03 | 1
 20, 12 |   4.9311233903864661e-03 |   4.9311233903864661e-03 | 1
 20, 13 |   4.9311233903530146e-03 |   4.9311233903530146e-03 | 1
 20, 14 |   4.9311233903562013e-03 |   4.9311233903562013e-03 | 1
 20, 15 |   5.6260519859047658e-03 |   5.6260519859047658e-03 | 1
 20, 16 |   5.4103873720524661e-03 |   5.4103873720524661e-03 | 1
 20, 17 |   4.9311233903698900e-03 |   4.9311233903698900e-03 | 1
 20, 18 |   4.9311233903598633e-03 |   4.9311233903598633e-03 | 1
 20, 19 |   4.9311233903765600e-03 |   4.9311233903765600e-03 | 1
 20, 20 |   4.9311233903844044e-03 |   4.9311233903844044e-03 | 1
 20, 21 |   4.9311233903732510e-03 |   4.9311233903732510e-03 | 1
 20, 22 |   4.9311233903731860e-03 |   4.9311233903731860e-03 | 1
 20, 23 |   5.3320262879465088e-03 |   5.3320262879465088e-03 | 1
 20, 24 |   4.9311233903695257e-03 |   4.9311233903695257e-03 | 1
 20, 25 |   4.9311233903853889e-03 |   4.9311233903853889e-03 | 1
 20, 26 |   4.9311233903713281e-03 |   4.9311233903713281e-03 | 1
 20, 27 |   5.3048931192712888e-03 |   5.3048931192712888e-03 | 1
 20, 28 |   4.9311233903876085e-03 |   4.9311233903876085e-03 | 1
 20, 29 |   4.9311233903563661e-03 |   4.9311233903563661e-03 | 1
 20, 30 |   5.7613754684147957e-03 |   5.7613754684147957e-03 | 1
 21,  1 |   5.4843978077271857e-03 |   5.4843978077271857e-03 | 1
 21,  2 |   4.9311233903629468e-03 |   4.9311233903629468e-03 | 1
 21,  3 |   4.9906857690692882e-03 |   4.9906857690692882e-03 | 1
 21,  4 |   4.9311233903730376e-03 |   4.9311233903730376e-03 | 1
 21,  5 |   4.9311233903820391e-03 |   4.9311233903820391e-03 | 1
 21,  6 |   4.9311233903456177e-03 |   4.9311233903456177e-03 | 1
 21,  7 |   5.1443256979841591e-03 |   5.1443256979841591e-03 | 1
 21,  8 |   4.7673144729462446e-03 |   4.7673144729462446e-03 | 1
 21,  9 |   4.9311233903618678e-03 |   4.9311233903618678e-03 | 1
 21, 10 |   4.9311233903542714e-03 |   4.9311233903542714e-03 | 1
 21, 11 |   4.8533434039483240e-03 |   4.8533434039483240e-03 | 1
 21, 12 |   4.9311233903753127e-03 |   4.9311233903753127e-03 | 1
 21, 13 |   4.9311233903418612e-03 |   4.9311233903418612e-03 | 1
 21, 14 |   4.9311233903450479e-03 |   4.9311233903450479e-03 | 1
 21, 15 |   5.6260519858922107e-03 |   5.6260519858922107e-03 | 1
 21, 16 |   5.4103873720372985e-03 |   5.4103873720372985e-03 | 1
 21, 17 |   4.9311233903587357e-03 |   4.9311233903587357e-03 | 1
 21, 18 |   4.9311233903487108e-03 |   4.9311233903487108e-03 | 1
 21, 19 |   4.9311233903654057e-03 |   4.9311233903654057e-03 | 1
 21, 20 |   4.9311233903732510e-03 |   4.9311233903732510e-03 | 1
 21, 21 |   4.9311233903620976e-03 |   4.9311233903620976e-03 | 1
 21, 22 |   4.9311233903620334e-03 |   4.9311233903620334e-03 | 1
 21, 23 |   5.3320262879270313e-03 |   5.3320262879270313e-03 | 1
 21, 24 |   4.9311233903583723e-03 |   4.9311233903583723e-03 | 1
 21, 25 |   4.9311233903742355e-03 |   4.9311233903742355e-03 | 1
 21, 26 |   4.9311233903601738e-03 |   4.9311233903601738e-03 | 1
 21, 27 |   5.3048931192577189e-03 |   5.3048931192577189e-03 | 1
 21, 28 |   4.9311233903764551e-03 |   4.9311233903764551e-03 | 1
 21, 29 |   4.9311233903452135e-03 |   4.9311233903452135e-03 | 1
 21, 30 |   5.7613754684045174e-03 |   5.7613754684045174e-03 | 1
 22,  1 |   5.4843978077287574e-03 |   5.4843978077287574e-03 | 1
 22,  2 |   4.9311233903628817e-03 |   4.9311233903628817e-03 | 1
 22,  3 |   4.9906857690696846e-03 |   4.9906857690696846e-03 | 1
 22,  4 |   4.9311233903729726e-03 |   4.9311233903729726e-03 | 1
 22,  5 |   4.9311233903819749e-03 |   4.9311233903819749e-03 | 1
 22,  6 |   4.9311233903455536e-03 |   4.9311233903455536e-03 | 1
 22,  7 |   5.1443256979849935e-03 |   5.1443256979849935e-03 | 1
 22,  8 |   4.7673144729468795e-03 |   4.7673144729468795e-03 | 1
 22,  9 |   4.9311233903618027e-03 |   4.9311233903618027e-03 | 1
 22, 10 |   4.9311233903542072e-03 |   4.9311233903542072e-03 | 1
 22, 11 |   4.8533434039480985e-03 |   4.8533434039480985e-03 | 1
 22, 12 |   4.9311233903752477e-03 |   4.9311233903752477e-03 | 1
 22, 13 |   4.9311233903417961e-03 |   4.9311233903417961e-03 | 1
 22, 14 |   4.9311233903449837e-03 |   4.9311233903449837e-03 | 1
 22, 15 |   5.6260519858920841e-03 |   5.6260519858920841e-03 | 1
 22, 16 |   5.4103873720381408e-03 |   5.4103873720381408e-03 | 1
 22, 17 |   4.9311233903586715e-03 |   4.9311233903586715e-03 | 1
 22, 18 |   4.9311233903486457e-03 |   4.9311233903486457e-03 | 1
 22, 19 |   4.9311233903653415e-03 |   4.9311233903653415e-03 | 1
 22, 20 |   4.9311233903731860e-03 |   4.9311233903731860e-03 | 1
 22, 21 |   4.9311233903620334e-03 |   4.9311233903620334e-03 | 1
 22, 22 |   4.9311233903619684e-03 |   4.9311233903619684e-03 | 1
 22, 23 |   5.3320262879292726e-03 |   5.3320262879292726e-03 | 1
 22, 24 |   4.9311233903583081e-03 |   4.9311233903583081e-03 | 1
 22, 25 |   4.9311233903741713e-03 |   4.9311233903741713e-03 | 1
 22, 26 |   4.9311233903601096e-03 |   4.9311233903601096e-03 | 1
 22, 27 |   5.3048931192581396e-03 |   5.3048931192581396e-03 | 1
 22, 28 |   4.9311233903763900e-03 |   4.9311233903763900e-03 | 1
 22, 29 |   4.9311233903451485e-03 |   4.9311233903451485e-03 | 1
 22, 30 |   5.7613754684035842e-03 |   5.7613754684035842e-03 | 1
 23,  1 |   6.1379963164907309e-03 |   6.1379963164907309e-03 | 1
 23,  2 |   5.3320262879316821e-03 |   5.3320262879316821e-03 | 1
 23,  3 |   5.6168805856986938e-03 |   5.6168805856986938e-03 | 1
 23,  4 |   5.3320262879420332e-03 |   5.3320262879420332e-03 | 1
 23,  5 |   5.3320262879558451e-03 |   5.3320262879558451e-03 | 1
 23,  6 |   5.3320262879039543e-03 |   5.3320262879039543e-03 | 1
 23,  7 |   5.8745313617696322e-03 |   5.8745313617696322e-03 | 1
 23,  8 |   5.5172673257858082e-03 |   5.5172673257858082e-03 | 1
 23,  9 |   5.3320262879290410e-03 |   5.3320262879290410e-03 | 1
 23, 10 |   5.3320262879162326e-03 |   5.3320262879162326e-03 | 1
 23, 11 |   5.4108573565585724e-03 |   5.4108573565585724e-03 | 1
 23, 12 |   5.3320262879425415e-03 |   5.3320262879425415e-03 | 1
 23, 13 |   5.3320262878992332e-03 |   5.3320262878992332e-03 | 1
 23, 14 |   5.3320262879049864e-03 |   5.3320262879049864e-03 | 1
 23, 15 |   6.3318600664469859e-03 |   6.3318600664469859e-03 | 1
 23, 16 |   6.1272463976488247e-03 |   6.1272463976488247e-03 | 1
 23, 17 |   5.3320262879246547e-03 |   5.3320262879246547e-03 | 1
 23, 18 |   5.3320262879104074e-03 |   5.3320262879104074e-03 | 1
 23, 19 |   5.3320262879326483e-03 |   5.3320262879326483e-03 | 1
 23, 20 |   5.3320262879465088e-03 |   5.3320262879465088e-03 | 1
 23, 21 |   5.3320262879270313e-03 |   5.3320262879270313e-03 | 1
 23, 22 |   5.3320262879292726e-03 |   5.3320262879292726e-03 | 1
 23, 23 |   6.7007990639685513e-03 |   6.7007990639685513e-03 | 1
 23, 24 |   5.3320262879221021e-03 |   5.3320262879221021e-03 | 1
 23, 25 |   5.3320262879449510e-03 |   5.3320262879449510e-03 | 1
 23, 26 |   5.3320262879271536e-03 |   5.3320262879271536e-03 | 1
 23, 27 |   6.0996071488932206e-03 |   6.0996071488932206e-03 | 1
 23, 28 |   5.3320262879492540e-03 |   5.3320262879492540e-03 | 1
 23, 29 |   5.3320262879044036e-03 |   5.3320262879044036e-03 | 1
 23, 30 |   6.7176275737328966e-03 |   6.7176275737328966e-03 | 1
 24,  1 |   5.4843978077224013e-03 |   5.4843978077224013e-03 | 1
 24,  2 |   4.9311233903592214e-03 |   4.9311233903592214e-03 | 1
 24,  3 |   4.9906857690653382e-03 |   4.9906857690653382e-03 | 1
 24,  4 |   4.9311233903693123e-03 |   4.9311233903693123e-03 | 1
 24,  5 |   4.9311233903783138e-03 |   4.9311233903783138e-03 | 1
 24,  6 |   4.9311233903418924e-03 |   4.9311233903418924e-03 | 1
 24,  7 |   5.1443256979799203e-03 |   5.1443256979799203e-03 | 1
 24,  8 |   4.7673144729423710e-03 |   4.7673144729423710e-03 | 1
 24,  9 |   4.9311233903581424e-03 |   4.9311233903581424e-03 | 1
 24, 10 |   4.9311233903505470e-03 |   4.9311233903505470e-03 | 1
 24, 11 |   4.8533434039447210e-03 |   4.8533434039447210e-03 | 1
 24, 12 |   4.9311233903715874e-03 |   4.9311233903715874e-03 | 1
 24, 13 |   4.9311233903381359e-03 |   4.9311233903381359e-03 | 1
 24, 14 |   4.9311233903413234e-03 |   4.9311233903413234e-03 | 1
 24, 15 |   5.6260519858879815e-03 |   5.6260519858879815e-03 | 1
 24, 16 |   5.4103873720328551e-03 |   5.4103873720328551e-03 | 1
 24, 17 |   4.9311233903550113e-03 |   4.9311233903550113e-03 | 1
 24, 18 |   4.9311233903449854e-03 |   4.9311233903449854e-03 | 1
 24, 19 |   4.9311233903616813e-03 |   4.9311233903616813e-03 | 1
 24, 20 |   4.9311233903695257e-03 |   4.9311233903695257e-03 | 1
 24, 21 |   4.9311233903583723e-03 |   4.9311233903583723e-03 | 1
 24, 22 |   4.9311233903583081e-03 |   4.9311233903583081e-03 | 1
 24, 23 |   5.3320262879221021e-03 |   5.3320262879221021e-03 | 1
 24, 24 |   4.9311233903546478e-03 |   4.9311233903546478e-03 | 1
 24, 25 |   4.9311233903705102e-03 |   4.9311233903705102e-03 | 1
 24, 26 |   4.9311233903564494e-03 |   4.9311233903564494e-03 | 1
 24, 27 |   5.3048931192535200e-03 |   5.3048931192535200e-03 | 1
 24, 28 |   4.9311233903727297e-03 |   4.9311233903727297e-03 | 1
 24, 29 |   4.9311233903414891e-03 |   4.9311233903414891e-03 | 1
 24, 30 |   5.7613754684005007e-03 |   5.7613754684005007e-03 | 1
 25,  1 |   5.4843978077440958e-03 |   5.4843978077440958e-03 | 1
 25,  2 |   4.9311233903750838e-03 |   4.9311233903750838e-03 | 1
 25,  3 |   4.9906857690825302e-03 |   4.9906857690825302e-03 | 1
 25,  4 |   4.9311233903851755e-03 |   4.9311233903851755e-03 | 1
 25,  5 |   4.9311233903941770e-03 |   4.9311233903941770e-03 | 1
 25,  6 |   4.9311233903577556e-03 |   4.9311233903577556e-03 | 1
 25,  7 |   5.1443256979986926e-03 |   5.1443256979986926e-03 | 1
 25,  8 |   4.7673144729594250e-03 |   4.7673144729594250e-03 | 1
 25,  9 |   4.9311233903740056e-03 |   4.9311233903740056e-03 | 1
 25, 10 |   4.9311233903664093e-03 |   4.9311233903664093e-03 | 1
 25, 11 |   4.8533434039599328e-03 |   4.8533434039599328e-03 | 1
 25, 12 |   4.9311233903874506e-03 |   4.9311233903874506e-03 | 1
 25, 13 |   4.9311233903539991e-03 |   4.9311233903539991e-03 | 1
 25, 14 |   4.9311233903571857e-03 |   4.9311233903571857e-03 | 1
 25, 15 |   5.6260519859059489e-03 |   5.6260519859059489e-03 | 1
 25, 16 |   5.4103873720525112e-03 |   5.4103873720525112e-03 | 1
 25, 17 |   4.9311233903708736e-03 |   4.9311233903708736e-03 | 1
 25, 18 |   4.9311233903608486e-03 |   4.9311233903608486e-03 | 1
 25, 19 |   4.9311233903775436e-03 |   4.9311233903775436e-03 | 1
 25, 20 |   4.9311233903853889e-03 |   4.9311233903853889e-03 | 1
 25, 21 |   4.9311233903742355e-03 |   4.9311233903742355e-03 | 1
 25, 22 |   4.9311233903741713e-03 |   4.9311233903741713e-03 | 1
 25, 23 |   5.3320262879449510e-03 |   5.3320262879449510e-03 | 1
 25, 24 |   4.9311233903705102e-03 |   4.9311233903705102e-03 | 1
 25, 25 |   4.9311233903863733e-03 |   4.9311233903863733e-03 | 1
 25, 26 |   4.9311233903723117e-03 |   4.9311233903723117e-03 | 1
 25, 27 |   5.3048931192717919e-03 |   5.3048931192717919e-03 | 1
 25, 28 |   4.9311233903885929e-03 |   4.9311233903885929e-03 | 1
 25, 29 |   4.9311233903573514e-03 |   4.9311233903573514e-03 | 1
 25, 30 |   5.7613754684169190e-03 |   5.7613754684169190e-03 | 1
 26,  1 |   5.4843978077266124e-03 |   5.4843978077266124e-03 | 1
 26,  2 |   4.9311233903610238e-03 |   4.9311233903610238e-03 | 1
 26,  3 |   4.9906857690677807e-03 |   4.9906857690677807e-03 | 1
 26,  4 |   4.9311233903711147e-03 |   4.9311233903711147e-03 | 1
 26,  5 |   4.9311233903801153e-03 |   4.9311233903801153e-03 | 1
 26,  6 |   4.9311233903436939e-03 |   4.9311233903436939e-03 | 1
 26,  7 |   5.1443256979830116e-03 |   5.1443256979830116e-03 | 1
 26,  8 |   4.7673144729450494e-03 |   4.7673144729450494e-03 | 1
 26,  9 |   4.9311233903599440e-03 |   4.9311233903599440e-03 | 1
 26, 10 |   4.9311233903523485e-03 |   4.9311233903523485e-03 | 1
 26, 11 |   4.8533434039462761e-03 |   4.8533434039462761e-03 | 1
 26, 12 |   4.9311233903733889e-03 |   4.9311233903733889e-03 | 1
 26, 13 |   4.9311233903399374e-03 |   4.9311233903399374e-03 | 1
 26, 14 |   4.9311233903431249e-03 |   4.9311233903431249e-03 | 1
 26, 15 |   5.6260519858899651e-03 |   5.6260519858899651e-03 | 1
 26, 16 |   5.4103873720360582e-03 |   5.4103873720360582e-03 | 1
 26, 17 |   4.9311233903568128e-03 |   4.9311233903568128e-03 | 1
 26, 18 |   4.9311233903467869e-03 |   4.9311233903467869e-03 | 1
 26, 19 |   4.9311233903634828e-03 |   4.9311233903634828e-03 | 1
 26, 20 |   4.9311233903713281e-03 |   4.9311233903713281e-03 | 1
 26, 21 |   4.9311233903601738e-03 |   4.9311233903601738e-03 | 1
 26, 22 |   4.9311233903601096e-03 |   4.9311233903601096e-03 | 1
 26, 23 |   5.3320262879271536e-03 |   5.3320262879271536e-03 | 1
 26, 24 |   4.9311233903564494e-03 |   4.9311233903564494e-03 | 1
 26, 25 |   4.9311233903723117e-03 |   4.9311233903723117e-03 | 1
 26, 26 |   4.9311233903582509e-03 |   4.9311233903582509e-03 | 1
 26, 27 |   5.3048931192561160e-03 |   5.3048931192561160e-03 | 1
 26, 28 |   4.9311233903745312e-03 |   4.9311233903745312e-03 | 1
 26, 29 |   4.9311233903432897e-03 |   4.9311233903432897e-03 | 1
 26, 30 |   5.7613754684014530e-03 |   5.7613754684014530e-03 | 1
 27,  1 |   5.9440836197437166e-03 |   5.9440836197437166e-03 | 1
 27,  2 |   5.3048931192594215e-03 |   5.3048931192594215e-03 | 1
 27,  3 |   5.4996094420443871e-03 |   5.4996094420443871e-03 | 1
 27,  4 |   5.3048931192701595e-03 |   5.3048931192701595e-03 | 1
 27,  5 |   5.3048931192807066e-03 |   5.3048931192807066e-03 | 1
 27,  6 |   5.3048931192388763e-03 |   5.3048931192388763e-03 | 1
 27,  7 |   5.7134706460239982e-03 |   5.7134706460239982e-03 | 1
 27,  8 |   5.5964006577548884e-03 |   5.5964006577548884e-03 | 1
 27,  9 |   5.3048931192579505e-03 |   5.3048931192579505e-03 | 1
 27, 10 |   5.3048931192488050e-03 |   5.3048931192488050e-03 | 1
 27, 11 |   5.3277351379048248e-03 |   5.3277351379048248e-03 | 1
 27, 12 |   5.3048931192721943e-03 |   5.3048931192721943e-03 | 1
 27, 13 |   5.3048931192346957e-03 |   5.3048931192346957e-03 | 1
 27, 14 |   5.3048931192386135e-03 |   5.3048931192386135e-03 | 1
 27, 15 |   6.2141403893457847e-03 |   6.2141403893457847e-03 | 1
 27, 16 |   5.9057859683161601e-03 |   5.9057859683161601e-03 | 1
 27, 17 |   5.3048931192543692e-03 |   5.3048931192543692e-03 | 1
 27, 18 |   5.3048931192428619e-03 |   5.3048931192428619e-03 | 1
 27, 19 |   5.3048931192617096e-03 |   5.3048931192617096e-03 | 1
 27, 20 |   5.3048931192712888e-03 |   5.3048931192712888e-03 | 1
 27, 21 |   5.3048931192577189e-03 |   5.3048931192577189e-03 | 1
 27, 22 |   5.3048931192581396e-03 |   5.3048931192581396e-03 | 1
 27, 23 |   6.0996071488932206e-03 |   6.0996071488932206e-03 | 1
 27, 24 |   5.3048931192535200e-03 |   5.3048931192535200e-03 | 1
 27, 25 |   5.3048931192717919e-03 |   5.3048931192717919e-03 | 1
 27, 26 |   5.3048931192561160e-03 |   5.3048931192561160e-03 | 1
 27, 27 |   6.1441113230160547e-03 |   6.1441113230160547e-03 | 1
 27, 28 |   5.3048931192745830e-03 |   5.3048931192745830e-03 | 1
 27, 29 |   5.3048931192386291e-03 |   5.3048931192386291e-03 | 1
 27, 30 |   6.5879159984536754e-03 |   6.5879159984536754e-03 | 1
 28,  1 |   5.4843978077479174e-03 |   5.4843978077479174e-03 | 1
 28,  2 |   4.9311233903773042e-03 |   4.9311233903773042e-03 | 1
 28,  3 |   4.9906857690851557e-03 |   4.9906857690851557e-03 | 1
 28,  4 |   4.9311233903873951e-03 |   4.9311233903873951e-03 | 1
 28,  5 |   4.9311233903963966e-03 |   4.9311233903963966e-03 | 1
 28,  6 |   4.9311233903599752e-03 |   4.9311233903599752e-03 | 1
 28,  7 |   5.1443256980017510e-03 |   5.1443256980017510e-03 | 1
 28,  8 |   4.7673144729621451e-03 |   4.7673144729621451e-03 | 1
 28,  9 |   4.9311233903762252e-03 |   4.9311233903762252e-03 | 1
 28, 10 |   4.9311233903686288e-03 |   4.9311233903686288e-03 | 1
 28, 11 |   4.8533434039619832e-03 |   4.8533434039619832e-03 | 1
 28, 12 |   4.9311233903896702e-03 |   4.9311233903896702e-03 | 1
 28, 13 |   4.9311233903562186e-03 |   4.9311233903562186e-03 | 1
 28, 14 |   4.9311233903594053e-03 |   4.9311233903594053e-03 | 1
 28, 15 |   5.6260519859084382e-03 |   5.6260519859084382e-03 | 1
 28, 16 |   5.4103873720556970e-03 |   5.4103873720556970e-03 | 1
 28, 17 |   4.9311233903730932e-03 |   4.9311233903730932e-03 | 1
 28, 18 |   4.9311233903630673e-03 |   4.9311233903630673e-03 | 1
 28, 19 |   4.9311233903797632e-03 |   4.9311233903797632e-03 | 1
 28, 20 |   4.9311233903876085e-03 |   4.9311233903876085e-03 | 1
 28, 21 |   4.9311233903764551e-03 |   4.9311233903764551e-03 | 1
 28, 22 |   4.9311233903763900e-03 |   4.9311233903763900e-03 | 1
 28, 23 |   5.3320262879492540e-03 |   5.3320262879492540e-03 | 1
 28, 24 |   4.9311233903727297e-03 |   4.9311233903727297e-03 | 1
 28, 25 |   4.9311233903885929e-03 |   4.9311233903885929e-03 | 1
 28, 26 |   4.9311233903745312e-03 |   4.9311233903745312e-03 | 1
 28, 27 |   5.3048931192745830e-03 |   5.3048931192745830e-03 | 1
 28, 28 |   4.9311233903908125e-03 |   4.9311233903908125e-03 | 1
 28, 29 |   4.9311233903595701e-03 |   4.9311233903595701e-03 | 1
 28, 30 |   5.7613754684188064e-03 |   5.7613754684188064e-03 | 1
 29,  1 |   5.4843978077052987e-03 |   5.4843978077052987e-03 | 1
 29,  2 |   4.9311233903460618e-03 |   4.9311233903460618e-03 | 1
 29,  3 |   4.9906857690513277e-03 |   4.9906857690513277e-03 | 1
 29,  4 |   4.9311233903561536e-03 |   4.9311233903561536e-03 | 1
 29,  5 |   4.9311233903651551e-03 |   4.9311233903651551e-03 | 1
 29,  6 |   4.9311233903287337e-03 |   4.9311233903287337e-03 | 1
 29,  7 |   5.1443256979648386e-03 |   5.1443256979648386e-03 | 1
 29,  8 |   4.7673144729286025e-03 |   4.7673144729286025e-03 | 1
 29,  9 |   4.9311233903449828e-03 |   4.9311233903449828e-03 | 1
 29, 10 |   4.9311233903373882e-03 |   4.9311233903373882e-03 | 1
 29, 11 |   4.8533434039320141e-03 |   4.8533434039320141e-03 | 1
 29, 12 |   4.9311233903584287e-03 |   4.9311233903584287e-03 | 1
 29, 13 |   4.9311233903249771e-03 |   4.9311233903249771e-03 | 1
 29, 14 |   4.9311233903281647e-03 |   4.9311233903281647e-03 | 1
 29, 15 |   5.6260519858730472e-03 |   5.6260519858730472e-03 | 1
 29, 16 |   5.4103873720170465e-03 |   5.4103873720170465e-03 | 1
 29, 17 |   4.9311233903418517e-03 |   4.9311233903418517e-03 | 1
 29, 18 |   4.9311233903318258e-03 |   4.9311233903318258e-03 | 1
 29, 19 |   4.9311233903485217e-03 |   4.9311233903485217e-03 | 1
 29, 20 |   4.9311233903563661e-03 |   4.9311233903563661e-03 | 1
 29, 21 |   4.9311233903452135e-03 |   4.9311233903452135e-03 | 1
 29, 22 |   4.9311233903451485e-03 |   4.9311233903451485e-03 | 1
 29, 23 |   5.3320262879044036e-03 |   5.3320262879044036e-03 | 1
 29, 24 |   4.9311233903414891e-03 |   4.9311233903414891e-03 | 1
 29, 25 |   4.9311233903573514e-03 |   4.9311233903573514e-03 | 1
 29, 26 |   4.9311233903432897e-03 |   4.9311233903432897e-03 | 1
 29, 27 |   5.3048931192386291e-03 |   5.3048931192386291e-03 | 1
 29, 28 |   4.9311233903595701e-03 |   4.9311233903595701e-03 | 1
 29, 29 |   4.9311233903283295e-03 |   4.9311233903283295e-03 | 1
 29, 30 |   5.7613754683864130e-03 |   5.7613754683864130e-03 | 1
 30,  1 |   6.3307020778284413e-03 |   6.3307020778284413e-03 | 1
 30,  2 |   5.7613754684041245e-03 |   5.7613754684041245e-03 | 1
 30,  3 |   6.1768864079544492e-03 |   6.1768864079544492e-03 | 1
 30,  4 |   5.7613754684161227e-03 |   5.7613754684161227e-03 | 1
 30,  5 |   5.7613754684251259e-03 |   5.7613754684251259e-03 | 1
 30,  6 |   5.7613754683872153e-03 |   5.7613754683872153e-03 | 1
 30,  7 |   6.1403140858513486e-03 |   6.1403140858513486e-03 | 1
 30,  8 |   5.8098279702551324e-03 |   5.8098279702551324e-03 | 1
 30,  9 |   5.7613754684034107e-03 |   5.7613754684034107e-03 | 1
 30, 10 |   5.7613754683962419e-03 |   5.7613754683962419e-03 | 1
 30, 11 |   5.8111948217924331e-03 |   5.8111948217924331e-03 | 1
 30, 12 |   5.7613754684195046e-03 |   5.7613754684195046e-03 | 1
 30, 13 |   5.7613754683830702e-03 |   5.7613754683830702e-03 | 1
 30, 14 |   5.7613754683859368e-03 |   5.7613754683859368e-03 | 1
 30, 15 |   6.6663969408233652e-03 |   6.6663969408233652e-03 | 1
 30, 16 |   6.3240809874682037e-03 |   6.3240809874682037e-03 | 1
 30, 17 |   5.7613754684001234e-03 |   5.7613754684001234e-03 | 1
 30, 18 |   5.7613754683896743e-03 |   5.7613754683896743e-03 | 1
 30, 19 |   5.7613754684076269e-03 |   5.7613754684076269e-03 | 1
 30, 20 |   5.7613754684147957e-03 |   5.7613754684147957e-03 | 1
 30, 21 |   5.7613754684045174e-03 |   5.7613754684045174e-03 | 1
 30, 22 |   5.7613754684035842e-03 |   5.7613754684035842e-03 | 1
 30, 23 |   6.7176275737328966e-03 |   6.7176275737328966e-03 | 1
 30, 24 |   5.7613754684005007e-03 |   5.7613754684005007e-03 | 1
 30, 25 |   5.7613754684169190e-03 |   5.7613754684169190e-03 | 1
 30, 26 |   5.7613754684014530e-03 |   5.7613754684014530e-03 | 1
 30, 27 |   6.5879159984536754e-03 |   6.5879159984536754e-03 | 1
 30, 28 |   5.7613754684188064e-03 |   5.7613754684188064e-03 | 1
 30, 29 |   5.7613754683864130e-03 |   5.7613754683864130e-03 | 1
 30, 30 |   8.7656165766975148e-03 |   8.7656165766975148e-03 | 1
