row,col | V_base                   | V_new                    | equal
  1,  1 |   1.9261404661782683e-03 |   1.9261404661782683e-03 | 1
  1,  2 |  -4.1211767783474822e-04 |  -4.1211767783474822e-04 | 1
  1,  3 |   1.6127602657717518e-03 |   1.6127602657717518e-03 | 1
  1,  4 |  -3.8116569855611050e-03 |  -3.8116569855611050e-03 | 1
  1,  5 |  -1.7670506751710224e-03 |  -1.7670506751710224e-03 | 1
  1,  6 |   0.0000000000000000e+00 |   0.0000000000000000e+00 | 1
  1,  7 |   0.0000000000000000e+00 |   0.0000000000000000e+00 | 1
  1,  8 |  -1.5079894134384275e-03 |  -1.5079894134384275e-03 | 1
  1,  9 |   7.7431925818090500e-03 |   7.7431925818090500e-03 | 1
  1, 10 |   0.0000000000000000e+00 |   0.0000000000000000e+00 | 1
  1, 11 |   0.0000000000000000e+00 |   0.0000000000000000e+00 | 1
  1, 12 |  -1.4855605165609918e-03 |  -1.4855605165609918e-03 | 1
  1, 13 |   0.0000000000000000e+00 |   0.0000000000000000e+00 | 1
  1, 14 |   0.0000000000000000e+00 |   0.0000000000000000e+00 | 1
  1, 15 |   0.0000000000000000e+00 |   0.0000000000000000e+00 | 1
  1, 16 |  -1.5142119798550139e-04 |  -1.5142119798550139e-04 | 1
  1, 17 |   2.1334821762209084e-03 |   2.1334821762209084e-03 | 1
  1, 18 |   0.0000000000000000e+00 |   0.0000000000000000e+00 | 1
  1, 19 |   0.0000000000000000e+00 |   0.0000000000000000e+00 | 1
  1, 20 |   0.0000000000000000e+00 |   0.0000000000000000e+00 | 1
  1, 21 |   0.0000000000000000e+00 |   0.0000000000000000e+00 | 1
  1, 22 |   0.0000000000000000e+00 |   0.0000000000000000e+00 | 1
  1, 23 |   0.0000000000000000e+00 |   0.0000000000000000e+00 | 1
  1, 24 |  -5.2922147302810092e-04 |  -5.2922147302810092e-04 | 1
  1, 25 |   0.0000000000000000e+00 |   0.0000000000000000e+00 | 1
  1, 26 |   0.0000000000000000e+00 |   0.0000000000000000e+00 | 1
  1, 27 |   0.0000000000000000e+00 |   0.0000000000000000e+00 | 1
  1, 28 |   0.0000000000000000e+00 |   0.0000000000000000e+00 | 1
  1, 29 |   0.0000000000000000e+00 |   0.0000000000000000e+00 | 1
  1, 30 |   0.0000000000000000e+00 |   0.0000000000000000e+00 | 1
  1, 31 |   0.0000000000000000e+00 |   0.0000000000000000e+00 | 1
  1, 32 |   0.0000000000000000e+00 |   0.0000000000000000e+00 | 1
  1, 33 |   4.6428605571026049e-03 |   4.6428605571026049e-03 | 1
  1, 34 |  -2.6028666050263287e-04 |  -2.6028666050263287e-04 | 1
  1, 35 |   8.9711671219748555e-04 |   8.9711671219748555e-04 | 1
  1, 36 |  -8.5510459718340774e-04 |  -8.5510459718340774e-04 | 1
  2,  1 |  -4.1211767783474822e-04 |  -4.1211767783474822e-04 | 1
  2,  2 |   3.6550327396413815e-03 |   3.6550327396413815e-03 | 1
  2,  3 |  -2.0694232244957405e-03 |  -2.0694232244957405e-03 | 1
  2,  4 |   1.6571211509585643e-02 |   1.6571211509585643e-02 | 1
  2,  5 |   1.5881865178602526e-03 |   1.5881865178602526e-03 | 1
  2,  6 |   0.0000000000000000e+00 |   0.0000000000000000e+00 | 1
  2,  7 |   0.0000000000000000e+00 |   0.0000000000000000e+00 | 1
  2,  8 |   8.5614857258885582e-03 |   8.5614857258885582e-03 | 1
  2,  9 |  -5.5434911939740835e-03 |  -5.5434911939740835e-03 | 1
  2, 10 |   0.0000000000000000e+00 |   0.0000000000000000e+00 | 1
  2, 11 |   0.0000000000000000e+00 |   0.0000000000000000e+00 | 1
  2, 12 |   1.2410679755764660e-02 |   1.2410679755764660e-02 | 1
  2, 13 |   0.0000000000000000e+00 |   0.0000000000000000e+00 | 1
  2, 14 |   0.0000000000000000e+00 |   0.0000000000000000e+00 | 1
  2, 15 |   0.0000000000000000e+00 |   0.0000000000000000e+00 | 1
  2, 16 |   5.4082206555489329e-03 |   5.4082206555489329e-03 | 1
  2, 17 |  -1.2637871132847676e-03 |  -1.2637871132847676e-03 | 1
  2, 18 |   0.0000000000000000e+00 |   0.0000000000000000e+00 | 1
  2, 19 |   0.0000000000000000e+00 |   0.0000000000000000e+00 | 1
  2, 20 |   0.0000000000000000e+00 |   0.0000000000000000e+00 | 1
  2, 21 |   0.0000000000000000e+00 |   0.0000000000000000e+00 | 1
  2, 22 |   0.0000000000000000e+00 |   0.0000000000000000e+00 | 1
  2, 23 |   0.0000000000000000e+00 |   0.0000000000000000e+00 | 1
  2, 24 |   3.7402611194928817e-03 |   3.7402611194928817e-03 | 1
  2, 25 |   0.0000000000000000e+00 |   0.0000000000000000e+00 | 1
  2, 26 |   0.0000000000000000e+00 |   0.0000000000000000e+00 | 1
  2, 27 |   0.0000000000000000e+00 |   0.0000000000000000e+00 | 1
  2, 28 |   0.0000000000000000e+00 |   0.0000000000000000e+00 | 1
  2, 29 |   0.0000000000000000e+00 |   0.0000000000000000e+00 | 1
  2, 30 |   0.0000000000000000e+00 |   0.0000000000000000e+00 | 1
  2, 31 |   0.0000000000000000e+00 |   0.0000000000000000e+00 | 1
  2, 32 |   0.0000000000000000e+00 |   0.0000000000000000e+00 | 1
  2, 33 |  -3.2015527751843353e-02 |  -3.2015527751843353e-02 | 1
  2, 34 |   3.3312856960711337e-03 |   3.3312856960711337e-03 | 1
  2, 35 |  -8.4831735458813741e-04 |  -8.4831735458813741e-04 | 1
  2, 36 |  -8.2521408558088163e-05 |  -8.2521408558088163e-05 | 1
  3,  1 |   1.6127602657717518e-03 |   1.6127602657717518e-03 | 1
  3,  2 |  -2.0694232244957405e-03 |  -2.0694232244957405e-03 | 1
  3,  3 |   4.9197237507602874e-02 |   4.9197237507602874e-02 | 1
  3,  4 |  -5.6034816463485661e-02 |  -5.6034816463485661e-02 | 1
  3,  5 |   1.8267986674878261e-02 |   1.8267986674878261e-02 | 1
  3,  6 |   0.0000000000000000e+00 |   0.0000000000000000e+00 | 1
  3,  7 |   0.0000000000000000e+00 |   0.0000000000000000e+00 | 1
  3,  8 |  -1.1126918802942934e-02 |  -1.1126918802942934e-02 | 1
  3,  9 |   2.9905192430727461e-02 |   2.9905192430727461e-02 | 1
  3, 10 |   0.0000000000000000e+00 |   0.0000000000000000e+00 | 1
  3, 11 |   0.0000000000000000e+00 |   0.0000000000000000e+00 | 1
  3, 12 |   1.7158061697681252e-03 |   1.7158061697681252e-03 | 1
  3, 13 |   0.0000000000000000e+00 |   0.0000000000000000e+00 | 1
  3, 14 |   0.0000000000000000e+00 |   0.0000000000000000e+00 | 1
  3, 15 |   0.0000000000000000e+00 |   0.0000000000000000e+00 | 1
  3, 16 |  -8.2319839430928660e-03 |  -8.2319839430928660e-03 | 1
  3, 17 |   2.0353499782486410e-02 |   2.0353499782486410e-02 | 1
  3, 18 |   0.0000000000000000e+00 |   0.0000000000000000e+00 | 1
  3, 19 |   0.0000000000000000e+00 |   0.0000000000000000e+00 | 1
  3, 20 |   0.0000000000000000e+00 |   0.0000000000000000e+00 | 1
  3, 21 |   0.0000000000000000e+00 |   0.0000000000000000e+00 | 1
  3, 22 |   0.0000000000000000e+00 |   0.0000000000000000e+00 | 1
  3, 23 |   0.0000000000000000e+00 |   0.0000000000000000e+00 | 1
  3, 24 |  -9.8748014233161936e-03 |  -9.8748014233161936e-03 | 1
  3, 25 |   0.0000000000000000e+00 |   0.0000000000000000e+00 | 1
  3, 26 |   0.0000000000000000e+00 |   0.0000000000000000e+00 | 1
  3, 27 |   0.0000000000000000e+00 |   0.0000000000000000e+00 | 1
  3, 28 |   0.0000000000000000e+00 |   0.0000000000000000e+00 | 1
  3, 29 |   0.0000000000000000e+00 |   0.0000000000000000e+00 | 1
  3, 30 |   0.0000000000000000e+00 |   0.0000000000000000e+00 | 1
  3, 31 |   0.0000000000000000e+00 |   0.0000000000000000e+00 | 1
  3, 32 |   0.0000000000000000e+00 |   0.0000000000000000e+00 | 1
  3, 33 |  -3.5412965567228269e-02 |  -3.5412965567228269e-02 | 1
  3, 34 |  -4.1340262054937521e-03 |  -4.1340262054937521e-03 | 1
  3, 35 |   6.8835433019516870e-04 |   6.8835433019516870e-04 | 1
  3, 36 |  -1.5252661885676025e-03 |  -1.5252661885676025e-03 | 1
  4,  1 |  -3.8116569855611050e-03 |  -3.8116569855611050e-03 | 1
  4,  2 |   1.6571211509585643e-02 |   1.6571211509585643e-02 | 1
  4,  3 |  -5.6034816463485661e-02 |  -5.6034816463485661e-02 | 1
  4,  4 |   2.2072521289341601e-01 |   2.2072521289341601e-01 | 1
  4,  5 |   3.4464695413728933e-03 |   3.4464695413728933e-03 | 1
  4,  6 |   0.0000000000000000e+00 |   0.0000000000000000e+00 | 1
  4,  7 |   0.0000000000000000e+00 |   0.0000000000000000e+00 | 1
  4,  8 |   3.9826296053550599e-02 |   3.9826296053550599e-02 | 1
  4,  9 |  -6.0063078317974847e-02 |  -6.0063078317974847e-02 | 1
  4, 10 |   0.0000000000000000e+00 |   0.0000000000000000e+00 | 1
  4, 11 |   0.0000000000000000e+00 |   0.0000000000000000e+00 | 1
  4, 12 |   5.8221551672928508e-02 |   5.8221551672928508e-02 | 1
  4, 13 |   0.0000000000000000e+00 |   0.0000000000000000e+00 | 1
  4, 14 |   0.0000000000000000e+00 |   0.0000000000000000e+00 | 1
  4, 15 |   0.0000000000000000e+00 |   0.0000000000000000e+00 | 1
  4, 16 |   3.1669432699465427e-02 |   3.1669432699465427e-02 | 1
  4, 17 |  -2.3912367850174487e-02 |  -2.3912367850174487e-02 | 1
  4, 18 |   0.0000000000000000e+00 |   0.0000000000000000e+00 | 1
  4, 19 |   0.0000000000000000e+00 |   0.0000000000000000e+00 | 1
  4, 20 |   0.0000000000000000e+00 |   0.0000000000000000e+00 | 1
  4, 21 |   0.0000000000000000e+00 |   0.0000000000000000e+00 | 1
  4, 22 |   0.0000000000000000e+00 |   0.0000000000000000e+00 | 1
  4, 23 |   0.0000000000000000e+00 |   0.0000000000000000e+00 | 1
  4, 24 |   3.3996293850356657e-02 |   3.3996293850356657e-02 | 1
  4, 25 |   0.0000000000000000e+00 |   0.0000000000000000e+00 | 1
  4, 26 |   0.0000000000000000e+00 |   0.0000000000000000e+00 | 1
  4, 27 |   0.0000000000000000e+00 |   0.0000000000000000e+00 | 1
  4, 28 |   0.0000000000000000e+00 |   0.0000000000000000e+00 | 1
  4, 29 |   0.0000000000000000e+00 |   0.0000000000000000e+00 | 1
  4, 30 |   0.0000000000000000e+00 |   0.0000000000000000e+00 | 1
  4, 31 |   0.0000000000000000e+00 |   0.0000000000000000e+00 | 1
  4, 32 |   0.0000000000000000e+00 |   0.0000000000000000e+00 | 1
  4, 33 |  -1.2514016373206977e-02 |  -1.2514016373206977e-02 | 1
  4, 34 |   1.7546963408292978e-02 |   1.7546963408292978e-02 | 1
  4, 35 |  -4.9709415375074426e-03 |  -4.9709415375074426e-03 | 1
  4, 36 |   1.6382814669754929e-03 |   1.6382814669754929e-03 | 1
  5,  1 |  -1.7670506751710224e-03 |  -1.7670506751710224e-03 | 1
  5,  2 |   1.5881865178602526e-03 |   1.5881865178602526e-03 | 1
  5,  3 |   1.8267986674878261e-02 |   1.8267986674878261e-02 | 1
  5,  4 |   3.4464695413728933e-03 |   3.4464695413728933e-03 | 1
  5,  5 |   1.5802003381925978e-01 |   1.5802003381925978e-01 | 1
  5,  6 |   0.0000000000000000e+00 |   0.0000000000000000e+00 | 1
  5,  7 |   0.0000000000000000e+00 |   0.0000000000000000e+00 | 1
  5,  8 |   9.5023485300649042e-03 |   9.5023485300649042e-03 | 1
  5,  9 |  -1.9520594204962695e-02 |  -1.9520594204962695e-02 | 1
  5, 10 |   0.0000000000000000e+00 |   0.0000000000000000e+00 | 1
  5, 11 |   0.0000000000000000e+00 |   0.0000000000000000e+00 | 1
  5, 12 |   2.5225504921176568e-02 |   2.5225504921176568e-02 | 1
  5, 13 |   0.0000000000000000e+00 |   0.0000000000000000e+00 | 1
  5, 14 |   0.0000000000000000e+00 |   0.0000000000000000e+00 | 1
  5, 15 |   0.0000000000000000e+00 |   0.0000000000000000e+00 | 1
  5, 16 |  -8.1541334384640819e-03 |  -8.1541334384640819e-03 | 1
  5, 17 |   7.6443231207274625e-03 |   7.6443231207274625e-03 | 1
  5, 18 |   0.0000000000000000e+00 |   0.0000000000000000e+00 | 1
  5, 19 |   0.0000000000000000e+00 |   0.0000000000000000e+00 | 1
  5, 20 |   0.0000000000000000e+00 |   0.0000000000000000e+00 | 1
  5, 21 |   0.0000000000000000e+00 |   0.0000000000000000e+00 | 1
  5, 22 |   0.0000000000000000e+00 |   0.0000000000000000e+00 | 1
  5, 23 |   0.0000000000000000e+00 |   0.0000000000000000e+00 | 1
  5, 24 |  -4.6011163563187078e-03 |  -4.6011163563187078e-03 | 1
  5, 25 |   0.0000000000000000e+00 |   0.0000000000000000e+00 | 1
  5, 26 |   0.0000000000000000e+00 |   0.0000000000000000e+00 | 1
  5, 27 |   0.0000000000000000e+00 |   0.0000000000000000e+00 | 1
  5, 28 |   0.0000000000000000e+00 |   0.0000000000000000e+00 | 1
  5, 29 |   0.0000000000000000e+00 |   0.0000000000000000e+00 | 1
  5, 30 |   0.0000000000000000e+00 |   0.0000000000000000e+00 | 1
  5, 31 |   0.0000000000000000e+00 |   0.0000000000000000e+00 | 1
  5, 32 |   0.0000000000000000e+00 |   0.0000000000000000e+00 | 1
  5, 33 |  -7.0635796373603468e-02 |  -7.0635796373603468e-02 | 1
  5, 34 |  -5.5823402302319818e-03 |  -5.5823402302319818e-03 | 1
  5, 35 |  -3.0213683027251600e-03 |  -3.0213683027251600e-03 | 1
  5, 36 |   4.8867614300878554e-04 |   4.8867614300878554e-04 | 1
  6,  1 |   0.0000000000000000e+00 |   0.0000000000000000e+00 | 1
  6,  2 |   0.0000000000000000e+00 |   0.0000000000000000e+00 | 1
  6,  3 |   0.0000000000000000e+00 |   0.0000000000000000e+00 | 1
  6,  4 |   0.0000000000000000e+00 |   0.0000000000000000e+00 | 1
  6,  5 |   0.0000000000000000e+00 |   0.0000000000000000e+00 | 1
  6,  6 |   0.0000000000000000e+00 |   0.0000000000000000e+00 | 1
  6,  7 |   0.0000000000000000e+00 |   0.0000000000000000e+00 | 1
  6,  8 |   0.0000000000000000e+00 |   0.0000000000000000e+00 | 1
  6,  9 |   0.0000000000000000e+00 |   0.0000000000000000e+00 | 1
  6, 10 |   0.0000000000000000e+00 |   0.0000000000000000e+00 | 1
  6, 11 |   0.0000000000000000e+00 |   0.0000000000000000e+00 | 1
  6, 12 |   0.0000000000000000e+00 |   0.0000000000000000e+00 | 1
  6, 13 |   0.0000000000000000e+00 |   0.0000000000000000e+00 | 1
  6, 14 |   0.0000000000000000e+00 |   0.0000000000000000e+00 | 1
  6, 15 |   0.0000000000000000e+00 |   0.0000000000000000e+00 | 1
  6, 16 |   0.0000000000000000e+00 |   0.0000000000000000e+00 | 1
  6, 17 |   0.0000000000000000e+00 |   0.0000000000000000e+00 | 1
  6, 18 |   0.0000000000000000e+00 |   0.0000000000000000e+00 | 1
  6, 19 |   0.0000000000000000e+00 |   0.0000000000000000e+00 | 1
  6, 20 |   0.0000000000000000e+00 |   0.0000000000000000e+00 | 1
  6, 21 |   0.0000000000000000e+00 |   0.0000000000000000e+00 | 1
  6, 22 |   0.0000000000000000e+00 |   0.0000000000000000e+00 | 1
  6, 23 |   0.0000000000000000e+00 |   0.0000000000000000e+00 | 1
  6, 24 |   0.0000000000000000e+00 |   0.0000000000000000e+00 | 1
  6, 25 |   0.0000000000000000e+00 |   0.0000000000000000e+00 | 1
  6, 26 |   0.0000000000000000e+00 |   0.0000000000000000e+00 | 1
  6, 27 |   0.0000000000000000e+00 |   0.0000000000000000e+00 | 1
  6, 28 |   0.0000000000000000e+00 |   0.0000000000000000e+00 | 1
  6, 29 |   0.0000000000000000e+00 |   0.0000000000000000e+00 | 1
  6, 30 |   0.0000000000000000e+00 |   0.0000000000000000e+00 | 1
  6, 31 |   0.0000000000000000e+00 |   0.0000000000000000e+00 | 1
  6, 32 |   0.0000000000000000e+00 |   0.0000000000000000e+00 | 1
  6, 33 |   0.0000000000000000e+00 |   0.0000000000000000e+00 | 1
  6, 34 |   0.0000000000000000e+00 |   0.0000000000000000e+00 | 1
  6, 35 |   0.0000000000000000e+00 |   0.0000000000000000e+00 | 1
  6, 36 |   0.0000000000000000e+00 |   0.0000000000000000e+00 | 1
  7,  1 |   0.0000000000000000e+00 |   0.0000000000000000e+00 | 1
  7,  2 |   0.0000000000000000e+00 |   0.0000000000000000e+00 | 1
  7,  3 |   0.0000000000000000e+00 |   0.0000000000000000e+00 | 1
  7,  4 |   0.0000000000000000e+00 |   0.0000000000000000e+00 | 1
  7,  5 |   0.0000000000000000e+00 |   0.0000000000000000e+00 | 1
  7,  6 |   0.0000000000000000e+00 |   0.0000000000000000e+00 | 1
  7,  7 |   0.0000000000000000e+00 |   0.0000000000000000e+00 | 1
  7,  8 |   0.0000000000000000e+00 |   0.0000000000000000e+00 | 1
  7,  9 |   0.0000000000000000e+00 |   0.0000000000000000e+00 | 1
  7, 10 |   0.0000000000000000e+00 |   0.0000000000000000e+00 | 1
  7, 11 |   0.0000000000000000e+00 |   0.0000000000000000e+00 | 1
  7, 12 |   0.0000000000000000e+00 |   0.0000000000000000e+00 | 1
  7, 13 |   0.0000000000000000e+00 |   0.0000000000000000e+00 | 1
  7, 14 |   0.0000000000000000e+00 |   0.0000000000000000e+00 | 1
  7, 15 |   0.0000000000000000e+00 |   0.0000000000000000e+00 | 1
  7, 16 |   0.0000000000000000e+00 |   0.0000000000000000e+00 | 1
  7, 17 |   0.0000000000000000e+00 |   0.0000000000000000e+00 | 1
  7, 18 |   0.0000000000000000e+00 |   0.0000000000000000e+00 | 1
  7, 19 |   0.0000000000000000e+00 |   0.0000000000000000e+00 | 1
  7, 20 |   0.0000000000000000e+00 |   0.0000000000000000e+00 | 1
  7, 21 |   0.0000000000000000e+00 |   0.0000000000000000e+00 | 1
  7, 22 |   0.0000000000000000e+00 |   0.0000000000000000e+00 | 1
  7, 23 |   0.0000000000000000e+00 |   0.0000000000000000e+00 | 1
  7, 24 |   0.0000000000000000e+00 |   0.0000000000000000e+00 | 1
  7, 25 |   0.0000000000000000e+00 |   0.0000000000000000e+00 | 1
  7, 26 |   0.0000000000000000e+00 |   0.0000000000000000e+00 | 1
  7, 27 |   0.0000000000000000e+00 |   0.0000000000000000e+00 | 1
  7, 28 |   0.0000000000000000e+00 |   0.0000000000000000e+00 | 1
  7, 29 |   0.0000000000000000e+00 |   0.0000000000000000e+00 | 1
  7, 30 |   0.0000000000000000e+00 |   0.0000000000000000e+00 | 1
  7, 31 |   0.0000000000000000e+00 |   0.0000000000000000e+00 | 1
  7, 32 |   0.0000000000000000e+00 |   0.0000000000000000e+00 | 1
  7, 33 |   0.0000000000000000e+00 |   0.0000000000000000e+00 | 1
  7, 34 |   0.0000000000000000e+00 |   0.0000000000000000e+00 | 1
  7, 35 |   0.0000000000000000e+00 |   0.0000000000000000e+00 | 1
  7, 36 |   0.0000000000000000e+00 |   0.0000000000000000e+00 | 1
  8,  1 |  -1.5079894134384275e-03 |  -1.5079894134384275e-03 | 1
  8,  2 |   8.5614857258885582e-03 |   8.5614857258885582e-03 | 1
  8,  3 |  -1.1126918802942934e-02 |  -1.1126918802942934e-02 | 1
  8,  4 |   3.9826296053550599e-02 |   3.9826296053550599e-02 | 1
  8,  5 |   9.5023485300649042e-03 |   9.5023485300649042e-03 | 1
  8,  6 |   0.0000000000000000e+00 |   0.0000000000000000e+00 | 1
  8,  7 |   0.0000000000000000e+00 |   0.0000000000000000e+00 | 1
  8,  8 |   2.4899445264667603e-02 |   2.4899445264667603e-02 | 1
  8,  9 |  -1.7022700409119268e-02 |  -1.7022700409119268e-02 | 1
  8, 10 |   0.0000000000000000e+00 |   0.0000000000000000e+00 | 1
  8, 11 |   0.0000000000000000e+00 |   0.0000000000000000e+00 | 1
  8, 12 |   2.8155299437596145e-02 |   2.8155299437596145e-02 | 1
  8, 13 |   0.0000000000000000e+00 |   0.0000000000000000e+00 | 1
  8, 14 |   0.0000000000000000e+00 |   0.0000000000000000e+00 | 1
  8, 15 |   0.0000000000000000e+00 |   0.0000000000000000e+00 | 1
  8, 16 |   1.2290093292809046e-02 |   1.2290093292809046e-02 | 1
  8, 17 |  -2.2146489602545148e-03 |  -2.2146489602545148e-03 | 1
  8, 18 |   0.0000000000000000e+00 |   0.0000000000000000e+00 | 1
  8, 19 |   0.0000000000000000e+00 |   0.0000000000000000e+00 | 1
  8, 20 |   0.0000000000000000e+00 |   0.0000000000000000e+00 | 1
  8, 21 |   0.0000000000000000e+00 |   0.0000000000000000e+00 | 1
  8, 22 |   0.0000000000000000e+00 |   0.0000000000000000e+00 | 1
  8, 23 |   0.0000000000000000e+00 |   0.0000000000000000e+00 | 1
  8, 24 |   9.8006970297490614e-03 |   9.8006970297490614e-03 | 1
  8, 25 |   0.0000000000000000e+00 |   0.0000000000000000e+00 | 1
  8, 26 |   0.0000000000000000e+00 |   0.0000000000000000e+00 | 1
  8, 27 |   0.0000000000000000e+00 |   0.0000000000000000e+00 | 1
  8, 28 |   0.0000000000000000e+00 |   0.0000000000000000e+00 | 1
  8, 29 |   0.0000000000000000e+00 |   0.0000000000000000e+00 | 1
  8, 30 |   0.0000000000000000e+00 |   0.0000000000000000e+00 | 1
  8, 31 |   0.0000000000000000e+00 |   0.0000000000000000e+00 | 1
  8, 32 |   0.0000000000000000e+00 |   0.0000000000000000e+00 | 1
  8, 33 |  -7.9627276426864346e-02 |  -7.9627276426864346e-02 | 1
  8, 34 |   7.5685741158481824e-03 |   7.5685741158481824e-03 | 1
  8, 35 |  -2.4239673645870333e-03 |  -2.4239673645870333e-03 | 1
  8, 36 |  -6.9026434111905548e-05 |  -6.9026434111905548e-05 | 1
  9,  1 |   7.7431925818090500e-03 |   7.7431925818090500e-03 | 1
  9,  2 |  -5.5434911939740835e-03 |  -5.5434911939740835e-03 | 1
  9,  3 |   2.9905192430727461e-02 |   2.9905192430727461e-02 | 1
  9,  4 |  -6.0063078317974847e-02 |  -6.0063078317974847e-02 | 1
  9,  5 |  -1.9520594204962695e-02 |  -1.9520594204962695e-02 | 1
  9,  6 |   0.0000000000000000e+00 |   0.0000000000000000e+00 | 1
  9,  7 |   0.0000000000000000e+00 |   0.0000000000000000e+00 | 1
  9,  8 |  -1.7022700409119268e-02 |  -1.7022700409119268e-02 | 1
  9,  9 |   1.3079849199365462e-01 |   1.3079849199365462e-01 | 1
  9, 10 |   0.0000000000000000e+00 |   0.0000000000000000e+00 | 1
  9, 11 |   0.0000000000000000e+00 |   0.0000000000000000e+00 | 1
  9, 12 |  -3.2636720622475641e-02 |  -3.2636720622475641e-02 | 1
  9, 13 |   0.0000000000000000e+00 |   0.0000000000000000e+00 | 1
  9, 14 |   0.0000000000000000e+00 |   0.0000000000000000e+00 | 1
  9, 15 |   0.0000000000000000e+00 |   0.0000000000000000e+00 | 1
  9, 16 |  -9.0199617797463542e-03 |  -9.0199617797463542e-03 | 1
  9, 17 |   1.5255998445675227e-02 |   1.5255998445675227e-02 | 1
  9, 18 |   0.0000000000000000e+00 |   0.0000000000000000e+00 | 1
  9, 19 |   0.0000000000000000e+00 |   0.0000000000000000e+00 | 1
  9, 20 |   0.0000000000000000e+00 |   0.0000000000000000e+00 | 1
  9, 21 |   0.0000000000000000e+00 |   0.0000000000000000e+00 | 1
  9, 22 |   0.0000000000000000e+00 |   0.0000000000000000e+00 | 1
  9, 23 |   0.0000000000000000e+00 |   0.0000000000000000e+00 | 1
  9, 24 |  -1.1459330402594434e-02 |  -1.1459330402594434e-02 | 1
  9, 25 |   0.0000000000000000e+00 |   0.0000000000000000e+00 | 1
  9, 26 |   0.0000000000000000e+00 |   0.0000000000000000e+00 | 1
  9, 27 |   0.0000000000000000e+00 |   0.0000000000000000e+00 | 1
  9, 28 |   0.0000000000000000e+00 |   0.0000000000000000e+00 | 1
  9, 29 |   0.0000000000000000e+00 |   0.0000000000000000e+00 | 1
  9, 30 |   0.0000000000000000e+00 |   0.0000000000000000e+00 | 1
  9, 31 |   0.0000000000000000e+00 |   0.0000000000000000e+00 | 1
  9, 32 |   0.0000000000000000e+00 |   0.0000000000000000e+00 | 1
  9, 33 |   4.1053440203142666e-02 |   4.1053440203142666e-02 | 1
  9, 34 |  -6.9750132276629748e-03 |  -6.9750132276629748e-03 | 1
  9, 35 |   7.6591200858571722e-03 |   7.6591200858571722e-03 | 1
  9, 36 |  -3.4109128210027223e-03 |  -3.4109128210027223e-03 | 1
 10,  1 |   0.0000000000000000e+00 |   0.0000000000000000e+00 | 1
 10,  2 |   0.0000000000000000e+00 |   0.0000000000000000e+00 | 1
 10,  3 |   0.0000000000000000e+00 |   0.0000000000000000e+00 | 1
 10,  4 |   0.0000000000000000e+00 |   0.0000000000000000e+00 | 1
 10,  5 |   0.0000000000000000e+00 |   0.0000000000000000e+00 | 1
 10,  6 |   0.0000000000000000e+00 |   0.0000000000000000e+00 | 1
 10,  7 |   0.0000000000000000e+00 |   0.0000000000000000e+00 | 1
 10,  8 |   0.0000000000000000e+00 |   0.0000000000000000e+00 | 1
 10,  9 |   0.0000000000000000e+00 |   0.0000000000000000e+00 | 1
 10, 10 |   0.0000000000000000e+00 |   0.0000000000000000e+00 | 1
 10, 11 |   0.0000000000000000e+00 |   0.0000000000000000e+00 | 1
 10, 12 |   0.0000000000000000e+00 |   0.0000000000000000e+00 | 1
 10, 13 |   0.0000000000000000e+00 |   0.0000000000000000e+00 | 1
 10, 14 |   0.0000000000000000e+00 |   0.0000000000000000e+00 | 1
 10, 15 |   0.0000000000000000e+00 |   0.0000000000000000e+00 | 1
 10, 16 |   0.0000000000000000e+00 |   0.0000000000000000e+00 | 1
 10, 17 |   0.0000000000000000e+00 |   0.0000000000000000e+00 | 1
 10, 18 |   0.0000000000000000e+00 |   0.0000000000000000e+00 | 1
 10, 19 |   0.0000000000000000e+00 |   0.0000000000000000e+00 | 1
 10, 20 |   0.0000000000000000e+00 |   0.0000000000000000e+00 | 1
 10, 21 |   0.0000000000000000e+00 |   0.0000000000000000e+00 | 1
 10, 22 |   0.0000000000000000e+00 |   0.0000000000000000e+00 | 1
 10, 23 |   0.0000000000000000e+00 |   0.0000000000000000e+00 | 1
 10, 24 |   0.0000000000000000e+00 |   0.0000000000000000e+00 | 1
 10, 25 |   0.0000000000000000e+00 |   0.0000000000000000e+00 | 1
 10, 26 |   0.0000000000000000e+00 |   0.0000000000000000e+00 | 1
 10, 27 |   0.0000000000000000e+00 |   0.0000000000000000e+00 | 1
 10, 28 |   0.0000000000000000e+00 |   0.0000000000000000e+00 | 1
 10, 29 |   0.0000000000000000e+00 |   0.0000000000000000e+00 | 1
 10, 30 |   0.0000000000000000e+00 |   0.0000000000000000e+00 | 1
 10, 31 |   0.0000000000000000e+00 |   0.0000000000000000e+00 | 1
 10, 32 |   0.0000000000000000e+00 |   0.0000000000000000e+00 | 1
 10, 33 |   0.0000000000000000e+00 |   0.0000000000000000e+00 | 1
 10, 34 |   0.0000000000000000e+00 |   0.0000000000000000e+00 | 1
 10, 35 |   0.0000000000000000e+00 |   0.0000000000000000e+00 | 1
 10, 36 |   0.0000000000000000e+00 |   0.0000000000000000e+00 | 1
 11,  1 |   0.0000000000000000e+00 |   0.0000000000000000e+00 | 1
 11,  2 |   0.0000000000000000e+00 |   0.0000000000000000e+00 | 1
 11,  3 |   0.0000000000000000e+00 |   0.0000000000000000e+00 | 1
 11,  4 |   0.0000000000000000e+00 |   0.0000000000000000e+00 | 1
 11,  5 |   0.0000000000000000e+00 |   0.0000000000000000e+00 | 1
 11,  6 |   0.0000000000000000e+00 |   0.0000000000000000e+00 | 1
 11,  7 |   0.0000000000000000e+00 |   0.0000000000000000e+00 | 1
 11,  8 |   0.0000000000000000e+00 |   0.0000000000000000e+00 | 1
 11,  9 |   0.0000000000000000e+00 |   0.0000000000000000e+00 | 1
 11, 10 |   0.0000000000000000e+00 |   0.0000000000000000e+00 | 1
 11, 11 |   0.0000000000000000e+00 |   0.0000000000000000e+00 | 1
 11, 12 |   0.0000000000000000e+00 |   0.0000000000000000e+00 | 1
 11, 13 |   0.0000000000000000e+00 |   0.0000000000000000e+00 | 1
 11, 14 |   0.0000000000000000e+00 |   0.0000000000000000e+00 | 1
 11, 15 |   0.0000000000000000e+00 |   0.0000000000000000e+00 | 1
 11, 16 |   0.0000000000000000e+00 |   0.0000000000000000e+00 | 1
 11, 17 |   0.0000000000000000e+00 |   0.0000000000000000e+00 | 1
 11, 18 |   0.0000000000000000e+00 |   0.0000000000000000e+00 | 1
 11, 19 |   0.0000000000000000e+00 |   0.0000000000000000e+00 | 1
 11, 20 |   0.0000000000000000e+00 |   0.0000000000000000e+00 | 1
 11, 21 |   0.0000000000000000e+00 |   0.0000000000000000e+00 | 1
 11, 22 |   0.0000000000000000e+00 |   0.0000000000000000e+00 | 1
 11, 23 |   0.0000000000000000e+00 |   0.0000000000000000e+00 | 1
 11, 24 |   0.0000000000000000e+00 |   0.0000000000000000e+00 | 1
 11, 25 |   0.0000000000000000e+00 |   0.0000000000000000e+00 | 1
 11, 26 |   0.0000000000000000e+00 |   0.0000000000000000e+00 | 1
 11, 27 |   0.0000000000000000e+00 |   0.0000000000000000e+00 | 1
 11, 28 |   0.0000000000000000e+00 |   0.0000000000000000e+00 | 1
 11, 29 |   0.0000000000000000e+00 |   0.0000000000000000e+00 | 1
 11, 30 |   0.0000000000000000e+00 |   0.0000000000000000e+00 | 1
 11, 31 |   0.0000000000000000e+00 |   0.0000000000000000e+00 | 1
 11, 32 |   0.0000000000000000e+00 |   0.0000000000000000e+00 | 1
 11, 33 |   0.0000000000000000e+00 |   0.0000000000000000e+00 | 1
 11, 34 |   0.0000000000000000e+00 |   0.0000000000000000e+00 | 1
 11, 35 |   0.0000000000000000e+00 |   0.0000000000000000e+00 | 1
 11, 36 |   0.0000000000000000e+00 |   0.0000000000000000e+00 | 1
 12,  1 |  -1.4855605165609918e-03 |  -1.4855605165609918e-03 | 1
 12,  2 |   1.2410679755764660e-02 |   1.2410679755764660e-02 | 1
 12,  3 |   1.7158061697681252e-03 |   1.7158061697681252e-03 | 1
 12,  4 |   5.8221551672928508e-02 |   5.8221551672928508e-02 | 1
 12,  5 |   2.5225504921176568e-02 |   2.5225504921176568e-02 | 1
 12,  6 |   0.0000000000000000e+00 |   0.0000000000000000e+00 | 1
 12,  7 |   0.0000000000000000e+00 |   0.0000000000000000e+00 | 1
 12,  8 |   2.8155299437596145e-02 |   2.8155299437596145e-02 | 1
 12,  9 |  -3.2636720622475641e-02 |  -3.2636720622475641e-02 | 1
 12, 10 |   0.0000000000000000e+00 |   0.0000000000000000e+00 | 1
 12, 11 |   0.0000000000000000e+00 |   0.0000000000000000e+00 | 1
 12, 12 |   6.0045071566688681e-02 |   6.0045071566688681e-02 | 1
 12, 13 |   0.0000000000000000e+00 |   0.0000000000000000e+00 | 1
 12, 14 |   0.0000000000000000e+00 |   0.0000000000000000e+00 | 1
 12, 15 |   0.0000000000000000e+00 |   0.0000000000000000e+00 | 1
 12, 16 |   1.6206388580544344e-02 |   1.6206388580544344e-02 | 1
 12, 17 |  -1.5326711558485040e-03 |  -1.5326711558485040e-03 | 1
 12, 18 |   0.0000000000000000e+00 |   0.0000000000000000e+00 | 1
 12, 19 |   0.0000000000000000e+00 |   0.0000000000000000e+00 | 1
 12, 20 |   0.0000000000000000e+00 |   0.0000000000000000e+00 | 1
 12, 21 |   0.0000000000000000e+00 |   0.0000000000000000e+00 | 1
 12, 22 |   0.0000000000000000e+00 |   0.0000000000000000e+00 | 1
 12, 23 |   0.0000000000000000e+00 |   0.0000000000000000e+00 | 1
 12, 24 |   1.1701202016141370e-02 |   1.1701202016141370e-02 | 1
 12, 25 |   0.0000000000000000e+00 |   0.0000000000000000e+00 | 1
 12, 26 |   0.0000000000000000e+00 |   0.0000000000000000e+00 | 1
 12, 27 |   0.0000000000000000e+00 |   0.0000000000000000e+00 | 1
 12, 28 |   0.0000000000000000e+00 |   0.0000000000000000e+00 | 1
 12, 29 |   0.0000000000000000e+00 |   0.0000000000000000e+00 | 1
 12, 30 |   0.0000000000000000e+00 |   0.0000000000000000e+00 | 1
 12, 31 |   0.0000000000000000e+00 |   0.0000000000000000e+00 | 1
 12, 32 |   0.0000000000000000e+00 |   0.0000000000000000e+00 | 1
 12, 33 |  -1.1803583397735602e-01 |  -1.1803583397735602e-01 | 1
 12, 34 |   1.0317080957408449e-02 |   1.0317080957408449e-02 | 1
 12, 35 |  -3.6780838245328252e-03 |  -3.6780838245328252e-03 | 1
 12, 36 |  -3.4293295528150933e-04 |  -3.4293295528150933e-04 | 1
 13,  1 |   0.0000000000000000e+00 |   0.0000000000000000e+00 | 1
 13,  2 |   0.0000000000000000e+00 |   0.0000000000000000e+00 | 1
 13,  3 |   0.0000000000000000e+00 |   0.0000000000000000e+00 | 1
 13,  4 |   0.0000000000000000e+00 |   0.0000000000000000e+00 | 1
 13,  5 |   0.0000000000000000e+00 |   0.0000000000000000e+00 | 1
 13,  6 |   0.0000000000000000e+00 |   0.0000000000000000e+00 | 1
 13,  7 |   0.0000000000000000e+00 |   0.0000000000000000e+00 | 1
 13,  8 |   0.0000000000000000e+00 |   0.0000000000000000e+00 | 1
 13,  9 |   0.0000000000000000e+00 |   0.0000000000000000e+00 | 1
 13, 10 |   0.0000000000000000e+00 |   0.0000000000000000e+00 | 1
 13, 11 |   0.0000000000000000e+00 |   0.0000000000000000e+00 | 1
 13, 12 |   0.0000000000000000e+00 |   0.0000000000000000e+00 | 1
 13, 13 |   0.0000000000000000e+00 |   0.0000000000000000e+00 | 1
 13, 14 |   0.0000000000000000e+00 |   0.0000000000000000e+00 | 1
 13, 15 |   0.0000000000000000e+00 |   0.0000000000000000e+00 | 1
 13, 16 |   0.0000000000000000e+00 |   0.0000000000000000e+00 | 1
 13, 17 |   0.0000000000000000e+00 |   0.0000000000000000e+00 | 1
 13, 18 |   0.0000000000000000e+00 |   0.0000000000000000e+00 | 1
 13, 19 |   0.0000000000000000e+00 |   0.0000000000000000e+00 | 1
 13, 20 |   0.0000000000000000e+00 |   0.0000000000000000e+00 | 1
 13, 21 |   0.0000000000000000e+00 |   0.0000000000000000e+00 | 1
 13, 22 |   0.0000000000000000e+00 |   0.0000000000000000e+00 | 1
 13, 23 |   0.0000000000000000e+00 |   0.0000000000000000e+00 | 1
 13, 24 |   0.0000000000000000e+00 |   0.0000000000000000e+00 | 1
 13, 25 |   0.0000000000000000e+00 |   0.0000000000000000e+00 | 1
 13, 26 |   0.0000000000000000e+00 |   0.0000000000000000e+00 | 1
 13, 27 |   0.0000000000000000e+00 |   0.0000000000000000e+00 | 1
 13, 28 |   0.0000000000000000e+00 |   0.0000000000000000e+00 | 1
 13, 29 |   0.0000000000000000e+00 |   0.0000000000000000e+00 | 1
 13, 30 |   0.0000000000000000e+00 |   0.0000000000000000e+00 | 1
 13, 31 |   0.0000000000000000e+00 |   0.0000000000000000e+00 | 1
 13, 32 |   0.0000000000000000e+00 |   0.0000000000000000e+00 | 1
 13, 33 |   0.0000000000000000e+00 |   0.0000000000000000e+00 | 1
 13, 34 |   0.0000000000000000e+00 |   0.0000000000000000e+00 | 1
 13, 35 |   0.0000000000000000e+00 |   0.0000000000000000e+00 | 1
 13, 36 |   0.0000000000000000e+00 |   0.0000000000000000e+00 | 1
 14,  1 |   0.0000000000000000e+00 |   0.0000000000000000e+00 | 1
 14,  2 |   0.0000000000000000e+00 |   0.0000000000000000e+00 | 1
 14,  3 |   0.0000000000000000e+00 |   0.0000000000000000e+00 | 1
 14,  4 |   0.0000000000000000e+00 |   0.0000000000000000e+00 | 1
 14,  5 |   0.0000000000000000e+00 |   0.0000000000000000e+00 | 1
 14,  6 |   0.0000000000000000e+00 |   0.0000000000000000e+00 | 1
 14,  7 |   0.0000000000000000e+00 |   0.0000000000000000e+00 | 1
 14,  8 |   0.0000000000000000e+00 |   0.0000000000000000e+00 | 1
 14,  9 |   0.0000000000000000e+00 |   0.0000000000000000e+00 | 1
 14, 10 |   0.0000000000000000e+00 |   0.0000000000000000e+00 | 1
 14, 11 |   0.0000000000000000e+00 |   0.0000000000000000e+00 | 1
 14, 12 |   0.0000000000000000e+00 |   0.0000000000000000e+00 | 1
 14, 13 |   0.0000000000000000e+00 |   0.0000000000000000e+00 | 1
 14, 14 |   0.0000000000000000e+00 |   0.0000000000000000e+00 | 1
 14, 15 |   0.0000000000000000e+00 |   0.0000000000000000e+00 | 1
 14, 16 |   0.0000000000000000e+00 |   0.0000000000000000e+00 | 1
 14, 17 |   0.0000000000000000e+00 |   0.0000000000000000e+00 | 1
 14, 18 |   0.0000000000000000e+00 |   0.0000000000000000e+00 | 1
 14, 19 |   0.0000000000000000e+00 |   0.0000000000000000e+00 | 1
 14, 20 |   0.0000000000000000e+00 |   0.0000000000000000e+00 | 1
 14, 21 |   0.0000000000000000e+00 |   0.0000000000000000e+00 | 1
 14, 22 |   0.0000000000000000e+00 |   0.0000000000000000e+00 | 1
 14, 23 |   0.0000000000000000e+00 |   0.0000000000000000e+00 | 1
 14, 24 |   0.0000000000000000e+00 |   0.0000000000000000e+00 | 1
 14, 25 |   0.0000000000000000e+00 |   0.0000000000000000e+00 | 1
 14, 26 |   0.0000000000000000e+00 |   0.0000000000000000e+00 | 1
 14, 27 |   0.0000000000000000e+00 |   0.0000000000000000e+00 | 1
 14, 28 |   0.0000000000000000e+00 |   0.0000000000000000e+00 | 1
 14, 29 |   0.0000000000000000e+00 |   0.0000000000000000e+00 | 1
 14, 30 |   0.0000000000000000e+00 |   0.0000000000000000e+00 | 1
 14, 31 |   0.0000000000000000e+00 |   0.0000000000000000e+00 | 1
 14, 32 |   0.0000000000000000e+00 |   0.0000000000000000e+00 | 1
 14, 33 |   0.0000000000000000e+00 |   0.0000000000000000e+00 | 1
 14, 34 |   0.0000000000000000e+00 |   0.0000000000000000e+00 | 1
 14, 35 |   0.0000000000000000e+00 |   0.0000000000000000e+00 | 1
 14, 36 |   0.0000000000000000e+00 |   0.0000000000000000e+00 | 1
 15,  1 |   0.0000000000000000e+00 |   0.0000000000000000e+00 | 1
 15,  2 |   0.0000000000000000e+00 |   0.0000000000000000e+00 | 1
 15,  3 |   0.0000000000000000e+00 |   0.0000000000000000e+00 | 1
 15,  4 |   0.0000000000000000e+00 |   0.0000000000000000e+00 | 1
 15,  5 |   0.0000000000000000e+00 |   0.0000000000000000e+00 | 1
 15,  6 |   0.0000000000000000e+00 |   0.0000000000000000e+00 | 1
 15,  7 |   0.0000000000000000e+00 |   0.0000000000000000e+00 | 1
 15,  8 |   0.0000000000000000e+00 |   0.0000000000000000e+00 | 1
 15,  9 |   0.0000000000000000e+00 |   0.0000000000000000e+00 | 1
 15, 10 |   0.0000000000000000e+00 |   0.0000000000000000e+00 | 1
 15, 11 |   0.0000000000000000e+00 |   0.0000000000000000e+00 | 1
 15, 12 |   0.0000000000000000e+00 |   0.0000000000000000e+00 | 1
 15, 13 |   0.0000000000000000e+00 |   0.0000000000000000e+00 | 1
 15, 14 |   0.0000000000000000e+00 |   0.0000000000000000e+00 | 1
 15, 15 |   0.0000000000000000e+00 |   0.0000000000000000e+00 | 1
 15, 16 |   0.0000000000000000e+00 |   0.0000000000000000e+00 | 1
 15, 17 |   0.0000000000000000e+00 |   0.0000000000000000e+00 | 1
 15, 18 |   0.0000000000000000e+00 |   0.0000000000000000e+00 | 1
 15, 19 |   0.0000000000000000e+00 |   0.0000000000000000e+00 | 1
 15, 20 |   0.0000000000000000e+00 |   0.0000000000000000e+00 | 1
 15, 21 |   0.0000000000000000e+00 |   0.0000000000000000e+00 | 1
 15, 22 |   0.0000000000000000e+00 |   0.0000000000000000e+00 | 1
 15, 23 |   0.0000000000000000e+00 |   0.0000000000000000e+00 | 1
 15, 24 |   0.0000000000000000e+00 |   0.0000000000000000e+00 | 1
 15, 25 |   0.0000000000000000e+00 |   0.0000000000000000e+00 | 1
 15, 26 |   0.0000000000000000e+00 |   0.0000000000000000e+00 | 1
 15, 27 |   0.0000000000000000e+00 |   0.0000000000000000e+00 | 1
 15, 28 |   0.0000000000000000e+00 |   0.0000000000000000e+00 | 1
 15, 29 |   0.0000000000000000e+00 |   0.0000000000000000e+00 | 1
 15, 30 |   0.0000000000000000e+00 |   0.0000000000000000e+00 | 1
 15, 31 |   0.0000000000000000e+00 |   0.0000000000000000e+00 | 1
 15, 32 |   0.0000000000000000e+00 |   0.0000000000000000e+00 | 1
 15, 33 |   0.0000000000000000e+00 |   0.0000000000000000e+00 | 1
 15, 34 |   0.0000000000000000e+00 |   0.0000000000000000e+00 | 1
 15, 35 |   0.0000000000000000e+00 |   0.0000000000000000e+00 | 1
 15, 36 |   0.0000000000000000e+00 |   0.0000000000000000e+00 | 1
 16,  1 |  -1.5142119798550139e-04 |  -1.5142119798550139e-04 | 1
 16,  2 |   5.4082206555489329e-03 |   5.4082206555489329e-03 | 1
 16,  3 |  -8.2319839430928660e-03 |  -8.2319839430928660e-03 | 1
 16,  4 |   3.1669432699465427e-02 |   3.1669432699465427e-02 | 1
 16,  5 |  -8.1541334384640819e-03 |  -8.1541334384640819e-03 | 1
 16,  6 |   0.0000000000000000e+00 |   0.0000000000000000e+00 | 1
 16,  7 |   0.0000000000000000e+00 |   0.0000000000000000e+00 | 1
 16,  8 |   1.2290093292809046e-02 |   1.2290093292809046e-02 | 1
 16,  9 |  -9.0199617797463542e-03 |  -9.0199617797463542e-03 | 1
 16, 10 |   0.0000000000000000e+00 |   0.0000000000000000e+00 | 1
 16, 11 |   0.0000000000000000e+00 |   0.0000000000000000e+00 | 1
 16, 12 |   1.6206388580544344e-02 |   1.6206388580544344e-02 | 1
 16, 13 |   0.0000000000000000e+00 |   0.0000000000000000e+00 | 1
 16, 14 |   0.0000000000000000e+00 |   0.0000000000000000e+00 | 1
 16, 15 |   0.0000000000000000e+00 |   0.0000000000000000e+00 | 1
 16, 16 |   9.9907496506218448e-03 |   9.9907496506218448e-03 | 1
 16, 17 |  -3.7967354585245689e-03 |  -3.7967354585245689e-03 | 1
 16, 18 |   0.0000000000000000e+00 |   0.0000000000000000e+00 | 1
 16, 19 |   0.0000000000000000e+00 |   0.0000000000000000e+00 | 1
 16, 20 |   0.0000000000000000e+00 |   0.0000000000000000e+00 | 1
 16, 21 |   0.0000000000000000e+00 |   0.0000000000000000e+00 | 1
 16, 22 |   0.0000000000000000e+00 |   0.0000000000000000e+00 | 1
 16, 23 |   0.0000000000000000e+00 |   0.0000000000000000e+00 | 1
 16, 24 |   7.3041242177985504e-03 |   7.3041242177985504e-03 | 1
 16, 25 |   0.0000000000000000e+00 |   0.0000000000000000e+00 | 1
 16, 26 |   0.0000000000000000e+00 |   0.0000000000000000e+00 | 1
 16, 27 |   0.0000000000000000e+00 |   0.0000000000000000e+00 | 1
 16, 28 |   0.0000000000000000e+00 |   0.0000000000000000e+00 | 1
 16, 29 |   0.0000000000000000e+00 |   0.0000000000000000e+00 | 1
 16, 30 |   0.0000000000000000e+00 |   0.0000000000000000e+00 | 1
 16, 31 |   0.0000000000000000e+00 |   0.0000000000000000e+00 | 1
 16, 32 |   0.0000000000000000e+00 |   0.0000000000000000e+00 | 1
 16, 33 |  -3.5531251921044511e-02 |  -3.5531251921044511e-02 | 1
 16, 34 |   5.6602285685261218e-03 |   5.6602285685261218e-03 | 1
 16, 35 |  -9.8582285578405616e-04 |  -9.8582285578405616e-04 | 1
 16, 36 |  -3.4927379146360374e-04 |  -3.4927379146360374e-04 | 1
 17,  1 |   2.1334821762209084e-03 |   2.1334821762209084e-03 | 1
 17,  2 |  -1.2637871132847676e-03 |  -1.2637871132847676e-03 | 1
 17,  3 |   2.0353499782486410e-02 |   2.0353499782486410e-02 | 1
 17,  4 |  -2.3912367850174487e-02 |  -2.3912367850174487e-02 | 1
 17,  5 |   7.6443231207274625e-03 |   7.6443231207274625e-03 | 1
 17,  6 |   0.0000000000000000e+00 |   0.0000000000000000e+00 | 1
 17,  7 |   0.0000000000000000e+00 |   0.0000000000000000e+00 | 1
 17,  8 |  -2.2146489602545148e-03 |  -2.2146489602545148e-03 | 1
 17,  9 |   1.5255998445675227e-02 |   1.5255998445675227e-02 | 1
 17, 10 |   0.0000000000000000e+00 |   0.0000000000000000e+00 | 1
 17, 11 |   0.0000000000000000e+00 |   0.0000000000000000e+00 | 1
 17, 12 |  -1.5326711558485040e-03 |  -1.5326711558485040e-03 | 1
 17, 13 |   0.0000000000000000e+00 |   0.0000000000000000e+00 | 1
 17, 14 |   0.0000000000000000e+00 |   0.0000000000000000e+00 | 1
 17, 15 |   0.0000000000000000e+00 |   0.0000000000000000e+00 | 1
 17, 16 |  -3.7967354585245689e-03 |  -3.7967354585245689e-03 | 1
 17, 17 |   2.4000911339095942e-02 |   2.4000911339095942e-02 | 1
 17, 18 |   0.0000000000000000e+00 |   0.0000000000000000e+00 | 1
 17, 19 |   0.0000000000000000e+00 |   0.0000000000000000e+00 | 1
 17, 20 |   0.0000000000000000e+00 |   0.0000000000000000e+00 | 1
 17, 21 |   0.0000000000000000e+00 |   0.0000000000000000e+00 | 1
 17, 22 |   0.0000000000000000e+00 |   0.0000000000000000e+00 | 1
 17, 23 |   0.0000000000000000e+00 |   0.0000000000000000e+00 | 1
 17, 24 |  -4.6480195874534806e-03 |  -4.6480195874534806e-03 | 1
 17, 25 |   0.0000000000000000e+00 |   0.0000000000000000e+00 | 1
 17, 26 |   0.0000000000000000e+00 |   0.0000000000000000e+00 | 1
 17, 27 |   0.0000000000000000e+00 |   0.0000000000000000e+00 | 1
 17, 28 |   0.0000000000000000e+00 |   0.0000000000000000e+00 | 1
 17, 29 |   0.0000000000000000e+00 |   0.0000000000000000e+00 | 1
 17, 30 |   0.0000000000000000e+00 |   0.0000000000000000e+00 | 1
 17, 31 |   0.0000000000000000e+00 |   0.0000000000000000e+00 | 1
 17, 32 |   0.0000000000000000e+00 |   0.0000000000000000e+00 | 1
 17, 33 |  -1.2475050964573471e-02 |  -1.2475050964573471e-02 | 1
 17, 34 |  -2.0005022097836609e-03 |  -2.0005022097836609e-03 | 1
 17, 35 |   5.2461018886991451e-04 |   5.2461018886991451e-04 | 1
 17, 36 |  -1.1519155295010388e-03 |  -1.1519155295010388e-03 | 1
 18,  1 |   0.0000000000000000e+00 |   0.0000000000000000e+00 | 1
 18,  2 |   0.0000000000000000e+00 |   0.0000000000000000e+00 | 1
 18,  3 |   0.0000000000000000e+00 |   0.0000000000000000e+00 | 1
 18,  4 |   0.0000000000000000e+00 |   0.0000000000000000e+00 | 1
 18,  5 |   0.0000000000000000e+00 |   0.0000000000000000e+00 | 1
 18,  6 |   0.0000000000000000e+00 |   0.0000000000000000e+00 | 1
 18,  7 |   0.0000000000000000e+00 |   0.0000000000000000e+00 | 1
 18,  8 |   0.0000000000000000e+00 |   0.0000000000000000e+00 | 1
 18,  9 |   0.0000000000000000e+00 |   0.0000000000000000e+00 | 1
 18, 10 |   0.0000000000000000e+00 |   0.0000000000000000e+00 | 1
 18, 11 |   0.0000000000000000e+00 |   0.0000000000000000e+00 | 1
 18, 12 |   0.0000000000000000e+00 |   0.0000000000000000e+00 | 1
 18, 13 |   0.0000000000000000e+00 |   0.0000000000000000e+00 | 1
 18, 14 |   0.0000000000000000e+00 |   0.0000000000000000e+00 | 1
 18, 15 |   0.0000000000000000e+00 |   0.0000000000000000e+00 | 1
 18, 16 |   0.0000000000000000e+00 |   0.0000000000000000e+00 | 1
 18, 17 |   0.0000000000000000e+00 |   0.0000000000000000e+00 | 1
 18, 18 |   0.0000000000000000e+00 |   0.0000000000000000e+00 | 1
 18, 19 |   0.0000000000000000e+00 |   0.0000000000000000e+00 | 1
 18, 20 |   0.0000000000000000e+00 |   0.0000000000000000e+00 | 1
 18, 21 |   0.0000000000000000e+00 |   0.0000000000000000e+00 | 1
 18, 22 |   0.0000000000000000e+00 |   0.0000000000000000e+00 | 1
 18, 23 |   0.0000000000000000e+00 |   0.0000000000000000e+00 | 1
 18, 24 |   0.0000000000000000e+00 |   0.0000000000000000e+00 | 1
 18, 25 |   0.0000000000000000e+00 |   0.0000000000000000e+00 | 1
 18, 26 |   0.0000000000000000e+00 |   0.0000000000000000e+00 | 1
 18, 27 |   0.0000000000000000e+00 |   0.0000000000000000e+00 | 1
 18, 28 |   0.0000000000000000e+00 |   0.0000000000000000e+00 | 1
 18, 29 |   0.0000000000000000e+00 |   0.0000000000000000e+00 | 1
 18, 30 |   0.0000000000000000e+00 |   0.0000000000000000e+00 | 1
 18, 31 |   0.0000000000000000e+00 |   0.0000000000000000e+00 | 1
 18, 32 |   0.0000000000000000e+00 |   0.0000000000000000e+00 | 1
 18, 33 |   0.0000000000000000e+00 |   0.0000000000000000e+00 | 1
 18, 34 |   0.0000000000000000e+00 |   0.0000000000000000e+00 | 1
 18, 35 |   0.0000000000000000e+00 |   0.0000000000000000e+00 | 1
 18, 36 |   0.0000000000000000e+00 |   0.0000000000000000e+00 | 1
 19,  1 |   0.0000000000000000e+00 |   0.0000000000000000e+00 | 1
 19,  2 |   0.0000000000000000e+00 |   0.0000000000000000e+00 | 1
 19,  3 |   0.0000000000000000e+00 |   0.0000000000000000e+00 | 1
 19,  4 |   0.0000000000000000e+00 |   0.0000000000000000e+00 | 1
 19,  5 |   0.0000000000000000e+00 |   0.0000000000000000e+00 | 1
 19,  6 |   0.0000000000000000e+00 |   0.0000000000000000e+00 | 1
 19,  7 |   0.0000000000000000e+00 |   0.0000000000000000e+00 | 1
 19,  8 |   0.0000000000000000e+00 |   0.0000000000000000e+00 | 1
 19,  9 |   0.0000000000000000e+00 |   0.0000000000000000e+00 | 1
 19, 10 |   0.0000000000000000e+00 |   0.0000000000000000e+00 | 1
 19, 11 |   0.0000000000000000e+00 |   0.0000000000000000e+00 | 1
 19, 12 |   0.0000000000000000e+00 |   0.0000000000000000e+00 | 1
 19, 13 |   0.0000000000000000e+00 |   0.0000000000000000e+00 | 1
 19, 14 |   0.0000000000000000e+00 |   0.0000000000000000e+00 | 1
 19, 15 |   0.0000000000000000e+00 |   0.0000000000000000e+00 | 1
 19, 16 |   0.0000000000000000e+00 |   0.0000000000000000e+00 | 1
 19, 17 |   0.0000000000000000e+00 |   0.0000000000000000e+00 | 1
 19, 18 |   0.0000000000000000e+00 |   0.0000000000000000e+00 | 1
 19, 19 |   0.0000000000000000e+00 |   0.0000000000000000e+00 | 1
 19, 20 |   0.0000000000000000e+00 |   0.0000000000000000e+00 | 1
 19, 21 |   0.0000000000000000e+00 |   0.0000000000000000e+00 | 1
 19, 22 |   0.0000000000000000e+00 |   0.0000000000000000e+00 | 1
 19, 23 |   0.0000000000000000e+00 |   0.0000000000000000e+00 | 1
 19, 24 |   0.0000000000000000e+00 |   0.0000000000000000e+00 | 1
 19, 25 |   0.0000000000000000e+00 |   0.0000000000000000e+00 | 1
 19, 26 |   0.0000000000000000e+00 |   0.0000000000000000e+00 | 1
 19, 27 |   0.0000000000000000e+00 |   0.0000000000000000e+00 | 1
 19, 28 |   0.0000000000000000e+00 |   0.0000000000000000e+00 | 1
 19, 29 |   0.0000000000000000e+00 |   0.0000000000000000e+00 | 1
 19, 30 |   0.0000000000000000e+00 |   0.0000000000000000e+00 | 1
 19, 31 |   0.0000000000000000e+00 |   0.0000000000000000e+00 | 1
 19, 32 |   0.0000000000000000e+00 |   0.0000000000000000e+00 | 1
 19, 33 |   0.0000000000000000e+00 |   0.0000000000000000e+00 | 1
 19, 34 |   0.0000000000000000e+00 |   0.0000000000000000e+00 | 1
 19, 35 |   0.0000000000000000e+00 |   0.0000000000000000e+00 | 1
 19, 36 |   0.0000000000000000e+00 |   0.0000000000000000e+00 | 1
 20,  1 |   0.0000000000000000e+00 |   0.0000000000000000e+00 | 1
 20,  2 |   0.0000000000000000e+00 |   0.0000000000000000e+00 | 1
 20,  3 |   0.0000000000000000e+00 |   0.0000000000000000e+00 | 1
 20,  4 |   0.0000000000000000e+00 |   0.0000000000000000e+00 | 1
 20,  5 |   0.0000000000000000e+00 |   0.0000000000000000e+00 | 1
 20,  6 |   0.0000000000000000e+00 |   0.0000000000000000e+00 | 1
 20,  7 |   0.0000000000000000e+00 |   0.0000000000000000e+00 | 1
 20,  8 |   0.0000000000000000e+00 |   0.0000000000000000e+00 | 1
 20,  9 |   0.0000000000000000e+00 |   0.0000000000000000e+00 | 1
 20, 10 |   0.0000000000000000e+00 |   0.0000000000000000e+00 | 1
 20, 11 |   0.0000000000000000e+00 |   0.0000000000000000e+00 | 1
 20, 12 |   0.0000000000000000e+00 |   0.0000000000000000e+00 | 1
 20, 13 |   0.0000000000000000e+00 |   0.0000000000000000e+00 | 1
 20, 14 |   0.0000000000000000e+00 |   0.0000000000000000e+00 | 1
 20, 15 |   0.0000000000000000e+00 |   0.0000000000000000e+00 | 1
 20, 16 |   0.0000000000000000e+00 |   0.0000000000000000e+00 | 1
 20, 17 |   0.0000000000000000e+00 |   0.0000000000000000e+00 | 1
 20, 18 |   0.0000000000000000e+00 |   0.0000000000000000e+00 | 1
 20, 19 |   0.0000000000000000e+00 |   0.0000000000000000e+00 | 1
 20, 20 |   0.0000000000000000e+00 |   0.0000000000000000e+00 | 1
 20, 21 |   0.0000000000000000e+00 |   0.0000000000000000e+00 | 1
 20, 22 |   0.0000000000000000e+00 |   0.0000000000000000e+00 | 1
 20, 23 |   0.0000000000000000e+00 |   0.0000000000000000e+00 | 1
 20, 24 |   0.0000000000000000e+00 |   0.0000000000000000e+00 | 1
 20, 25 |   0.0000000000000000e+00 |   0.0000000000000000e+00 | 1
 20, 26 |   0.0000000000000000e+00 |   0.0000000000000000e+00 | 1
 20, 27 |   0.0000000000000000e+00 |   0.0000000000000000e+00 | 1
 20, 28 |   0.0000000000000000e+00 |   0.0000000000000000e+00 | 1
 20, 29 |   0.0000000000000000e+00 |   0.0000000000000000e+00 | 1
 20, 30 |   0.0000000000000000e+00 |   0.0000000000000000e+00 | 1
 20, 31 |   0.0000000000000000e+00 |   0.0000000000000000e+00 | 1
 20, 32 |   0.0000000000000000e+00 |   0.0000000000000000e+00 | 1
 20, 33 |   0.0000000000000000e+00 |   0.0000000000000000e+00 | 1
 20, 34 |   0.0000000000000000e+00 |   0.0000000000000000e+00 | 1
 20, 35 |   0.0000000000000000e+00 |   0.0000000000000000e+00 | 1
 20, 36 |   0.0000000000000000e+00 |   0.0000000000000000e+00 | 1
 21,  1 |   0.0000000000000000e+00 |   0.0000000000000000e+00 | 1
 21,  2 |   0.0000000000000000e+00 |   0.0000000000000000e+00 | 1
 21,  3 |   0.0000000000000000e+00 |   0.0000000000000000e+00 | 1
 21,  4 |   0.0000000000000000e+00 |   0.0000000000000000e+00 | 1
 21,  5 |   0.0000000000000000e+00 |   0.0000000000000000e+00 | 1
 21,  6 |   0.0000000000000000e+00 |   0.0000000000000000e+00 | 1
 21,  7 |   0.0000000000000000e+00 |   0.0000000000000000e+00 | 1
 21,  8 |   0.0000000000000000e+00 |   0.0000000000000000e+00 | 1
 21,  9 |   0.0000000000000000e+00 |   0.0000000000000000e+00 | 1
 21, 10 |   0.0000000000000000e+00 |   0.0000000000000000e+00 | 1
 21, 11 |   0.0000000000000000e+00 |   0.0000000000000000e+00 | 1
 21, 12 |   0.0000000000000000e+00 |   0.0000000000000000e+00 | 1
 21, 13 |   0.0000000000000000e+00 |   0.0000000000000000e+00 | 1
 21, 14 |   0.0000000000000000e+00 |   0.0000000000000000e+00 | 1
 21, 15 |   0.0000000000000000e+00 |   0.0000000000000000e+00 | 1
 21, 16 |   0.0000000000000000e+00 |   0.0000000000000000e+00 | 1
 21, 17 |   0.0000000000000000e+00 |   0.0000000000000000e+00 | 1
 21, 18 |   0.0000000000000000e+00 |   0.0000000000000000e+00 | 1
 21, 19 |   0.0000000000000000e+00 |   0.0000000000000000e+00 | 1
 21, 20 |   0.0000000000000000e+00 |   0.0000000000000000e+00 | 1
 21, 21 |   0.0000000000000000e+00 |   0.0000000000000000e+00 | 1
 21, 22 |   0.0000000000000000e+00 |   0.0000000000000000e+00 | 1
 21, 23 |   0.0000000000000000e+00 |   0.0000000000000000e+00 | 1
 21, 24 |   0.0000000000000000e+00 |   0.0000000000000000e+00 | 1
 21, 25 |   0.0000000000000000e+00 |   0.0000000000000000e+00 | 1
 21, 26 |   0.0000000000000000e+00 |   0.0000000000000000e+00 | 1
 21, 27 |   0.0000000000000000e+00 |   0.0000000000000000e+00 | 1
 21, 28 |   0.0000000000000000e+00 |   0.0000000000000000e+00 | 1
 21, 29 |   0.0000000000000000e+00 |   0.0000000000000000e+00 | 1
 21, 30 |   0.0000000000000000e+00 |   0.0000000000000000e+00 | 1
 21, 31 |   0.0000000000000000e+00 |   0.0000000000000000e+00 | 1
 21, 32 |   0.0000000000000000e+00 |   0.0000000000000000e+00 | 1
 21, 33 |   0.0000000000000000e+00 |   0.0000000000000000e+00 | 1
 21, 34 |   0.0000000000000000e+00 |   0.0000000000000000e+00 | 1
 21, 35 |   0.0000000000000000e+00 |   0.0000000000000000e+00 | 1
 21, 36 |   0.0000000000000000e+00 |   0.0000000000000000e+00 | 1
 22,  1 |   0.0000000000000000e+00 |   0.0000000000000000e+00 | 1
 22,  2 |   0.0000000000000000e+00 |   0.0000000000000000e+00 | 1
 22,  3 |   0.0000000000000000e+00 |   0.0000000000000000e+00 | 1
 22,  4 |   0.0000000000000000e+00 |   0.0000000000000000e+00 | 1
 22,  5 |   0.0000000000000000e+00 |   0.0000000000000000e+00 | 1
 22,  6 |   0.0000000000000000e+00 |   0.0000000000000000e+00 | 1
 22,  7 |   0.0000000000000000e+00 |   0.0000000000000000e+00 | 1
 22,  8 |   0.0000000000000000e+00 |   0.0000000000000000e+00 | 1
 22,  9 |   0.0000000000000000e+00 |   0.0000000000000000e+00 | 1
 22, 10 |   0.0000000000000000e+00 |   0.0000000000000000e+00 | 1
 22, 11 |   0.0000000000000000e+00 |   0.0000000000000000e+00 | 1
 22, 12 |   0.0000000000000000e+00 |   0.0000000000000000e+00 | 1
 22, 13 |   0.0000000000000000e+00 |   0.0000000000000000e+00 | 1
 22, 14 |   0.0000000000000000e+00 |   0.0000000000000000e+00 | 1
 22, 15 |   0.0000000000000000e+00 |   0.0000000000000000e+00 | 1
 22, 16 |   0.0000000000000000e+00 |   0.0000000000000000e+00 | 1
 22, 17 |   0.0000000000000000e+00 |   0.0000000000000000e+00 | 1
 22, 18 |   0.0000000000000000e+00 |   0.0000000000000000e+00 | 1
 22, 19 |   0.0000000000000000e+00 |   0.0000000000000000e+00 | 1
 22, 20 |   0.0000000000000000e+00 |   0.0000000000000000e+00 | 1
 22, 21 |   0.0000000000000000e+00 |   0.0000000000000000e+00 | 1
 22, 22 |   0.0000000000000000e+00 |   0.0000000000000000e+00 | 1
 22, 23 |   0.0000000000000000e+00 |   0.0000000000000000e+00 | 1
 22, 24 |   0.0000000000000000e+00 |   0.0000000000000000e+00 | 1
 22, 25 |   0.0000000000000000e+00 |   0.0000000000000000e+00 | 1
 22, 26 |   0.0000000000000000e+00 |   0.0000000000000000e+00 | 1
 22, 27 |   0.0000000000000000e+00 |   0.0000000000000000e+00 | 1
 22, 28 |   0.0000000000000000e+00 |   0.0000000000000000e+00 | 1
 22, 29 |   0.0000000000000000e+00 |   0.0000000000000000e+00 | 1
 22, 30 |   0.0000000000000000e+00 |   0.0000000000000000e+00 | 1
 22, 31 |   0.0000000000000000e+00 |   0.0000000000000000e+00 | 1
 22, 32 |   0.0000000000000000e+00 |   0.0000000000000000e+00 | 1
 22, 33 |   0.0000000000000000e+00 |   0.0000000000000000e+00 | 1
 22, 34 |   0.0000000000000000e+00 |   0.0000000000000000e+00 | 1
 22, 35 |   0.0000000000000000e+00 |   0.0000000000000000e+00 | 1
 22, 36 |   0.0000000000000000e+00 |   0.0000000000000000e+00 | 1
 23,  1 |   0.0000000000000000e+00 |   0.0000000000000000e+00 | 1
 23,  2 |   0.0000000000000000e+00 |   0.0000000000000000e+00 | 1
 23,  3 |   0.0000000000000000e+00 |   0.0000000000000000e+00 | 1
 23,  4 |   0.0000000000000000e+00 |   0.0000000000000000e+00 | 1
 23,  5 |   0.0000000000000000e+00 |   0.0000000000000000e+00 | 1
 23,  6 |   0.0000000000000000e+00 |   0.0000000000000000e+00 | 1
 23,  7 |   0.0000000000000000e+00 |   0.0000000000000000e+00 | 1
 23,  8 |   0.0000000000000000e+00 |   0.0000000000000000e+00 | 1
 23,  9 |   0.0000000000000000e+00 |   0.0000000000000000e+00 | 1
 23, 10 |   0.0000000000000000e+00 |   0.0000000000000000e+00 | 1
 23, 11 |   0.0000000000000000e+00 |   0.0000000000000000e+00 | 1
 23, 12 |   0.0000000000000000e+00 |   0.0000000000000000e+00 | 1
 23, 13 |   0.0000000000000000e+00 |   0.0000000000000000e+00 | 1
 23, 14 |   0.0000000000000000e+00 |   0.0000000000000000e+00 | 1
 23, 15 |   0.0000000000000000e+00 |   0.0000000000000000e+00 | 1
 23, 16 |   0.0000000000000000e+00 |   0.0000000000000000e+00 | 1
 23, 17 |   0.0000000000000000e+00 |   0.0000000000000000e+00 | 1
 23, 18 |   0.0000000000000000e+00 |   0.0000000000000000e+00 | 1
 23, 19 |   0.0000000000000000e+00 |   0.0000000000000000e+00 | 1
 23, 20 |   0.0000000000000000e+00 |   0.0000000000000000e+00 | 1
 23, 21 |   0.0000000000000000e+00 |   0.0000000000000000e+00 | 1
 23, 22 |   0.0000000000000000e+00 |   0.0000000000000000e+00 | 1
 23, 23 |   0.0000000000000000e+00 |   0.0000000000000000e+00 | 1
 23, 24 |   0.0000000000000000e+00 |   0.0000000000000000e+00 | 1
 23, 25 |   0.0000000000000000e+00 |   0.0000000000000000e+00 | 1
 23, 26 |   0.0000000000000000e+00 |   0.0000000000000000e+00 | 1
 23, 27 |   0.0000000000000000e+00 |   0.0000000000000000e+00 | 1
 23, 28 |   0.0000000000000000e+00 |   0.0000000000000000e+00 | 1
 23, 29 |   0.0000000000000000e+00 |   0.0000000000000000e+00 | 1
 23, 30 |   0.0000000000000000e+00 |   0.0000000000000000e+00 | 1
 23, 31 |   0.0000000000000000e+00 |   0.0000000000000000e+00 | 1
 23, 32 |   0.0000000000000000e+00 |   0.0000000000000000e+00 | 1
 23, 33 |   0.0000000000000000e+00 |   0.0000000000000000e+00 | 1
 23, 34 |   0.0000000000000000e+00 |   0.0000000000000000e+00 | 1
 23, 35 |   0.0000000000000000e+00 |   0.0000000000000000e+00 | 1
 23, 36 |   0.0000000000000000e+00 |   0.0000000000000000e+00 | 1
 24,  1 |  -5.2922147302810092e-04 |  -5.2922147302810092e-04 | 1
 24,  2 |   3.7402611194928817e-03 |   3.7402611194928817e-03 | 1
 24,  3 |  -9.8748014233161936e-03 |  -9.8748014233161936e-03 | 1
 24,  4 |   3.3996293850356657e-02 |   3.3996293850356657e-02 | 1
 24,  5 |  -4.6011163563187078e-03 |  -4.6011163563187078e-03 | 1
 24,  6 |   0.0000000000000000e+00 |   0.0000000000000000e+00 | 1
 24,  7 |   0.0000000000000000e+00 |   0.0000000000000000e+00 | 1
 24,  8 |   9.8006970297490614e-03 |   9.8006970297490614e-03 | 1
 24,  9 |  -1.1459330402594434e-02 |  -1.1459330402594434e-02 | 1
 24, 10 |   0.0000000000000000e+00 |   0.0000000000000000e+00 | 1
 24, 11 |   0.0000000000000000e+00 |   0.0000000000000000e+00 | 1
 24, 12 |   1.1701202016141370e-02 |   1.1701202016141370e-02 | 1
 24, 13 |   0.0000000000000000e+00 |   0.0000000000000000e+00 | 1
 24, 14 |   0.0000000000000000e+00 |   0.0000000000000000e+00 | 1
 24, 15 |   0.0000000000000000e+00 |   0.0000000000000000e+00 | 1
 24, 16 |   7.3041242177985504e-03 |   7.3041242177985504e-03 | 1
 24, 17 |  -4.6480195874534806e-03 |  -4.6480195874534806e-03 | 1
 24, 18 |   0.0000000000000000e+00 |   0.0000000000000000e+00 | 1
 24, 19 |   0.0000000000000000e+00 |   0.0000000000000000e+00 | 1
 24, 20 |   0.0000000000000000e+00 |   0.0000000000000000e+00 | 1
 24, 21 |   0.0000000000000000e+00 |   0.0000000000000000e+00 | 1
 24, 22 |   0.0000000000000000e+00 |   0.0000000000000000e+00 | 1
 24, 23 |   0.0000000000000000e+00 |   0.0000000000000000e+00 | 1
 24, 24 |   1.1318607536650642e-02 |   1.1318607536650642e-02 | 1
 24, 25 |   0.0000000000000000e+00 |   0.0000000000000000e+00 | 1
 24, 26 |   0.0000000000000000e+00 |   0.0000000000000000e+00 | 1
 24, 27 |   0.0000000000000000e+00 |   0.0000000000000000e+00 | 1
 24, 28 |   0.0000000000000000e+00 |   0.0000000000000000e+00 | 1
 24, 29 |   0.0000000000000000e+00 |   0.0000000000000000e+00 | 1
 24, 30 |   0.0000000000000000e+00 |   0.0000000000000000e+00 | 1
 24, 31 |   0.0000000000000000e+00 |   0.0000000000000000e+00 | 1
 24, 32 |   0.0000000000000000e+00 |   0.0000000000000000e+00 | 1
 24, 33 |  -1.1831153097448713e-02 |  -1.1831153097448713e-02 | 1
 24, 34 |   4.6495044196160108e-03 |   4.6495044196160108e-03 | 1
 24, 35 |  -1.0762111537795695e-03 |  -1.0762111537795695e-03 | 1
 24, 36 |  -1.2665888252352691e-03 |  -1.2665888252352691e-03 | 1
 25,  1 |   0.0000000000000000e+00 |   0.0000000000000000e+00 | 1
 25,  2 |   0.0000000000000000e+00 |   0.0000000000000000e+00 | 1
 25,  3 |   0.0000000000000000e+00 |   0.0000000000000000e+00 | 1
 25,  4 |   0.0000000000000000e+00 |   0.0000000000000000e+00 | 1
 25,  5 |   0.0000000000000000e+00 |   0.0000000000000000e+00 | 1
 25,  6 |   0.0000000000000000e+00 |   0.0000000000000000e+00 | 1
 25,  7 |   0.0000000000000000e+00 |   0.0000000000000000e+00 | 1
 25,  8 |   0.0000000000000000e+00 |   0.0000000000000000e+00 | 1
 25,  9 |   0.0000000000000000e+00 |   0.0000000000000000e+00 | 1
 25, 10 |   0.0000000000000000e+00 |   0.0000000000000000e+00 | 1
 25, 11 |   0.0000000000000000e+00 |   0.0000000000000000e+00 | 1
 25, 12 |   0.0000000000000000e+00 |   0.0000000000000000e+00 | 1
 25, 13 |   0.0000000000000000e+00 |   0.0000000000000000e+00 | 1
 25, 14 |   0.0000000000000000e+00 |   0.0000000000000000e+00 | 1
 25, 15 |   0.0000000000000000e+00 |   0.0000000000000000e+00 | 1
 25, 16 |   0.0000000000000000e+00 |   0.0000000000000000e+00 | 1
 25, 17 |   0.0000000000000000e+00 |   0.0000000000000000e+00 | 1
 25, 18 |   0.0000000000000000e+00 |   0.0000000000000000e+00 | 1
 25, 19 |   0.0000000000000000e+00 |   0.0000000000000000e+00 | 1
 25, 20 |   0.0000000000000000e+00 |   0.0000000000000000e+00 | 1
 25, 21 |   0.0000000000000000e+00 |   0.0000000000000000e+00 | 1
 25, 22 |   0.0000000000000000e+00 |   0.0000000000000000e+00 | 1
 25, 23 |   0.0000000000000000e+00 |   0.0000000000000000e+00 | 1
 25, 24 |   0.0000000000000000e+00 |   0.0000000000000000e+00 | 1
 25, 25 |   0.0000000000000000e+00 |   0.0000000000000000e+00 | 1
 25, 26 |   0.0000000000000000e+00 |   0.0000000000000000e+00 | 1
 25, 27 |   0.0000000000000000e+00 |   0.0000000000000000e+00 | 1
 25, 28 |   0.0000000000000000e+00 |   0.0000000000000000e+00 | 1
 25, 29 |   0.0000000000000000e+00 |   0.0000000000000000e+00 | 1
 25, 30 |   0.0000000000000000e+00 |   0.0000000000000000e+00 | 1
 25, 31 |   0.0000000000000000e+00 |   0.0000000000000000e+00 | 1
 25, 32 |   0.0000000000000000e+00 |   0.0000000000000000e+00 | 1
 25, 33 |   0.0000000000000000e+00 |   0.0000000000000000e+00 | 1
 25, 34 |   0.0000000000000000e+00 |   0.0000000000000000e+00 | 1
 25, 35 |   0.0000000000000000e+00 |   0.0000000000000000e+00 | 1
 25, 36 |   0.0000000000000000e+00 |   0.0000000000000000e+00 | 1
 26,  1 |   0.0000000000000000e+00 |   0.0000000000000000e+00 | 1
 26,  2 |   0.0000000000000000e+00 |   0.0000000000000000e+00 | 1
 26,  3 |   0.0000000000000000e+00 |   0.0000000000000000e+00 | 1
 26,  4 |   0.0000000000000000e+00 |   0.0000000000000000e+00 | 1
 26,  5 |   0.0000000000000000e+00 |   0.0000000000000000e+00 | 1
 26,  6 |   0.0000000000000000e+00 |   0.0000000000000000e+00 | 1
 26,  7 |   0.0000000000000000e+00 |   0.0000000000000000e+00 | 1
 26,  8 |   0.0000000000000000e+00 |   0.0000000000000000e+00 | 1
 26,  9 |   0.0000000000000000e+00 |   0.0000000000000000e+00 | 1
 26, 10 |   0.0000000000000000e+00 |   0.0000000000000000e+00 | 1
 26, 11 |   0.0000000000000000e+00 |   0.0000000000000000e+00 | 1
 26, 12 |   0.0000000000000000e+00 |   0.0000000000000000e+00 | 1
 26, 13 |   0.0000000000000000e+00 |   0.0000000000000000e+00 | 1
 26, 14 |   0.0000000000000000e+00 |   0.0000000000000000e+00 | 1
 26, 15 |   0.0000000000000000e+00 |   0.0000000000000000e+00 | 1
 26, 16 |   0.0000000000000000e+00 |   0.0000000000000000e+00 | 1
 26, 17 |   0.0000000000000000e+00 |   0.0000000000000000e+00 | 1
 26, 18 |   0.0000000000000000e+00 |   0.0000000000000000e+00 | 1
 26, 19 |   0.0000000000000000e+00 |   0.0000000000000000e+00 | 1
 26, 20 |   0.0000000000000000e+00 |   0.0000000000000000e+00 | 1
 26, 21 |   0.0000000000000000e+00 |   0.0000000000000000e+00 | 1
 26, 22 |   0.0000000000000000e+00 |   0.0000000000000000e+00 | 1
 26, 23 |   0.0000000000000000e+00 |   0.0000000000000000e+00 | 1
 26, 24 |   0.0000000000000000e+00 |   0.0000000000000000e+00 | 1
 26, 25 |   0.0000000000000000e+00 |   0.0000000000000000e+00 | 1
 26, 26 |   0.0000000000000000e+00 |   0.0000000000000000e+00 | 1
 26, 27 |   0.0000000000000000e+00 |   0.0000000000000000e+00 | 1
 26, 28 |   0.0000000000000000e+00 |   0.0000000000000000e+00 | 1
 26, 29 |   0.0000000000000000e+00 |   0.0000000000000000e+00 | 1
 26, 30 |   0.0000000000000000e+00 |   0.0000000000000000e+00 | 1
 26, 31 |   0.0000000000000000e+00 |   0.0000000000000000e+00 | 1
 26, 32 |   0.0000000000000000e+00 |   0.0000000000000000e+00 | 1
 26, 33 |   0.0000000000000000e+00 |   0.0000000000000000e+00 | 1
 26, 34 |   0.0000000000000000e+00 |   0.0000000000000000e+00 | 1
 26, 35 |   0.0000000000000000e+00 |   0.0000000000000000e+00 | 1
 26, 36 |   0.0000000000000000e+00 |   0.0000000000000000e+00 | 1
 27,  1 |   0.0000000000000000e+00 |   0.0000000000000000e+00 | 1
 27,  2 |   0.0000000000000000e+00 |   0.0000000000000000e+00 | 1
 27,  3 |   0.0000000000000000e+00 |   0.0000000000000000e+00 | 1
 27,  4 |   0.0000000000000000e+00 |   0.0000000000000000e+00 | 1
 27,  5 |   0.0000000000000000e+00 |   0.0000000000000000e+00 | 1
 27,  6 |   0.0000000000000000e+00 |   0.0000000000000000e+00 | 1
 27,  7 |   0.0000000000000000e+00 |   0.0000000000000000e+00 | 1
 27,  8 |   0.0000000000000000e+00 |   0.0000000000000000e+00 | 1
 27,  9 |   0.0000000000000000e+00 |   0.0000000000000000e+00 | 1
 27, 10 |   0.0000000000000000e+00 |   0.0000000000000000e+00 | 1
 27, 11 |   0.0000000000000000e+00 |   0.0000000000000000e+00 | 1
 27, 12 |   0.0000000000000000e+00 |   0.0000000000000000e+00 | 1
 27, 13 |   0.0000000000000000e+00 |   0.0000000000000000e+00 | 1
 27, 14 |   0.0000000000000000e+00 |   0.0000000000000000e+00 | 1
 27, 15 |   0.0000000000000000e+00 |   0.0000000000000000e+00 | 1
 27, 16 |   0.0000000000000000e+00 |   0.0000000000000000e+00 | 1
 27, 17 |   0.0000000000000000e+00 |   0.0000000000000000e+00 | 1
 27, 18 |   0.0000000000000000e+00 |   0.0000000000000000e+00 | 1
 27, 19 |   0.0000000000000000e+00 |   0.0000000000000000e+00 | 1
 27, 20 |   0.0000000000000000e+00 |   0.0000000000000000e+00 | 1
 27, 21 |   0.0000000000000000e+00 |   0.0000000000000000e+00 | 1
 27, 22 |   0.0000000000000000e+00 |   0.0000000000000000e+00 | 1
 27, 23 |   0.0000000000000000e+00 |   0.0000000000000000e+00 | 1
 27, 24 |   0.0000000000000000e+00 |   0.0000000000000000e+00 | 1
 27, 25 |   0.0000000000000000e+00 |   0.0000000000000000e+00 | 1
 27, 26 |   0.0000000000000000e+00 |   0.0000000000000000e+00 | 1
 27, 27 |   0.0000000000000000e+00 |   0.0000000000000000e+00 | 1
 27, 28 |   0.0000000000000000e+00 |   0.0000000000000000e+00 | 1
 27, 29 |   0.0000000000000000e+00 |   0.0000000000000000e+00 | 1
 27, 30 |   0.0000000000000000e+00 |   0.0000000000000000e+00 | 1
 27, 31 |   0.0000000000000000e+00 |   0.0000000000000000e+00 | 1
 27, 32 |   0.0000000000000000e+00 |   0.0000000000000000e+00 | 1
 27, 33 |   0.0000000000000000e+00 |   0.0000000000000000e+00 | 1
 27, 34 |   0.0000000000000000e+00 |   0.0000000000000000e+00 | 1
 27, 35 |   0.0000000000000000e+00 |   0.0000000000000000e+00 | 1
 27, 36 |   0.0000000000000000e+00 |   0.0000000000000000e+00 | 1
 28,  1 |   0.0000000000000000e+00 |   0.0000000000000000e+00 | 1
 28,  2 |   0.0000000000000000e+00 |   0.0000000000000000e+00 | 1
 28,  3 |   0.0000000000000000e+00 |   0.0000000000000000e+00 | 1
 28,  4 |   0.0000000000000000e+00 |   0.0000000000000000e+00 | 1
 28,  5 |   0.0000000000000000e+00 |   0.0000000000000000e+00 | 1
 28,  6 |   0.0000000000000000e+00 |   0.0000000000000000e+00 | 1
 28,  7 |   0.0000000000000000e+00 |   0.0000000000000000e+00 | 1
 28,  8 |   0.0000000000000000e+00 |   0.0000000000000000e+00 | 1
 28,  9 |   0.0000000000000000e+00 |   0.0000000000000000e+00 | 1
 28, 10 |   0.0000000000000000e+00 |   0.0000000000000000e+00 | 1
 28, 11 |   0.0000000000000000e+00 |   0.0000000000000000e+00 | 1
 28, 12 |   0.0000000000000000e+00 |   0.0000000000000000e+00 | 1
 28, 13 |   0.0000000000000000e+00 |   0.0000000000000000e+00 | 1
 28, 14 |   0.0000000000000000e+00 |   0.0000000000000000e+00 | 1
 28, 15 |   0.0000000000000000e+00 |   0.0000000000000000e+00 | 1
 28, 16 |   0.0000000000000000e+00 |   0.0000000000000000e+00 | 1
 28, 17 |   0.0000000000000000e+00 |   0.0000000000000000e+00 | 1
 28, 18 |   0.0000000000000000e+00 |   0.0000000000000000e+00 | 1
 28, 19 |   0.0000000000000000e+00 |   0.0000000000000000e+00 | 1
 28, 20 |   0.0000000000000000e+00 |   0.0000000000000000e+00 | 1
 28, 21 |   0.0000000000000000e+00 |   0.0000000000000000e+00 | 1
 28, 22 |   0.0000000000000000e+00 |   0.0000000000000000e+00 | 1
 28, 23 |   0.0000000000000000e+00 |   0.0000000000000000e+00 | 1
 28, 24 |   0.0000000000000000e+00 |   0.0000000000000000e+00 | 1
 28, 25 |   0.0000000000000000e+00 |   0.0000000000000000e+00 | 1
 28, 26 |   0.0000000000000000e+00 |   0.0000000000000000e+00 | 1
 28, 27 |   0.0000000000000000e+00 |   0.0000000000000000e+00 | 1
 28, 28 |   0.0000000000000000e+00 |   0.0000000000000000e+00 | 1
 28, 29 |   0.0000000000000000e+00 |   0.0000000000000000e+00 | 1
 28, 30 |   0.0000000000000000e+00 |   0.0000000000000000e+00 | 1
 28, 31 |   0.0000000000000000e+00 |   0.0000000000000000e+00 | 1
 28, 32 |   0.0000000000000000e+00 |   0.0000000000000000e+00 | 1
 28, 33 |   0.0000000000000000e+00 |   0.0000000000000000e+00 | 1
 28, 34 |   0.0000000000000000e+00 |   0.0000000000000000e+00 | 1
 28, 35 |   0.0000000000000000e+00 |   0.0000000000000000e+00 | 1
 28, 36 |   0.0000000000000000e+00 |   0.0000000000000000e+00 | 1
 29,  1 |   0.0000000000000000e+00 |   0.0000000000000000e+00 | 1
 29,  2 |   0.0000000000000000e+00 |   0.0000000000000000e+00 | 1
 29,  3 |   0.0000000000000000e+00 |   0.0000000000000000e+00 | 1
 29,  4 |   0.0000000000000000e+00 |   0.0000000000000000e+00 | 1
 29,  5 |   0.0000000000000000e+00 |   0.0000000000000000e+00 | 1
 29,  6 |   0.0000000000000000e+00 |   0.0000000000000000e+00 | 1
 29,  7 |   0.0000000000000000e+00 |   0.0000000000000000e+00 | 1
 29,  8 |   0.0000000000000000e+00 |   0.0000000000000000e+00 | 1
 29,  9 |   0.0000000000000000e+00 |   0.0000000000000000e+00 | 1
 29, 10 |   0.0000000000000000e+00 |   0.0000000000000000e+00 | 1
 29, 11 |   0.0000000000000000e+00 |   0.0000000000000000e+00 | 1
 29, 12 |   0.0000000000000000e+00 |   0.0000000000000000e+00 | 1
 29, 13 |   0.0000000000000000e+00 |   0.0000000000000000e+00 | 1
 29, 14 |   0.0000000000000000e+00 |   0.0000000000000000e+00 | 1
 29, 15 |   0.0000000000000000e+00 |   0.0000000000000000e+00 | 1
 29, 16 |   0.0000000000000000e+00 |   0.0000000000000000e+00 | 1
 29, 17 |   0.0000000000000000e+00 |   0.0000000000000000e+00 | 1
 29, 18 |   0.0000000000000000e+00 |   0.0000000000000000e+00 | 1
 29, 19 |   0.0000000000000000e+00 |   0.0000000000000000e+00 | 1
 29, 20 |   0.0000000000000000e+00 |   0.0000000000000000e+00 | 1
 29, 21 |   0.0000000000000000e+00 |   0.0000000000000000e+00 | 1
 29, 22 |   0.0000000000000000e+00 |   0.0000000000000000e+00 | 1
 29, 23 |   0.0000000000000000e+00 |   0.0000000000000000e+00 | 1
 29, 24 |   0.0000000000000000e+00 |   0.0000000000000000e+00 | 1
 29, 25 |   0.0000000000000000e+00 |   0.0000000000000000e+00 | 1
 29, 26 |   0.0000000000000000e+00 |   0.0000000000000000e+00 | 1
 29, 27 |   0.0000000000000000e+00 |   0.0000000000000000e+00 | 1
 29, 28 |   0.0000000000000000e+00 |   0.0000000000000000e+00 | 1
 29, 29 |   0.0000000000000000e+00 |   0.0000000000000000e+00 | 1
 29, 30 |   0.0000000000000000e+00 |   0.0000000000000000e+00 | 1
 29, 31 |   0.0000000000000000e+00 |   0.0000000000000000e+00 | 1
 29, 32 |   0.0000000000000000e+00 |   0.0000000000000000e+00 | 1
 29, 33 |   0.0000000000000000e+00 |   0.0000000000000000e+00 | 1
 29, 34 |   0.0000000000000000e+00 |   0.0000000000000000e+00 | 1
 29, 35 |   0.0000000000000000e+00 |   0.0000000000000000e+00 | 1
 29, 36 |   0.0000000000000000e+00 |   0.0000000000000000e+00 | 1
 30,  1 |   0.0000000000000000e+00 |   0.0000000000000000e+00 | 1
 30,  2 |   0.0000000000000000e+00 |   0.0000000000000000e+00 | 1
 30,  3 |   0.0000000000000000e+00 |   0.0000000000000000e+00 | 1
 30,  4 |   0.0000000000000000e+00 |   0.0000000000000000e+00 | 1
 30,  5 |   0.0000000000000000e+00 |   0.0000000000000000e+00 | 1
 30,  6 |   0.0000000000000000e+00 |   0.0000000000000000e+00 | 1
 30,  7 |   0.0000000000000000e+00 |   0.0000000000000000e+00 | 1
 30,  8 |   0.0000000000000000e+00 |   0.0000000000000000e+00 | 1
 30,  9 |   0.0000000000000000e+00 |   0.0000000000000000e+00 | 1
 30, 10 |   0.0000000000000000e+00 |   0.0000000000000000e+00 | 1
 30, 11 |   0.0000000000000000e+00 |   0.0000000000000000e+00 | 1
 30, 12 |   0.0000000000000000e+00 |   0.0000000000000000e+00 | 1
 30, 13 |   0.0000000000000000e+00 |   0.0000000000000000e+00 | 1
 30, 14 |   0.0000000000000000e+00 |   0.0000000000000000e+00 | 1
 30, 15 |   0.0000000000000000e+00 |   0.0000000000000000e+00 | 1
 30, 16 |   0.0000000000000000e+00 |   0.0000000000000000e+00 | 1
 30, 17 |   0.0000000000000000e+00 |   0.0000000000000000e+00 | 1
 30, 18 |   0.0000000000000000e+00 |   0.0000000000000000e+00 | 1
 30, 19 |   0.0000000000000000e+00 |   0.0000000000000000e+00 | 1
 30, 20 |   0.0000000000000000e+00 |   0.0000000000000000e+00 | 1
 30, 21 |   0.0000000000000000e+00 |   0.0000000000000000e+00 | 1
 30, 22 |   0.0000000000000000e+00 |   0.0000000000000000e+00 | 1
 30, 23 |   0.0000000000000000e+00 |   0.0000000000000000e+00 | 1
 30, 24 |   0.0000000000000000e+00 |   0.0000000000000000e+00 | 1
 30, 25 |   0.0000000000000000e+00 |   0.0000000000000000e+00 | 1
 30, 26 |   0.0000000000000000e+00 |   0.0000000000000000e+00 | 1
 30, 27 |   0.0000000000000000e+00 |   0.0000000000000000e+00 | 1
 30, 28 |   0.0000000000000000e+00 |   0.0000000000000000e+00 | 1
 30, 29 |   0.0000000000000000e+00 |   0.0000000000000000e+00 | 1
 30, 30 |   0.0000000000000000e+00 |   0.0000000000000000e+00 | 1
 30, 31 |   0.0000000000000000e+00 |   0.0000000000000000e+00 | 1
 30, 32 |   0.0000000000000000e+00 |   0.0000000000000000e+00 | 1
 30, 33 |   0.0000000000000000e+00 |   0.0000000000000000e+00 | 1
 30, 34 |   0.0000000000000000e+00 |   0.0000000000000000e+00 | 1
 30, 35 |   0.0000000000000000e+00 |   0.0000000000000000e+00 | 1
 30, 36 |   0.0000000000000000e+00 |   0.0000000000000000e+00 | 1
 31,  1 |   0.0000000000000000e+00 |   0.0000000000000000e+00 | 1
 31,  2 |   0.0000000000000000e+00 |   0.0000000000000000e+00 | 1
 31,  3 |   0.0000000000000000e+00 |   0.0000000000000000e+00 | 1
 31,  4 |   0.0000000000000000e+00 |   0.0000000000000000e+00 | 1
 31,  5 |   0.0000000000000000e+00 |   0.0000000000000000e+00 | 1
 31,  6 |   0.0000000000000000e+00 |   0.0000000000000000e+00 | 1
 31,  7 |   0.0000000000000000e+00 |   0.0000000000000000e+00 | 1
 31,  8 |   0.0000000000000000e+00 |   0.0000000000000000e+00 | 1
 31,  9 |   0.0000000000000000e+00 |   0.0000000000000000e+00 | 1
 31, 10 |   0.0000000000000000e+00 |   0.0000000000000000e+00 | 1
 31, 11 |   0.0000000000000000e+00 |   0.0000000000000000e+00 | 1
 31, 12 |   0.0000000000000000e+00 |   0.0000000000000000e+00 | 1
 31, 13 |   0.0000000000000000e+00 |   0.0000000000000000e+00 | 1
 31, 14 |   0.0000000000000000e+00 |   0.0000000000000000e+00 | 1
 31, 15 |   0.0000000000000000e+00 |   0.0000000000000000e+00 | 1
 31, 16 |   0.0000000000000000e+00 |   0.0000000000000000e+00 | 1
 31, 17 |   0.0000000000000000e+00 |   0.0000000000000000e+00 | 1
 31, 18 |   0.0000000000000000e+00 |   0.0000000000000000e+00 | 1
 31, 19 |   0.0000000000000000e+00 |   0.0000000000000000e+00 | 1
 31, 20 |   0.0000000000000000e+00 |   0.0000000000000000e+00 | 1
 31, 21 |   0.0000000000000000e+00 |   0.0000000000000000e+00 | 1
 31, 22 |   0.0000000000000000e+00 |   0.0000000000000000e+00 | 1
 31, 23 |   0.0000000000000000e+00 |   0.0000000000000000e+00 | 1
 31, 24 |   0.0000000000000000e+00 |   0.0000000000000000e+00 | 1
 31, 25 |   0.0000000000000000e+00 |   0.0000000000000000e+00 | 1
 31, 26 |   0.0000000000000000e+00 |   0.0000000000000000e+00 | 1
 31, 27 |   0.0000000000000000e+00 |   0.0000000000000000e+00 | 1
 31, 28 |   0.0000000000000000e+00 |   0.0000000000000000e+00 | 1
 31, 29 |   0.0000000000000000e+00 |   0.0000000000000000e+00 | 1
 31, 30 |   0.0000000000000000e+00 |   0.0000000000000000e+00 | 1
 31, 31 |   0.0000000000000000e+00 |   0.0000000000000000e+00 | 1
 31, 32 |   0.0000000000000000e+00 |   0.0000000000000000e+00 | 1
 31, 33 |   0.0000000000000000e+00 |   0.0000000000000000e+00 | 1
 31, 34 |   0.0000000000000000e+00 |   0.0000000000000000e+00 | 1
 31, 35 |   0.0000000000000000e+00 |   0.0000000000000000e+00 | 1
 31, 36 |   0.0000000000000000e+00 |   0.0000000000000000e+00 | 1
 32,  1 |   0.0000000000000000e+00 |   0.0000000000000000e+00 | 1
 32,  2 |   0.0000000000000000e+00 |   0.0000000000000000e+00 | 1
 32,  3 |   0.0000000000000000e+00 |   0.0000000000000000e+00 | 1
 32,  4 |   0.0000000000000000e+00 |   0.0000000000000000e+00 | 1
 32,  5 |   0.0000000000000000e+00 |   0.0000000000000000e+00 | 1
 32,  6 |   0.0000000000000000e+00 |   0.0000000000000000e+00 | 1
 32,  7 |   0.0000000000000000e+00 |   0.0000000000000000e+00 | 1
 32,  8 |   0.0000000000000000e+00 |   0.0000000000000000e+00 | 1
 32,  9 |   0.0000000000000000e+00 |   0.0000000000000000e+00 | 1
 32, 10 |   0.0000000000000000e+00 |   0.0000000000000000e+00 | 1
 32, 11 |   0.0000000000000000e+00 |   0.0000000000000000e+00 | 1
 32, 12 |   0.0000000000000000e+00 |   0.0000000000000000e+00 | 1
 32, 13 |   0.0000000000000000e+00 |   0.0000000000000000e+00 | 1
 32, 14 |   0.0000000000000000e+00 |   0.0000000000000000e+00 | 1
 32, 15 |   0.0000000000000000e+00 |   0.0000000000000000e+00 | 1
 32, 16 |   0.0000000000000000e+00 |   0.0000000000000000e+00 | 1
 32, 17 |   0.0000000000000000e+00 |   0.0000000000000000e+00 | 1
 32, 18 |   0.0000000000000000e+00 |   0.0000000000000000e+00 | 1
 32, 19 |   0.0000000000000000e+00 |   0.0000000000000000e+00 | 1
 32, 20 |   0.0000000000000000e+00 |   0.0000000000000000e+00 | 1
 32, 21 |   0.0000000000000000e+00 |   0.0000000000000000e+00 | 1
 32, 22 |   0.0000000000000000e+00 |   0.0000000000000000e+00 | 1
 32, 23 |   0.0000000000000000e+00 |   0.0000000000000000e+00 | 1
 32, 24 |   0.0000000000000000e+00 |   0.0000000000000000e+00 | 1
 32, 25 |   0.0000000000000000e+00 |   0.0000000000000000e+00 | 1
 32, 26 |   0.0000000000000000e+00 |   0.0000000000000000e+00 | 1
 32, 27 |   0.0000000000000000e+00 |   0.0000000000000000e+00 | 1
 32, 28 |   0.0000000000000000e+00 |   0.0000000000000000e+00 | 1
 32, 29 |   0.0000000000000000e+00 |   0.0000000000000000e+00 | 1
 32, 30 |   0.0000000000000000e+00 |   0.0000000000000000e+00 | 1
 32, 31 |   0.0000000000000000e+00 |   0.0000000000000000e+00 | 1
 32, 32 |   0.0000000000000000e+00 |   0.0000000000000000e+00 | 1
 32, 33 |   0.0000000000000000e+00 |   0.0000000000000000e+00 | 1
 32, 34 |   0.0000000000000000e+00 |   0.0000000000000000e+00 | 1
 32, 35 |   0.0000000000000000e+00 |   0.0000000000000000e+00 | 1
 32, 36 |   0.0000000000000000e+00 |   0.0000000000000000e+00 | 1
 33,  1 |   4.6428605571026049e-03 |   4.6428605571026049e-03 | 1
 33,  2 |  -3.2015527751843353e-02 |  -3.2015527751843353e-02 | 1
 33,  3 |  -3.5412965567228269e-02 |  -3.5412965567228269e-02 | 1
 33,  4 |  -1.2514016373206977e-02 |  -1.2514016373206977e-02 | 1
 33,  5 |  -7.0635796373603468e-02 |  -7.0635796373603468e-02 | 1
 33,  6 |   0.0000000000000000e+00 |   0.0000000000000000e+00 | 1
 33,  7 |   0.0000000000000000e+00 |   0.0000000000000000e+00 | 1
 33,  8 |  -7.9627276426864346e-02 |  -7.9627276426864346e-02 | 1
 33,  9 |   4.1053440203142666e-02 |   4.1053440203142666e-02 | 1
 33, 10 |   0.0000000000000000e+00 |   0.0000000000000000e+00 | 1
 33, 11 |   0.0000000000000000e+00 |   0.0000000000000000e+00 | 1
 33, 12 |  -1.1803583397735602e-01 |  -1.1803583397735602e-01 | 1
 33, 13 |   0.0000000000000000e+00 |   0.0000000000000000e+00 | 1
 33, 14 |   0.0000000000000000e+00 |   0.0000000000000000e+00 | 1
 33, 15 |   0.0000000000000000e+00 |   0.0000000000000000e+00 | 1
 33, 16 |  -3.5531251921044511e-02 |  -3.5531251921044511e-02 | 1
 33, 17 |  -1.2475050964573471e-02 |  -1.2475050964573471e-02 | 1
 33, 18 |   0.0000000000000000e+00 |   0.0000000000000000e+00 | 1
 33, 19 |   0.0000000000000000e+00 |   0.0000000000000000e+00 | 1
 33, 20 |   0.0000000000000000e+00 |   0.0000000000000000e+00 | 1
 33, 21 |   0.0000000000000000e+00 |   0.0000000000000000e+00 | 1
 33, 22 |   0.0000000000000000e+00 |   0.0000000000000000e+00 | 1
 33, 23 |   0.0000000000000000e+00 |   0.0000000000000000e+00 | 1
 33, 24 |  -1.1831153097448713e-02 |  -1.1831153097448713e-02 | 1
 33, 25 |   0.0000000000000000e+00 |   0.0000000000000000e+00 | 1
 33, 26 |   0.0000000000000000e+00 |   0.0000000000000000e+00 | 1
 33, 27 |   0.0000000000000000e+00 |   0.0000000000000000e+00 | 1
 33, 28 |   0.0000000000000000e+00 |   0.0000000000000000e+00 | 1
 33, 29 |   0.0000000000000000e+00 |   0.0000000000000000e+00 | 1
 33, 30 |   0.0000000000000000e+00 |   0.0000000000000000e+00 | 1
 33, 31 |   0.0000000000000000e+00 |   0.0000000000000000e+00 | 1
 33, 32 |   0.0000000000000000e+00 |   0.0000000000000000e+00 | 1
 33, 33 |   4.5722776926920516e-01 |   4.5722776926920516e-01 | 1
 33, 34 |  -2.3400172197170541e-02 |  -2.3400172197170541e-02 | 1
 33, 35 |   1.0566011721485004e-02 |   1.0566011721485004e-02 | 1
 33, 36 |   2.2175618040341932e-03 |   2.2175618040341932e-03 | 1
 34,  1 |  -2.6028666050263287e-04 |  -2.6028666050263287e-04 | 1
 34,  2 |   3.3312856960711337e-03 |   3.3312856960711337e-03 | 1
 34,  3 |  -4.1340262054937521e-03 |  -4.1340262054937521e-03 | 1
 34,  4 |   1.7546963408292978e-02 |   1.7546963408292978e-02 | 1
 34,  5 |  -5.5823402302319818e-03 |  -5.5823402302319818e-03 | 1
 34,  6 |   0.0000000000000000e+00 |   0.0000000000000000e+00 | 1
 34,  7 |   0.0000000000000000e+00 |   0.0000000000000000e+00 | 1
 34,  8 |   7.5685741158481824e-03 |   7.5685741158481824e-03 | 1
 34,  9 |  -6.9750132276629748e-03 |  -6.9750132276629748e-03 | 1
 34, 10 |   0.0000000000000000e+00 |   0.0000000000000000e+00 | 1
 34, 11 |   0.0000000000000000e+00 |   0.0000000000000000e+00 | 1
 34, 12 |   1.0317080957408449e-02 |   1.0317080957408449e-02 | 1
 34, 13 |   0.0000000000000000e+00 |   0.0000000000000000e+00 | 1
 34, 14 |   0.0000000000000000e+00 |   0.0000000000000000e+00 | 1
 34, 15 |   0.0000000000000000e+00 |   0.0000000000000000e+00 | 1
 34, 16 |   5.6602285685261218e-03 |   5.6602285685261218e-03 | 1
 34, 17 |  -2.0005022097836609e-03 |  -2.0005022097836609e-03 | 1
 34, 18 |   0.0000000000000000e+00 |   0.0000000000000000e+00 | 1
 34, 19 |   0.0000000000000000e+00 |   0.0000000000000000e+00 | 1
 34, 20 |   0.0000000000000000e+00 |   0.0000000000000000e+00 | 1
 34, 21 |   0.0000000000000000e+00 |   0.0000000000000000e+00 | 1
 34, 22 |   0.0000000000000000e+00 |   0.0000000000000000e+00 | 1
 34, 23 |   0.0000000000000000e+00 |   0.0000000000000000e+00 | 1
 34, 24 |   4.6495044196160108e-03 |   4.6495044196160108e-03 | 1
 34, 25 |   0.0000000000000000e+00 |   0.0000000000000000e+00 | 1
 34, 26 |   0.0000000000000000e+00 |   0.0000000000000000e+00 | 1
 34, 27 |   0.0000000000000000e+00 |   0.0000000000000000e+00 | 1
 34, 28 |   0.0000000000000000e+00 |   0.0000000000000000e+00 | 1
 34, 29 |   0.0000000000000000e+00 |   0.0000000000000000e+00 | 1
 34, 30 |   0.0000000000000000e+00 |   0.0000000000000000e+00 | 1
 34, 31 |   0.0000000000000000e+00 |   0.0000000000000000e+00 | 1
 34, 32 |   0.0000000000000000e+00 |   0.0000000000000000e+00 | 1
 34, 33 |  -2.3400172197170541e-02 |  -2.3400172197170541e-02 | 1
 34, 34 |   3.6129876253273787e-03 |   3.6129876253273787e-03 | 1
 34, 35 |  -7.1102412688856887e-04 |  -7.1102412688856887e-04 | 1
 34, 36 |  -2.0514804334757780e-04 |  -2.0514804334757780e-04 | 1
 35,  1 |   8.9711671219748555e-04 |   8.9711671219748555e-04 | 1
 35,  2 |  -8.4831735458813741e-04 |  -8.4831735458813741e-04 | 1
 35,  3 |   6.8835433019516870e-04 |   6.8835433019516870e-04 | 1
 35,  4 |  -4.9709415375074426e-03 |  -4.9709415375074426e-03 | 1
 35,  5 |  -3.0213683027251600e-03 |  -3.0213683027251600e-03 | 1
 35,  6 |   0.0000000000000000e+00 |   0.0000000000000000e+00 | 1
 35,  7 |   0.0000000000000000e+00 |   0.0000000000000000e+00 | 1
 35,  8 |  -2.4239673645870333e-03 |  -2.4239673645870333e-03 | 1
 35,  9 |   7.6591200858571722e-03 |   7.6591200858571722e-03 | 1
 35, 10 |   0.0000000000000000e+00 |   0.0000000000000000e+00 | 1
 35, 11 |   0.0000000000000000e+00 |   0.0000000000000000e+00 | 1
 35, 12 |  -3.6780838245328252e-03 |  -3.6780838245328252e-03 | 1
 35, 13 |   0.0000000000000000e+00 |   0.0000000000000000e+00 | 1
 35, 14 |   0.0000000000000000e+00 |   0.0000000000000000e+00 | 1
 35, 15 |   0.0000000000000000e+00 |   0.0000000000000000e+00 | 1
 35, 16 |  -9.8582285578405616e-04 |  -9.8582285578405616e-04 | 1
 35, 17 |   5.2461018886991451e-04 |   5.2461018886991451e-04 | 1
 35, 18 |   0.0000000000000000e+00 |   0.0000000000000000e+00 | 1
 35, 19 |   0.0000000000000000e+00 |   0.0000000000000000e+00 | 1
 35, 20 |   0.0000000000000000e+00 |   0.0000000000000000e+00 | 1
 35, 21 |   0.0000000000000000e+00 |   0.0000000000000000e+00 | 1
 35, 22 |   0.0000000000000000e+00 |   0.0000000000000000e+00 | 1
 35, 23 |   0.0000000000000000e+00 |   0.0000000000000000e+00 | 1
 35, 24 |  -1.0762111537795695e-03 |  -1.0762111537795695e-03 | 1
 35, 25 |   0.0000000000000000e+00 |   0.0000000000000000e+00 | 1
 35, 26 |   0.0000000000000000e+00 |   0.0000000000000000e+00 | 1
 35, 27 |   0.0000000000000000e+00 |   0.0000000000000000e+00 | 1
 35, 28 |   0.0000000000000000e+00 |   0.0000000000000000e+00 | 1
 35, 29 |   0.0000000000000000e+00 |   0.0000000000000000e+00 | 1
 35, 30 |   0.0000000000000000e+00 |   0.0000000000000000e+00 | 1
 35, 31 |   0.0000000000000000e+00 |   0.0000000000000000e+00 | 1
 35, 32 |   0.0000000000000000e+00 |   0.0000000000000000e+00 | 1
 35, 33 |   1.0566011721485004e-02 |   1.0566011721485004e-02 | 1
 35, 34 |  -7.1102412688856887e-04 |  -7.1102412688856887e-04 | 1
 35, 35 |   8.4322086262411590e-04 |   8.4322086262411590e-04 | 1
 35, 36 |  -1.8499437113582163e-04 |  -1.8499437113582163e-04 | 1
 36,  1 |  -8.5510459718340774e-04 |  -8.5510459718340774e-04 | 1
 36,  2 |  -8.2521408558088163e-05 |  -8.2521408558088163e-05 | 1
 36,  3 |  -1.5252661885676025e-03 |  -1.5252661885676025e-03 | 1
 36,  4 |   1.6382814669754929e-03 |   1.6382814669754929e-03 | 1
 36,  5 |   4.8867614300878554e-04 |   4.8867614300878554e-04 | 1
 36,  6 |   0.0000000000000000e+00 |   0.0000000000000000e+00 | 1
 36,  7 |   0.0000000000000000e+00 |   0.0000000000000000e+00 | 1
 36,  8 |  -6.9026434111905548e-05 |  -6.9026434111905548e-05 | 1
 36,  9 |  -3.4109128210027223e-03 |  -3.4109128210027223e-03 | 1
 36, 10 |   0.0000000000000000e+00 |   0.0000000000000000e+00 | 1
 36, 11 |   0.0000000000000000e+00 |   0.0000000000000000e+00 | 1
 36, 12 |  -3.4293295528150933e-04 |  -3.4293295528150933e-04 | 1
 36, 13 |   0.0000000000000000e+00 |   0.0000000000000000e+00 | 1
 36, 14 |   0.0000000000000000e+00 |   0.0000000000000000e+00 | 1
 36, 15 |   0.0000000000000000e+00 |   0.0000000000000000e+00 | 1
 36, 16 |  -3.4927379146360374e-04 |  -3.4927379146360374e-04 | 1
 36, 17 |  -1.1519155295010388e-03 |  -1.1519155295010388e-03 | 1
 36, 18 |   0.0000000000000000e+00 |   0.0000000000000000e+00 | 1
 36, 19 |   0.0000000000000000e+00 |   0.0000000000000000e+00 | 1
 36, 20 |   0.0000000000000000e+00 |   0.0000000000000000e+00 | 1
 36, 21 |   0.0000000000000000e+00 |   0.0000000000000000e+00 | 1
 36, 22 |   0.0000000000000000e+00 |   0.0000000000000000e+00 | 1
 36, 23 |   0.0000000000000000e+00 |   0.0000000000000000e+00 | 1
 36, 24 |  -1.2665888252352691e-03 |  -1.2665888252352691e-03 | 1
 36, 25 |   0.0000000000000000e+00 |   0.0000000000000000e+00 | 1
 36, 26 |   0.0000000000000000e+00 |   0.0000000000000000e+00 | 1
 36, 27 |   0.0000000000000000e+00 |   0.0000000000000000e+00 | 1
 36, 28 |   0.0000000000000000e+00 |   0.0000000000000000e+00 | 1
 36, 29 |   0.0000000000000000e+00 |   0.0000000000000000e+00 | 1
 36, 30 |   0.0000000000000000e+00 |   0.0000000000000000e+00 | 1
 36, 31 |   0.0000000000000000e+00 |   0.0000000000000000e+00 | 1
 36, 32 |   0.0000000000000000e+00 |   0.0000000000000000e+00 | 1
 36, 33 |   2.2175618040341932e-03 |   2.2175618040341932e-03 | 1
 36, 34 |  -2.0514804334757780e-04 |  -2.0514804334757780e-04 | 1
 36, 35 |  -1.8499437113582163e-04 |  -1.8499437113582163e-04 | 1
 36, 36 |   9.2483765144401784e-04 |   9.2483765144401784e-04 | 1
