row,col | V_base                   | V_new                    | equal
  1,  1 |   6.9492364661617896e-04 |   6.9492364661617896e-04 | 1
  1,  2 |   2.3256500701529016e-04 |   2.3256500701529016e-04 | 1
  1,  3 |   5.8344942107014272e-04 |   5.8344942107014272e-04 | 1
  1,  4 |   4.1511657211113867e-04 |   4.1511657211113867e-04 | 1
  1,  5 |   3.5491585768467385e-04 |   3.5491585768467385e-04 | 1
  1,  6 |   2.5422375805730793e-04 |   2.5422375805730793e-04 | 1
  1,  7 |   4.4674024093121941e-04 |   4.4674024093121941e-04 | 1
  1,  8 |   4.9819450031981464e-04 |   4.9819450031981464e-04 | 1
  1,  9 |   6.1843595090695178e-04 |   6.1843595090695178e-04 | 1
  1, 10 |   1.4867333117086343e-04 |   1.4867333117086343e-04 | 1
  1, 11 |   5.2200074550404815e-04 |   5.2200074550404815e-04 | 1
  1, 12 |   9.1793069191867520e-04 |   9.1793069191867520e-04 | 1
  1, 13 |   5.0945863115790910e-04 |   5.0945863115790910e-04 | 1
  1, 14 |  -1.5453564982956922e-04 |  -1.5453564982956922e-04 | 1
  1, 15 |   4.0399903200386418e-04 |   4.0399903200386418e-04 | 1
  1, 16 |   6.0522632409220636e-04 |   6.0522632409220636e-04 | 1
  1, 17 |   7.4039061039777102e-04 |   7.4039061039777102e-04 | 1
  1, 18 |   5.8176471979868596e-04 |   5.8176471979868596e-04 | 1
  1, 19 |   3.5050732919356966e-04 |   3.5050732919356966e-04 | 1
  1, 20 |   8.9042098152943342e-04 |   8.9042098152943342e-04 | 1
  1, 21 |  -2.7817857021717710e-04 |  -2.7817857021717710e-04 | 1
  1, 22 |   1.4121305252596541e-04 |   1.4121305252596541e-04 | 1
  1, 23 |   1.1970126121533017e-04 |   1.1970126121533017e-04 | 1
  1, 24 |   2.8947501340145798e-04 |   2.8947501340145798e-04 | 1
  1, 25 |   3.2631047292641392e-04 |   3.2631047292641392e-04 | 1
  1, 26 |  -2.5775449484098309e-04 |  -2.5775449484098309e-04 | 1
  1, 27 |   1.0061951878999007e-05 |   1.0061951878999007e-05 | 1
  1, 28 |   1.9701034154297843e-04 |   1.9701034154297843e-04 | 1
  1, 29 |  -4.9703935653151875e-05 |  -4.9703935653151875e-05 | 1
  1, 30 |  -2.9444873552205591e-04 |  -2.9444873552205591e-04 | 1
  2,  1 |   2.3256500701529016e-04 |   2.3256500701529016e-04 | 1
  2,  2 |   8.5043348397532026e-04 |   8.5043348397532026e-04 | 1
  2,  3 |   2.0065802433222920e-04 |   2.0065802433222920e-04 | 1
  2,  4 |   3.3093766000509952e-04 |   3.3093766000509952e-04 | 1
  2,  5 |   4.1045369933795600e-04 |   4.1045369933795600e-04 | 1
  2,  6 |   8.8477279142846235e-05 |   8.8477279142846235e-05 | 1
  2,  7 |   3.3629640367897662e-04 |   3.3629640367897662e-04 | 1
  2,  8 |   3.9755961979665228e-04 |   3.9755961979665228e-04 | 1
  2,  9 |   3.1332370246368846e-04 |   3.1332370246368846e-04 | 1
  2, 10 |   7.4214817891132400e-04 |   7.4214817891132400e-04 | 1
  2, 11 |   5.6477944095115239e-04 |   5.6477944095115239e-04 | 1
  2, 12 |  -3.7816753390426303e-04 |  -3.7816753390426303e-04 | 1
  2, 13 |  -4.9237424529395297e-05 |  -4.9237424529395297e-05 | 1
  2, 14 |   3.5664547131764859e-04 |   3.5664547131764859e-04 | 1
  2, 15 |   6.0793724654625196e-04 |   6.0793724654625196e-04 | 1
  2, 16 |   3.9045236116302831e-04 |   3.9045236116302831e-04 | 1
  2, 17 |   1.6578286826159772e-04 |   1.6578286826159772e-04 | 1
  2, 18 |   2.8162044992174949e-04 |   2.8162044992174949e-04 | 1
  2, 19 |   3.0378082981614453e-04 |   3.0378082981614453e-04 | 1
  2, 20 |   1.4471231123208543e-03 |   1.4471231123208543e-03 | 1
  2, 21 |   7.5149467789697609e-04 |   7.5149467789697609e-04 | 1
  2, 22 |   7.9779869534136007e-04 |   7.9779869534136007e-04 | 1
  2, 23 |   1.9779768437149740e-04 |   1.9779768437149740e-04 | 1
  2, 24 |   6.9390188590239899e-04 |   6.9390188590239899e-04 | 1
  2, 25 |   6.3520993574335538e-04 |   6.3520993574335538e-04 | 1
  2, 26 |   1.2199019237584480e-03 |   1.2199019237584480e-03 | 1
  2, 27 |   7.0255313936112233e-04 |   7.0255313936112233e-04 | 1
  2, 28 |  -6.9006896347417415e-05 |  -6.9006896347417415e-05 | 1
  2, 29 |   6.4622821742301318e-04 |   6.4622821742301318e-04 | 1
  2, 30 |   5.4889656698865839e-04 |   5.4889656698865839e-04 | 1
  3,  1 |   5.8344942107014272e-04 |   5.8344942107014272e-04 | 1
  3,  2 |   2.0065802433222920e-04 |   2.0065802433222920e-04 | 1
  3,  3 |   8.1742726129056581e-04 |   8.1742726129056581e-04 | 1
  3,  4 |   3.1067928272883238e-04 |   3.1067928272883238e-04 | 1
  3,  5 |   2.6745794648410097e-04 |   2.6745794648410097e-04 | 1
  3,  6 |   4.7052759232045396e-04 |   4.7052759232045396e-04 | 1
  3,  7 |   4.6161854307265554e-04 |   4.6161854307265554e-04 | 1
  3,  8 |   7.7689041439311924e-04 |   7.7689041439311924e-04 | 1
  3,  9 |   5.1011703785852863e-04 |   5.1011703785852863e-04 | 1
  3, 10 |  -2.4299781328660636e-04 |  -2.4299781328660636e-04 | 1
  3, 11 |   5.0150155899351414e-04 |   5.0150155899351414e-04 | 1
  3, 12 |   1.6425277783212577e-03 |   1.6425277783212577e-03 | 1
  3, 13 |   9.8065762372845236e-04 |   9.8065762372845236e-04 | 1
  3, 14 |  -4.8454823506627890e-04 |  -4.8454823506627890e-04 | 1
  3, 15 |   3.3244850386746939e-04 |   3.3244850386746939e-04 | 1
  3, 16 |   6.5391128576765983e-04 |   6.5391128576765983e-04 | 1
  3, 17 |   9.1466293868251681e-04 |   9.1466293868251681e-04 | 1
  3, 18 |   1.0154333903150880e-03 |   1.0154333903150880e-03 | 1
  3, 19 |   3.6839950430002301e-04 |   3.6839950430002301e-04 | 1
  3, 20 |   5.5883781735753838e-04 |   5.5883781735753838e-04 | 1
  3, 21 |  -4.2960156761756292e-04 |  -4.2960156761756292e-04 | 1
  3, 22 |  -3.9046162003023108e-04 |  -3.9046162003023108e-04 | 1
  3, 23 |  -2.7245174650648741e-05 |  -2.7245174650648741e-05 | 1
  3, 24 |   1.0849387603349631e-04 |   1.0849387603349631e-04 | 1
  3, 25 |  -1.4269669969493734e-04 |  -1.4269669969493734e-04 | 1
  3, 26 |  -8.4561835826458230e-04 |  -8.4561835826458230e-04 | 1
  3, 27 |  -3.1153743097043878e-04 |  -3.1153743097043878e-04 | 1
  3, 28 |   5.1415732639166381e-04 |   5.1415732639166381e-04 | 1
  3, 29 |  -4.0567409362597152e-04 |  -4.0567409362597152e-04 | 1
  3, 30 |  -5.1167737909172165e-04 |  -5.1167737909172165e-04 | 1
  4,  1 |   4.1511657211113867e-04 |   4.1511657211113867e-04 | 1
  4,  2 |   3.3093766000509952e-04 |   3.3093766000509952e-04 | 1
  4,  3 |   3.1067928272883238e-04 |   3.1067928272883238e-04 | 1
  4,  4 |   1.7707655997785600e-03 |   1.7707655997785600e-03 | 1
  4,  5 |   5.4045788817684820e-04 |   5.4045788817684820e-04 | 1
  4,  6 |   3.9430454602791759e-04 |   3.9430454602791759e-04 | 1
  4,  7 |   1.9194040212950069e-04 |   1.9194040212950069e-04 | 1
  4,  8 |   1.3217460695736120e-04 |   1.3217460695736120e-04 | 1
  4,  9 |   6.8622206731772735e-04 |   6.8622206731772735e-04 | 1
  4, 10 |   4.7125069381792303e-04 |   4.7125069381792303e-04 | 1
  4, 11 |   1.7082084755265845e-04 |   1.7082084755265845e-04 | 1
  4, 12 |  -9.5137681400628366e-05 |  -9.5137681400628366e-05 | 1
  4, 13 |   4.8470278719880023e-04 |   4.8470278719880023e-04 | 1
  4, 14 |   1.3434699498940461e-03 |   1.3434699498940461e-03 | 1
  4, 15 |   7.3921049812058072e-04 |   7.3921049812058072e-04 | 1
  4, 16 |   4.6676550162189925e-04 |   4.6676550162189925e-04 | 1
  4, 17 |   6.5127933485169200e-04 |   6.5127933485169200e-04 | 1
  4, 18 |   2.7215430932428638e-04 |   2.7215430932428638e-04 | 1
  4, 19 |   8.2492536387606066e-05 |   8.2492536387606066e-05 | 1
  4, 20 |   1.1655380138962772e-03 |   1.1655380138962772e-03 | 1
  4, 21 |   1.2433990702980196e-03 |   1.2433990702980196e-03 | 1
  4, 22 |   7.0481764040106285e-04 |   7.0481764040106285e-04 | 1
  4, 23 |   1.0119301322077912e-04 |   1.0119301322077912e-04 | 1
  4, 24 |   1.2308507388119881e-04 |   1.2308507388119881e-04 | 1
  4, 25 |  -5.0902538002643943e-04 |  -5.0902538002643943e-04 | 1
  4, 26 |   7.4349110898039110e-04 |   7.4349110898039110e-04 | 1
  4, 27 |   4.7369175405871362e-04 |   4.7369175405871362e-04 | 1
  4, 28 |   1.0746354630799610e-04 |   1.0746354630799610e-04 | 1
  4, 29 |   4.1626469771482066e-04 |   4.1626469771482066e-04 | 1
  4, 30 |   6.0781685254920144e-04 |   6.0781685254920144e-04 | 1
  5,  1 |   3.5491585768467385e-04 |   3.5491585768467385e-04 | 1
  5,  2 |   4.1045369933795600e-04 |   4.1045369933795600e-04 | 1
  5,  3 |   2.6745794648410097e-04 |   2.6745794648410097e-04 | 1
  5,  4 |   5.4045788817684820e-04 |   5.4045788817684820e-04 | 1
  5,  5 |   7.2577340706882958e-04 |   7.2577340706882958e-04 | 1
  5,  6 |   1.4099354325817636e-04 |   1.4099354325817636e-04 | 1
  5,  7 |   2.4286250366940736e-04 |   2.4286250366940736e-04 | 1
  5,  8 |  -3.7570453072434260e-05 |  -3.7570453072434260e-05 | 1
  5,  9 |   4.7337043610655975e-04 |   4.7337043610655975e-04 | 1
  5, 10 |   7.5647799944860892e-04 |   7.5647799944860892e-04 | 1
  5, 11 |   7.9319209198670316e-04 |   7.9319209198670316e-04 | 1
  5, 12 |  -1.5362485884614686e-04 |  -1.5362485884614686e-04 | 1
  5, 13 |  -3.0195667363783991e-05 |  -3.0195667363783991e-05 | 1
  5, 14 |   1.1076313697522337e-04 |   1.1076313697522337e-04 | 1
  5, 15 |   5.9026275329099450e-04 |   5.9026275329099450e-04 | 1
  5, 16 |   3.1661481214656181e-04 |   3.1661481214656181e-04 | 1
  5, 17 |   5.3497053426313662e-04 |   5.3497053426313662e-04 | 1
  5, 18 |   8.9439411650242196e-05 |   8.9439411650242196e-05 | 1
  5, 19 |   3.9825008812376794e-04 |   3.9825008812376794e-04 | 1
  5, 20 |   8.0584759806519779e-04 |   8.0584759806519779e-04 | 1
  5, 21 |   1.0203949773613099e-03 |   1.0203949773613099e-03 | 1
  5, 22 |   2.3102170013890126e-04 |   2.3102170013890126e-04 | 1
  5, 23 |   1.4607423240617921e-04 |   1.4607423240617921e-04 | 1
  5, 24 |   5.1570272579303596e-04 |   5.1570272579303596e-04 | 1
  5, 25 |   3.5418808480651475e-04 |   3.5418808480651475e-04 | 1
  5, 26 |   1.1423574240139434e-03 |   1.1423574240139434e-03 | 1
  5, 27 |   5.9975761535469973e-04 |   5.9975761535469973e-04 | 1
  5, 28 |  -8.9711767758446820e-05 |  -8.9711767758446820e-05 | 1
  5, 29 |   5.7677084344740219e-04 |   5.7677084344740219e-04 | 1
  5, 30 |   7.1379278061249737e-04 |   7.1379278061249737e-04 | 1
  6,  1 |   2.5422375805730793e-04 |   2.5422375805730793e-04 | 1
  6,  2 |   8.8477279142846235e-05 |   8.8477279142846235e-05 | 1
  6,  3 |   4.7052759232045396e-04 |   4.7052759232045396e-04 | 1
  6,  4 |   3.9430454602791759e-04 |   3.9430454602791759e-04 | 1
  6,  5 |   1.4099354325817636e-04 |   1.4099354325817636e-04 | 1
  6,  6 |   1.1259183711236700e-03 |   1.1259183711236700e-03 | 1
  6,  7 |   1.8139135022577111e-04 |   1.8139135022577111e-04 | 1
  6,  8 |   8.5554982190705938e-04 |   8.5554982190705938e-04 | 1
  6,  9 |  -6.6422557237747273e-05 |  -6.6422557237747273e-05 | 1
  6, 10 |  -1.0409902137456094e-04 |  -1.0409902137456094e-04 | 1
  6, 11 |   3.5038679166616573e-04 |   3.5038679166616573e-04 | 1
  6, 12 |   6.7417175638755556e-04 |   6.7417175638755556e-04 | 1
  6, 13 |   6.5767106813074765e-04 |   6.5767106813074765e-04 | 1
  6, 14 |   4.5807690096199069e-04 |   4.5807690096199069e-04 | 1
  6, 15 |   2.9821656810959519e-04 |   2.9821656810959519e-04 | 1
  6, 16 |   2.0612499497043872e-04 |   2.0612499497043872e-04 | 1
  6, 17 |   5.0976603262181913e-04 |   5.0976603262181913e-04 | 1
  6, 18 |   5.3054319321651383e-04 |   5.3054319321651383e-04 | 1
  6, 19 |   5.0662418072868831e-04 |   5.0662418072868831e-04 | 1
  6, 20 |  -1.5380415999067656e-04 |  -1.5380415999067656e-04 | 1
  6, 21 |   4.2648296106915606e-04 |   4.2648296106915606e-04 | 1
  6, 22 |   3.8170707312722558e-04 |   3.8170707312722558e-04 | 1
  6, 23 |  -8.9825809009491480e-05 |  -8.9825809009491480e-05 | 1
  6, 24 |   6.0157376069943822e-05 |   6.0157376069943822e-05 | 1
  6, 25 |   3.7611099065550102e-04 |   3.7611099065550102e-04 | 1
  6, 26 |  -5.3630335946796811e-04 |  -5.3630335946796811e-04 | 1
  6, 27 |   2.6029018726609775e-04 |   2.6029018726609775e-04 | 1
  6, 28 |   4.0375240500130751e-04 |   4.0375240500130751e-04 | 1
  6, 29 |  -1.6831142243794905e-04 |  -1.6831142243794905e-04 | 1
  6, 30 |  -1.5735547632669613e-04 |  -1.5735547632669613e-04 | 1
  7,  1 |   4.4674024093121941e-04 |   4.4674024093121941e-04 | 1
  7,  2 |   3.3629640367897662e-04 |   3.3629640367897662e-04 | 1
  7,  3 |   4.6161854307265554e-04 |   4.6161854307265554e-04 | 1
  7,  4 |   1.9194040212950069e-04 |   1.9194040212950069e-04 | 1
  7,  5 |   2.4286250366940736e-04 |   2.4286250366940736e-04 | 1
  7,  6 |   1.8139135022577111e-04 |   1.8139135022577111e-04 | 1
  7,  7 |   4.2818672321538449e-04 |   4.2818672321538449e-04 | 1
  7,  8 |   5.0552045995178594e-04 |   5.0552045995178594e-04 | 1
  7,  9 |   4.7744276785684312e-04 |   4.7744276785684312e-04 | 1
  7, 10 |   8.0966752675256916e-05 |   8.0966752675256916e-05 | 1
  7, 11 |   4.3392773125840449e-04 |   4.3392773125840449e-04 | 1
  7, 12 |   9.2896394828406639e-04 |   9.2896394828406639e-04 | 1
  7, 13 |   4.1005432998017131e-04 |   4.1005432998017131e-04 | 1
  7, 14 |   1.6095647557484781e-05 |   1.6095647557484781e-05 | 1
  7, 15 |   3.4936044295263654e-04 |   3.4936044295263654e-04 | 1
  7, 16 |   4.4063989740566377e-04 |   4.4063989740566377e-04 | 1
  7, 17 |   5.1749440143962380e-04 |   5.1749440143962380e-04 | 1
  7, 18 |   5.9152962278181238e-04 |   5.9152962278181238e-04 | 1
  7, 19 |   3.3232717056837094e-04 |   3.3232717056837094e-04 | 1
  7, 20 |   8.2163177583996754e-04 |   8.2163177583996754e-04 | 1
  7, 21 |  -3.0829511913692655e-04 |  -3.0829511913692655e-04 | 1
  7, 22 |  -3.2751182407008591e-05 |  -3.2751182407008591e-05 | 1
  7, 23 |   2.5873614213427265e-05 |   2.5873614213427265e-05 | 1
  7, 24 |   2.0275154375106407e-04 |   2.0275154375106407e-04 | 1
  7, 25 |   1.5386632499733550e-04 |   1.5386632499733550e-04 | 1
  7, 26 |  -1.4341219796581289e-04 |  -1.4341219796581289e-04 | 1
  7, 27 |   3.6501667411104120e-05 |   3.6501667411104120e-05 | 1
  7, 28 |   1.6974555878313408e-04 |   1.6974555878313408e-04 | 1
  7, 29 |  -3.0227893433383096e-05 |  -3.0227893433383096e-05 | 1
  7, 30 |  -3.0679755719584793e-04 |  -3.0679755719584793e-04 | 1
  8,  1 |   4.9819450031981464e-04 |   4.9819450031981464e-04 | 1
  8,  2 |   3.9755961979665228e-04 |   3.9755961979665228e-04 | 1
  8,  3 |   7.7689041439311924e-04 |   7.7689041439311924e-04 | 1
  8,  4 |   1.3217460695736120e-04 |   1.3217460695736120e-04 | 1
  8,  5 |  -3.7570453072434260e-05 |  -3.7570453072434260e-05 | 1
  8,  6 |   8.5554982190705938e-04 |   8.5554982190705938e-04 | 1
  8,  7 |   5.0552045995178594e-04 |   5.0552045995178594e-04 | 1
  8,  8 |   1.7276726928731122e-03 |   1.7276726928731122e-03 | 1
  8,  9 |   4.8415809751857914e-04 |   4.8415809751857914e-04 | 1
  8, 10 |  -3.3141068301527213e-04 |  -3.3141068301527213e-04 | 1
  8, 11 |   6.5248770792395534e-04 |   6.5248770792395534e-04 | 1
  8, 12 |   1.6531426917718306e-03 |   1.6531426917718306e-03 | 1
  8, 13 |   9.4128722356084092e-04 |   9.4128722356084092e-04 | 1
  8, 14 |   1.7836232067078989e-04 |   1.7836232067078989e-04 | 1
  8, 15 |   2.8382261330460825e-04 |   2.8382261330460825e-04 | 1
  8, 16 |   6.7809918899615742e-04 |   6.7809918899615742e-04 | 1
  8, 17 |   5.9676749667518991e-04 |   5.9676749667518991e-04 | 1
  8, 18 |   1.1359090873418846e-03 |   1.1359090873418846e-03 | 1
  8, 19 |   5.4487391202597143e-04 |   5.4487391202597143e-04 | 1
  8, 20 |   7.2519902582447271e-04 |   7.2519902582447271e-04 | 1
  8, 21 |  -5.1368552903039810e-04 |  -5.1368552903039810e-04 | 1
  8, 22 |  -4.6260940544240394e-04 |  -4.6260940544240394e-04 | 1
  8, 23 |   8.4365295172545216e-05 |   8.4365295172545216e-05 | 1
  8, 24 |   3.2690500052507732e-04 |   3.2690500052507732e-04 | 1
  8, 25 |   6.8447803099932255e-04 |   6.8447803099932255e-04 | 1
  8, 26 |  -1.3199218614794682e-03 |  -1.3199218614794682e-03 | 1
  8, 27 |  -2.7121175222109175e-05 |  -2.7121175222109175e-05 | 1
  8, 28 |   5.1092808600282412e-04 |   5.1092808600282412e-04 | 1
  8, 29 |  -4.5301346094051557e-04 |  -4.5301346094051557e-04 | 1
  8, 30 |  -6.5281152889787135e-04 |  -6.5281152889787135e-04 | 1
  9,  1 |   6.1843595090695178e-04 |   6.1843595090695178e-04 | 1
  9,  2 |   3.1332370246368846e-04 |   3.1332370246368846e-04 | 1
  9,  3 |   5.1011703785852863e-04 |   5.1011703785852863e-04 | 1
  9,  4 |   6.8622206731772735e-04 |   6.8622206731772735e-04 | 1
  9,  5 |   4.7337043610655975e-04 |   4.7337043610655975e-04 | 1
  9,  6 |  -6.6422557237747273e-05 |  -6.6422557237747273e-05 | 1
  9,  7 |   4.7744276785684312e-04 |   4.7744276785684312e-04 | 1
  9,  8 |   4.8415809751857914e-04 |   4.8415809751857914e-04 | 1
  9,  9 |   1.4752842416671610e-03 |   1.4752842416671610e-03 | 1
  9, 10 |   5.0457418859848517e-04 |   5.0457418859848517e-04 | 1
  9, 11 |   8.8656634572667676e-04 |   8.8656634572667676e-04 | 1
  9, 12 |   7.8141062505622885e-04 |   7.8141062505622885e-04 | 1
  9, 13 |   4.0394154263332250e-04 |   4.0394154263332250e-04 | 1
  9, 14 |   8.6119544095077018e-04 |   8.6119544095077018e-04 | 1
  9, 15 |   6.2995650895704869e-04 |   6.2995650895704869e-04 | 1
  9, 16 |   7.0432752644883703e-04 |   7.0432752644883703e-04 | 1
  9, 17 |   7.6190259249544806e-04 |   7.6190259249544806e-04 | 1
  9, 18 |   4.5578670453458954e-04 |   4.5578670453458954e-04 | 1
  9, 19 |   3.8048145905890559e-04 |   3.8048145905890559e-04 | 1
  9, 20 |   1.2109248314415510e-03 |   1.2109248314415510e-03 | 1
  9, 21 |   2.8190220340792153e-04 |   2.8190220340792153e-04 | 1
  9, 22 |  -5.6553055717860953e-04 |  -5.6553055717860953e-04 | 1
  9, 23 |   2.6741090350121247e-04 |   2.6741090350121247e-04 | 1
  9, 24 |   3.8111903765661076e-04 |   3.8111903765661076e-04 | 1
  9, 25 |   3.8702260721514725e-04 |   3.8702260721514725e-04 | 1
  9, 26 |   3.4759109826705656e-04 |   3.4759109826705656e-04 | 1
  9, 27 |   3.6315750812148046e-04 |   3.6315750812148046e-04 | 1
  9, 28 |   3.6781939121364996e-05 |   3.6781939121364996e-05 | 1
  9, 29 |   3.5669422488472820e-04 |   3.5669422488472820e-04 | 1
  9, 30 |   3.4733362331558818e-04 |   3.4733362331558818e-04 | 1
 10,  1 |   1.4867333117086343e-04 |   1.4867333117086343e-04 | 1
 10,  2 |   7.4214817891132400e-04 |   7.4214817891132400e-04 | 1
 10,  3 |  -2.4299781328660636e-04 |  -2.4299781328660636e-04 | 1
 10,  4 |   4.7125069381792303e-04 |   4.7125069381792303e-04 | 1
 10,  5 |   7.5647799944860892e-04 |   7.5647799944860892e-04 | 1
 10,  6 |  -1.0409902137456094e-04 |  -1.0409902137456094e-04 | 1
 10,  7 |   8.0966752675256916e-05 |   8.0966752675256916e-05 | 1
 10,  8 |  -3.3141068301527213e-04 |  -3.3141068301527213e-04 | 1
 10,  9 |   5.0457418859848517e-04 |   5.0457418859848517e-04 | 1
 10, 10 |   1.7183422637538663e-03 |   1.7183422637538663e-03 | 1
 10, 11 |   8.7065084752012086e-04 |   8.7065084752012086e-04 | 1
 10, 12 |  -2.1421803384483831e-03 |  -2.1421803384483831e-03 | 1
 10, 13 |  -9.0760379732313795e-04 |  -9.0760379732313795e-04 | 1
 10, 14 |   9.0093665100234271e-04 |   9.0093665100234271e-04 | 1
 10, 15 |   7.6820709456826568e-04 |   7.6820709456826568e-04 | 1
 10, 16 |   1.0720149651797420e-04 |   1.0720149651797420e-04 | 1
 10, 17 |  -1.1482938302137909e-04 |  -1.1482938302137909e-04 | 1
 10, 18 |  -7.2758558983607538e-04 |  -7.2758558983607538e-04 | 1
 10, 19 |   3.7412881901029518e-04 |   3.7412881901029518e-04 | 1
 10, 20 |   1.2493361433310317e-03 |   1.2493361433310317e-03 | 1
 10, 21 |   2.4435858705883964e-03 |   2.4435858705883964e-03 | 1
 10, 22 |   1.3289508353881629e-03 |   1.3289508353881629e-03 | 1
 10, 23 |   4.0562629444706701e-04 |   4.0562629444706701e-04 | 1
 10, 24 |   1.2065945420364822e-03 |   1.2065945420364822e-03 | 1
 10, 25 |   1.4850320459073910e-03 |   1.4850320459073910e-03 | 1
 10, 26 |   2.8067809144247799e-03 |   2.8067809144247799e-03 | 1
 10, 27 |   1.5895024455575074e-03 |   1.5895024455575074e-03 | 1
 10, 28 |  -5.9938363672037195e-04 |  -5.9938363672037195e-04 | 1
 10, 29 |   1.4884078082058696e-03 |   1.4884078082058696e-03 | 1
 10, 30 |   2.0588545882259624e-03 |   2.0588545882259624e-03 | 1
 11,  1 |   5.2200074550404815e-04 |   5.2200074550404815e-04 | 1
 11,  2 |   5.6477944095115239e-04 |   5.6477944095115239e-04 | 1
 11,  3 |   5.0150155899351414e-04 |   5.0150155899351414e-04 | 1
 11,  4 |   1.7082084755265845e-04 |   1.7082084755265845e-04 | 1
 11,  5 |   7.9319209198670316e-04 |   7.9319209198670316e-04 | 1
 11,  6 |   3.5038679166616573e-04 |   3.5038679166616573e-04 | 1
 11,  7 |   4.3392773125840449e-04 |   4.3392773125840449e-04 | 1
 11,  8 |   6.5248770792395534e-04 |   6.5248770792395534e-04 | 1
 11,  9 |   8.8656634572667676e-04 |   8.8656634572667676e-04 | 1
 11, 10 |   8.7065084752012086e-04 |   8.7065084752012086e-04 | 1
 11, 11 |   1.4833543888869570e-03 |   1.4833543888869570e-03 | 1
 11, 12 |   3.2011035974328363e-04 |   3.2011035974328363e-04 | 1
 11, 13 |   7.2107559366899567e-05 |   7.2107559366899567e-05 | 1
 11, 14 |   1.1709412293926965e-04 |   1.1709412293926965e-04 | 1
 11, 15 |   6.9744713881840308e-04 |   6.9744713881840308e-04 | 1
 11, 16 |   5.4286954754103039e-04 |   5.4286954754103039e-04 | 1
 11, 17 |   7.0306668686640568e-04 |   7.0306668686640568e-04 | 1
 11, 18 |   3.4810454229440395e-04 |   3.4810454229440395e-04 | 1
 11, 19 |   7.7396694678917230e-04 |   7.7396694678917230e-04 | 1
 11, 20 |   9.1284845451058776e-04 |   9.1284845451058776e-04 | 1
 11, 21 |   8.5973950001829000e-04 |   8.5973950001829000e-04 | 1
 11, 22 |  -3.6237843321307566e-04 |  -3.6237843321307566e-04 | 1
 11, 23 |   3.1690934961023717e-04 |   3.1690934961023717e-04 | 1
 11, 24 |   8.4237267838742596e-04 |   8.4237267838742596e-04 | 1
 11, 25 |   1.2626624260883386e-03 |   1.2626624260883386e-03 | 1
 11, 26 |   8.9925629140948874e-04 |   8.9925629140948874e-04 | 1
 11, 27 |   8.1816692163243438e-04 |   8.1816692163243438e-04 | 1
 11, 28 |  -3.8567542366431353e-05 |  -3.8567542366431353e-05 | 1
 11, 29 |   6.2134830187338108e-04 |   6.2134830187338108e-04 | 1
 11, 30 |   6.8201750959471640e-04 |   6.8201750959471640e-04 | 1
 12,  1 |   9.1793069191867520e-04 |   9.1793069191867520e-04 | 1
 12,  2 |  -3.7816753390426303e-04 |  -3.7816753390426303e-04 | 1
 12,  3 |   1.6425277783212577e-03 |   1.6425277783212577e-03 | 1
 12,  4 |  -9.5137681400628366e-05 |  -9.5137681400628366e-05 | 1
 12,  5 |  -1.5362485884614686e-04 |  -1.5362485884614686e-04 | 1
 12,  6 |   6.7417175638755556e-04 |   6.7417175638755556e-04 | 1
 12,  7 |   9.2896394828406639e-04 |   9.2896394828406639e-04 | 1
 12,  8 |   1.6531426917718306e-03 |   1.6531426917718306e-03 | 1
 12,  9 |   7.8141062505622885e-04 |   7.8141062505622885e-04 | 1
 12, 10 |  -2.1421803384483831e-03 |  -2.1421803384483831e-03 | 1
 12, 11 |   3.2011035974328363e-04 |   3.2011035974328363e-04 | 1
 12, 12 |   5.7209130443912548e-03 |   5.7209130443912548e-03 | 1
 12, 13 |   2.5372665724166842e-03 |   2.5372665724166842e-03 | 1
 12, 14 |  -1.4139396692856923e-03 |  -1.4139396692856923e-03 | 1
 12, 15 |  -1.7966489134270278e-04 |  -1.7966489134270278e-04 | 1
 12, 16 |   9.6266254525701942e-04 |   9.6266254525701942e-04 | 1
 12, 17 |   1.7513385111640510e-03 |   1.7513385111640510e-03 | 1
 12, 18 |   2.5483991250880456e-03 |   2.5483991250880456e-03 | 1
 12, 19 |   5.1402284956330885e-04 |   5.1402284956330885e-04 | 1
 12, 20 |  -2.8550992808019536e-04 |  -2.8550992808019536e-04 | 1
 12, 21 |  -3.7897045123526899e-03 |  -3.7897045123526899e-03 | 1
 12, 22 |  -2.9729478131545516e-03 |  -2.9729478131545516e-03 | 1
 12, 23 |  -5.7161795510599534e-04 |  -5.7161795510599534e-04 | 1
 12, 24 |  -1.1963036271646593e-03 |  -1.1963036271646593e-03 | 1
 12, 25 |  -1.8087384876042736e-03 |  -1.8087384876042736e-03 | 1
 12, 26 |  -4.2820503512344156e-03 |  -4.2820503512344156e-03 | 1
 12, 27 |  -2.1208080677573233e-03 |  -2.1208080677573233e-03 | 1
 12, 28 |   1.2254823035639153e-03 |   1.2254823035639153e-03 | 1
 12, 29 |  -2.1776088680426700e-03 |  -2.1776088680426700e-03 | 1
 12, 30 |  -3.2721878535485467e-03 |  -3.2721878535485467e-03 | 1
 13,  1 |   5.0945863115790910e-04 |   5.0945863115790910e-04 | 1
 13,  2 |  -4.9237424529395297e-05 |  -4.9237424529395297e-05 | 1
 13,  3 |   9.8065762372845236e-04 |   9.8065762372845236e-04 | 1
 13,  4 |   4.8470278719880023e-04 |   4.8470278719880023e-04 | 1
 13,  5 |  -3.0195667363783991e-05 |  -3.0195667363783991e-05 | 1
 13,  6 |   6.5767106813074765e-04 |   6.5767106813074765e-04 | 1
 13,  7 |   4.1005432998017131e-04 |   4.1005432998017131e-04 | 1
 13,  8 |   9.4128722356084092e-04 |   9.4128722356084092e-04 | 1
 13,  9 |   4.0394154263332250e-04 |   4.0394154263332250e-04 | 1
 13, 10 |  -9.0760379732313795e-04 |  -9.0760379732313795e-04 | 1
 13, 11 |   7.2107559366899567e-05 |   7.2107559366899567e-05 | 1
 13, 12 |   2.5372665724166842e-03 |   2.5372665724166842e-03 | 1
 13, 13 |   2.0141347646688975e-03 |   2.0141347646688975e-03 | 1
 13, 14 |  -7.5092248510005540e-04 |  -7.5092248510005540e-04 | 1
 13, 15 |   1.8444888229676945e-05 |   1.8444888229676945e-05 | 1
 13, 16 |   5.8062596740286081e-04 |   5.8062596740286081e-04 | 1
 13, 17 |   9.1590317987483554e-04 |   9.1590317987483554e-04 | 1
 13, 18 |   1.4702095474403705e-03 |   1.4702095474403705e-03 | 1
 13, 19 |   2.5316182362919730e-04 |   2.5316182362919730e-04 | 1
 13, 20 |  -6.1390073883293473e-04 |  -6.1390073883293473e-04 | 1
 13, 21 |  -1.1714971214878147e-03 |  -1.1714971214878147e-03 | 1
 13, 22 |  -1.2609837883506793e-03 |  -1.2609837883506793e-03 | 1
 13, 23 |  -3.4214160751954917e-04 |  -3.4214160751954917e-04 | 1
 13, 24 |  -4.0475647852575758e-04 |  -4.0475647852575758e-04 | 1
 13, 25 |  -7.7249412814130126e-04 |  -7.7249412814130126e-04 | 1
 13, 26 |  -1.9259487944663419e-03 |  -1.9259487944663419e-03 | 1
 13, 27 |  -8.8262503238886790e-04 |  -8.8262503238886790e-04 | 1
 13, 28 |   6.0673510275955776e-04 |   6.0673510275955776e-04 | 1
 13, 29 |  -1.0083346951214986e-03 |  -1.0083346951214986e-03 | 1
 13, 30 |  -9.2529380986946044e-04 |  -9.2529380986946044e-04 | 1
 14,  1 |  -1.5453564982956922e-04 |  -1.5453564982956922e-04 | 1
 14,  2 |   3.5664547131764859e-04 |   3.5664547131764859e-04 | 1
 14,  3 |  -4.8454823506627890e-04 |  -4.8454823506627890e-04 | 1
 14,  4 |   1.3434699498940461e-03 |   1.3434699498940461e-03 | 1
 14,  5 |   1.1076313697522337e-04 |   1.1076313697522337e-04 | 1
 14,  6 |   4.5807690096199069e-04 |   4.5807690096199069e-04 | 1
 14,  7 |   1.6095647557484781e-05 |   1.6095647557484781e-05 | 1
 14,  8 |   1.7836232067078989e-04 |   1.7836232067078989e-04 | 1
 14,  9 |   8.6119544095077018e-04 |   8.6119544095077018e-04 | 1
 14, 10 |   9.0093665100234271e-04 |   9.0093665100234271e-04 | 1
 14, 11 |   1.1709412293926965e-04 |   1.1709412293926965e-04 | 1
 14, 12 |  -1.4139396692856923e-03 |  -1.4139396692856923e-03 | 1
 14, 13 |  -7.5092248510005540e-04 |  -7.5092248510005540e-04 | 1
 14, 14 |   4.2907175711235238e-03 |   4.2907175711235238e-03 | 1
 14, 15 |   7.6692487316478352e-04 |   7.6692487316478352e-04 | 1
 14, 16 |  -1.4994780911926929e-05 |  -1.4994780911926929e-05 | 1
 14, 17 |  -2.1413042018563603e-04 |  -2.1413042018563603e-04 | 1
 14, 18 |  -7.1129350360260232e-04 |  -7.1129350360260232e-04 | 1
 14, 19 |   3.0472661096802840e-04 |   3.0472661096802840e-04 | 1
 14, 20 |   1.4274311586533806e-03 |   1.4274311586533806e-03 | 1
 14, 21 |   1.6645801344410771e-03 |   1.6645801344410771e-03 | 1
 14, 22 |   1.5481387010030847e-03 |   1.5481387010030847e-03 | 1
 14, 23 |   1.4280881208034727e-04 |   1.4280881208034727e-04 | 1
 14, 24 |  -9.0168011643731885e-05 |  -9.0168011643731885e-05 | 1
 14, 25 |   4.7015972201385500e-04 |   4.7015972201385500e-04 | 1
 14, 26 |   1.7468809092910428e-03 |   1.7468809092910428e-03 | 1
 14, 27 |   1.5177443159992473e-03 |   1.5177443159992473e-03 | 1
 14, 28 |  -3.8741738851880733e-04 |  -3.8741738851880733e-04 | 1
 14, 29 |   1.1940320333666218e-03 |   1.1940320333666218e-03 | 1
 14, 30 |   6.7533785260494913e-04 |   6.7533785260494913e-04 | 1
 15,  1 |   4.0399903200386418e-04 |   4.0399903200386418e-04 | 1
 15,  2 |   6.0793724654625196e-04 |   6.0793724654625196e-04 | 1
 15,  3 |   3.3244850386746939e-04 |   3.3244850386746939e-04 | 1
 15,  4 |   7.3921049812058072e-04 |   7.3921049812058072e-04 | 1
 15,  5 |   5.9026275329099450e-04 |   5.9026275329099450e-04 | 1
 15,  6 |   2.9821656810959519e-04 |   2.9821656810959519e-04 | 1
 15,  7 |   3.4936044295263654e-04 |   3.4936044295263654e-04 | 1
 15,  8 |   2.8382261330460825e-04 |   2.8382261330460825e-04 | 1
 15,  9 |   6.2995650895704869e-04 |   6.2995650895704869e-04 | 1
 15, 10 |   7.6820709456826568e-04 |   7.6820709456826568e-04 | 1
 15, 11 |   6.9744713881840308e-04 |   6.9744713881840308e-04 | 1
 15, 12 |  -1.7966489134270278e-04 |  -1.7966489134270278e-04 | 1
 15, 13 |   1.8444888229676945e-05 |   1.8444888229676945e-05 | 1
 15, 14 |   7.6692487316478352e-04 |   7.6692487316478352e-04 | 1
 15, 15 |   8.0129597586262545e-04 |   8.0129597586262545e-04 | 1
 15, 16 |   4.5184543074669068e-04 |   4.5184543074669068e-04 | 1
 15, 17 |   5.6663915335623664e-04 |   5.6663915335623664e-04 | 1
 15, 18 |   2.5885658849902709e-04 |   2.5885658849902709e-04 | 1
 15, 19 |   3.6774164856694325e-04 |   3.6774164856694325e-04 | 1
 15, 20 |   1.3930363761961743e-03 |   1.3930363761961743e-03 | 1
 15, 21 |   1.0352025709945527e-03 |   1.0352025709945527e-03 | 1
 15, 22 |   8.2742005621524897e-04 |   8.2742005621524897e-04 | 1
 15, 23 |   2.5418370058383362e-04 |   2.5418370058383362e-04 | 1
 15, 24 |   5.4199456224582614e-04 |   5.4199456224582614e-04 | 1
 15, 25 |   4.4141207082692426e-04 |   4.4141207082692426e-04 | 1
 15, 26 |   1.1571843500232781e-03 |   1.1571843500232781e-03 | 1
 15, 27 |   7.3951016497678633e-04 |   7.3951016497678633e-04 | 1
 15, 28 |   1.2066582211426972e-04 |   1.2066582211426972e-04 | 1
 15, 29 |   6.7117165715751582e-04 |   6.7117165715751582e-04 | 1
 15, 30 |   5.9403136846239934e-04 |   5.9403136846239934e-04 | 1
 16,  1 |   6.0522632409220636e-04 |   6.0522632409220636e-04 | 1
 16,  2 |   3.9045236116302831e-04 |   3.9045236116302831e-04 | 1
 16,  3 |   6.5391128576765983e-04 |   6.5391128576765983e-04 | 1
 16,  4 |   4.6676550162189925e-04 |   4.6676550162189925e-04 | 1
 16,  5 |   3.1661481214656181e-04 |   3.1661481214656181e-04 | 1
 16,  6 |   2.0612499497043872e-04 |   2.0612499497043872e-04 | 1
 16,  7 |   4.4063989740566377e-04 |   4.4063989740566377e-04 | 1
 16,  8 |   6.7809918899615742e-04 |   6.7809918899615742e-04 | 1
 16,  9 |   7.0432752644883703e-04 |   7.0432752644883703e-04 | 1
 16, 10 |   1.0720149651797420e-04 |   1.0720149651797420e-04 | 1
 16, 11 |   5.4286954754103039e-04 |   5.4286954754103039e-04 | 1
 16, 12 |   9.6266254525701942e-04 |   9.6266254525701942e-04 | 1
 16, 13 |   5.8062596740286081e-04 |   5.8062596740286081e-04 | 1
 16, 14 |  -1.4994780911926929e-05 |  -1.4994780911926929e-05 | 1
 16, 15 |   4.5184543074669068e-04 |   4.5184543074669068e-04 | 1
 16, 16 |   8.0024973591258809e-04 |   8.0024973591258809e-04 | 1
 16, 17 |   7.7947007813675519e-04 |   7.7947007813675519e-04 | 1
 16, 18 |   7.4184050117664219e-04 |   7.4184050117664219e-04 | 1
 16, 19 |   2.9080201014128869e-04 |   2.9080201014128869e-04 | 1
 16, 20 |   1.3372351383106637e-03 |   1.3372351383106637e-03 | 1
 16, 21 |  -1.7520643679582199e-04 |  -1.7520643679582199e-04 | 1
 16, 22 |   1.3345524360708585e-04 |   1.3345524360708585e-04 | 1
 16, 23 |   1.4347717395066446e-04 |   1.4347717395066446e-04 | 1
 16, 24 |   3.0835012277557908e-04 |   3.0835012277557908e-04 | 1
 16, 25 |   1.2719159468408260e-04 |   1.2719159468408260e-04 | 1
 16, 26 |  -2.1590732022375213e-04 |  -2.1590732022375213e-04 | 1
 16, 27 |  -3.6368897716667091e-05 |  -3.6368897716667091e-05 | 1
 16, 28 |   3.1069721906861532e-04 |   3.1069721906861532e-04 | 1
 16, 29 |  -4.0928029115538788e-05 |  -4.0928029115538788e-05 | 1
 16, 30 |  -3.1635435812316283e-04 |  -3.1635435812316283e-04 | 1
 17,  1 |   7.4039061039777102e-04 |   7.4039061039777102e-04 | 1
 17,  2 |   1.6578286826159772e-04 |   1.6578286826159772e-04 | 1
 17,  3 |   9.1466293868251681e-04 |   9.1466293868251681e-04 | 1
 17,  4 |   6.5127933485169200e-04 |   6.5127933485169200e-04 | 1
 17,  5 |   5.3497053426313662e-04 |   5.3497053426313662e-04 | 1
 17,  6 |   5.0976603262181913e-04 |   5.0976603262181913e-04 | 1
 17,  7 |   5.1749440143962380e-04 |   5.1749440143962380e-04 | 1
 17,  8 |   5.9676749667518991e-04 |   5.9676749667518991e-04 | 1
 17,  9 |   7.6190259249544806e-04 |   7.6190259249544806e-04 | 1
 17, 10 |  -1.1482938302137909e-04 |  -1.1482938302137909e-04 | 1
 17, 11 |   7.0306668686640568e-04 |   7.0306668686640568e-04 | 1
 17, 12 |   1.7513385111640510e-03 |   1.7513385111640510e-03 | 1
 17, 13 |   9.1590317987483554e-04 |   9.1590317987483554e-04 | 1
 17, 14 |  -2.1413042018563603e-04 |  -2.1413042018563603e-04 | 1
 17, 15 |   5.6663915335623664e-04 |   5.6663915335623664e-04 | 1
 17, 16 |   7.7947007813675519e-04 |   7.7947007813675519e-04 | 1
 17, 17 |   1.2732392415122612e-03 |   1.2732392415122612e-03 | 1
 17, 18 |   1.0074051150098628e-03 |   1.0074051150098628e-03 | 1
 17, 19 |   4.3626652797776886e-04 |   4.3626652797776886e-04 | 1
 17, 20 |   8.9403889441059593e-04 |   8.9403889441059593e-04 | 1
 17, 21 |  -3.0296501920754976e-04 |  -3.0296501920754976e-04 | 1
 17, 22 |  -2.4894058564521533e-04 |  -2.4894058564521533e-04 | 1
 17, 23 |   4.0706661252130071e-05 |   4.0706661252130071e-05 | 1
 17, 24 |   1.4131314308212958e-05 |   1.4131314308212958e-05 | 1
 17, 25 |  -3.5263882081699961e-04 |  -3.5263882081699961e-04 | 1
 17, 26 |  -5.9987427814775301e-04 |  -5.9987427814775301e-04 | 1
 17, 27 |  -2.4929481703282161e-04 |  -2.4929481703282161e-04 | 1
 17, 28 |   6.0409372968954109e-04 |   6.0409372968954109e-04 | 1
 17, 29 |  -2.6193309904914497e-04 |  -2.6193309904914497e-04 | 1
 17, 30 |  -5.8909702402603617e-04 |  -5.8909702402603617e-04 | 1
 18,  1 |   5.8176471979868596e-04 |   5.8176471979868596e-04 | 1
 18,  2 |   2.8162044992174949e-04 |   2.8162044992174949e-04 | 1
 18,  3 |   1.0154333903150880e-03 |   1.0154333903150880e-03 | 1
 18,  4 |   2.7215430932428638e-04 |   2.7215430932428638e-04 | 1
 18,  5 |   8.9439411650242196e-05 |   8.9439411650242196e-05 | 1
 18,  6 |   5.3054319321651383e-04 |   5.3054319321651383e-04 | 1
 18,  7 |   5.9152962278181238e-04 |   5.9152962278181238e-04 | 1
 18,  8 |   1.1359090873418846e-03 |   1.1359090873418846e-03 | 1
 18,  9 |   4.5578670453458954e-04 |   4.5578670453458954e-04 | 1
 18, 10 |  -7.2758558983607538e-04 |  -7.2758558983607538e-04 | 1
 18, 11 |   3.4810454229440395e-04 |   3.4810454229440395e-04 | 1
 18, 12 |   2.5483991250880456e-03 |   2.5483991250880456e-03 | 1
 18, 13 |   1.4702095474403705e-03 |   1.4702095474403705e-03 | 1
 18, 14 |  -7.1129350360260232e-04 |  -7.1129350360260232e-04 | 1
 18, 15 |   2.5885658849902709e-04 |   2.5885658849902709e-04 | 1
 18, 16 |   7.4184050117664219e-04 |   7.4184050117664219e-04 | 1
 18, 17 |   1.0074051150098628e-03 |   1.0074051150098628e-03 | 1
 18, 18 |   1.5446768495212934e-03 |   1.5446768495212934e-03 | 1
 18, 19 |   3.1791654855736339e-04 |   3.1791654855736339e-04 | 1
 18, 20 |   5.4313444984208136e-04 |   5.4313444984208136e-04 | 1
 18, 21 |  -1.2699427523746886e-03 |  -1.2699427523746886e-03 | 1
 18, 22 |  -8.3904155712118339e-04 |  -8.3904155712118339e-04 | 1
 18, 23 |  -1.4012683100415028e-04 |  -1.4012683100415028e-04 | 1
 18, 24 |  -1.6374907300845039e-04 |  -1.6374907300845039e-04 | 1
 18, 25 |  -6.0846070744433067e-04 |  -6.0846070744433067e-04 | 1
 18, 26 |  -1.5981397114287654e-03 |  -1.5981397114287654e-03 | 1
 18, 27 |  -7.3727818662468409e-04 |  -7.3727818662468409e-04 | 1
 18, 28 |   7.5037475040444317e-04 |   7.5037475040444317e-04 | 1
 18, 29 |  -8.0620455202295581e-04 |  -8.0620455202295581e-04 | 1
 18, 30 |  -1.1832406139512619e-03 |  -1.1832406139512619e-03 | 1
 19,  1 |   3.5050732919356966e-04 |   3.5050732919356966e-04 | 1
 19,  2 |   3.0378082981614453e-04 |   3.0378082981614453e-04 | 1
 19,  3 |   3.6839950430002301e-04 |   3.6839950430002301e-04 | 1
 19,  4 |   8.2492536387606066e-05 |   8.2492536387606066e-05 | 1
 19,  5 |   3.9825008812376794e-04 |   3.9825008812376794e-04 | 1
 19,  6 |   5.0662418072868831e-04 |   5.0662418072868831e-04 | 1
 19,  7 |   3.3232717056837094e-04 |   3.3232717056837094e-04 | 1
 19,  8 |   5.4487391202597143e-04 |   5.4487391202597143e-04 | 1
 19,  9 |   3.8048145905890559e-04 |   3.8048145905890559e-04 | 1
 19, 10 |   3.7412881901029518e-04 |   3.7412881901029518e-04 | 1
 19, 11 |   7.7396694678917230e-04 |   7.7396694678917230e-04 | 1
 19, 12 |   5.1402284956330885e-04 |   5.1402284956330885e-04 | 1
 19, 13 |   2.5316182362919730e-04 |   2.5316182362919730e-04 | 1
 19, 14 |   3.0472661096802840e-04 |   3.0472661096802840e-04 | 1
 19, 15 |   3.6774164856694325e-04 |   3.6774164856694325e-04 | 1
 19, 16 |   2.9080201014128869e-04 |   2.9080201014128869e-04 | 1
 19, 17 |   4.3626652797776886e-04 |   4.3626652797776886e-04 | 1
 19, 18 |   3.1791654855736339e-04 |   3.1791654855736339e-04 | 1
 19, 19 |   6.3992777445062027e-04 |   6.3992777445062027e-04 | 1
 19, 20 |   3.3871183196018629e-04 |   3.3871183196018629e-04 | 1
 19, 21 |   3.6763697494679849e-04 |   3.6763697494679849e-04 | 1
 19, 22 |  -5.5414194550123578e-05 |  -5.5414194550123578e-05 | 1
 19, 23 |  -1.6233078440088326e-05 |  -1.6233078440088326e-05 | 1
 19, 24 |   3.6756480717876916e-04 |   3.6756480717876916e-04 | 1
 19, 25 |   7.4271761367579740e-04 |   7.4271761367579740e-04 | 1
 19, 26 |   2.5730657820067463e-04 |   2.5730657820067463e-04 | 1
 19, 27 |   4.8599403338018654e-04 |   4.8599403338018654e-04 | 1
 19, 28 |  -3.4811935343384752e-05 |  -3.4811935343384752e-05 | 1
 19, 29 |   2.1142175917023519e-04 |   2.1142175917023519e-04 | 1
 19, 30 |   1.4665275934905097e-04 |   1.4665275934905097e-04 | 1
 20,  1 |   8.9042098152943342e-04 |   8.9042098152943342e-04 | 1
 20,  2 |   1.4471231123208543e-03 |   1.4471231123208543e-03 | 1
 20,  3 |   5.5883781735753838e-04 |   5.5883781735753838e-04 | 1
 20,  4 |   1.1655380138962772e-03 |   1.1655380138962772e-03 | 1
 20,  5 |   8.0584759806519779e-04 |   8.0584759806519779e-04 | 1
 20,  6 |  -1.5380415999067656e-04 |  -1.5380415999067656e-04 | 1
 20,  7 |   8.2163177583996754e-04 |   8.2163177583996754e-04 | 1
 20,  8 |   7.2519902582447271e-04 |   7.2519902582447271e-04 | 1
 20,  9 |   1.2109248314415510e-03 |   1.2109248314415510e-03 | 1
 20, 10 |   1.2493361433310317e-03 |   1.2493361433310317e-03 | 1
 20, 11 |   9.1284845451058776e-04 |   9.1284845451058776e-04 | 1
 20, 12 |  -2.8550992808019536e-04 |  -2.8550992808019536e-04 | 1
 20, 13 |  -6.1390073883293473e-04 |  -6.1390073883293473e-04 | 1
 20, 14 |   1.4274311586533806e-03 |   1.4274311586533806e-03 | 1
 20, 15 |   1.3930363761961743e-03 |   1.3930363761961743e-03 | 1
 20, 16 |   1.3372351383106637e-03 |   1.3372351383106637e-03 | 1
 20, 17 |   8.9403889441059593e-04 |   8.9403889441059593e-04 | 1
 20, 18 |   5.4313444984208136e-04 |   5.4313444984208136e-04 | 1
 20, 19 |   3.3871183196018629e-04 |   3.3871183196018629e-04 | 1
 20, 20 |   4.7384385486171901e-03 |   4.7384385486171901e-03 | 1
 20, 21 |   9.3096907620296757e-04 |   9.3096907620296757e-04 | 1
 20, 22 |   2.3268102201039220e-03 |   2.3268102201039220e-03 | 1
 20, 23 |   6.2300664363931270e-04 |   6.2300664363931270e-04 | 1
 20, 24 |   1.0969476398579241e-03 |   1.0969476398579241e-03 | 1
 20, 25 |   4.9538528067232641e-04 |   4.9538528067232641e-04 | 1
 20, 26 |   1.9198776638918147e-03 |   1.9198776638918147e-03 | 1
 20, 27 |   9.6687982986325344e-04 |   9.6687982986325344e-04 | 1
 20, 28 |   2.2561170951803424e-04 |   2.2561170951803424e-04 | 1
 20, 29 |   1.1039112146123617e-03 |   1.1039112146123617e-03 | 1
 20, 30 |   1.2725719668205625e-04 |   1.2725719668205625e-04 | 1
 21,  1 |  -2.7817857021717710e-04 |  -2.7817857021717710e-04 | 1
 21,  2 |   7.5149467789697609e-04 |   7.5149467789697609e-04 | 1
 21,  3 |  -4.2960156761756292e-04 |  -4.2960156761756292e-04 | 1
 21,  4 |   1.2433990702980196e-03 |   1.2433990702980196e-03 | 1
 21,  5 |   1.0203949773613099e-03 |   1.0203949773613099e-03 | 1
 21,  6 |   4.2648296106915606e-04 |   4.2648296106915606e-04 | 1
 21,  7 |  -3.0829511913692655e-04 |  -3.0829511913692655e-04 | 1
 21,  8 |  -5.1368552903039810e-04 |  -5.1368552903039810e-04 | 1
 21,  9 |   2.8190220340792153e-04 |   2.8190220340792153e-04 | 1
 21, 10 |   2.4435858705883964e-03 |   2.4435858705883964e-03 | 1
 21, 11 |   8.5973950001829000e-04 |   8.5973950001829000e-04 | 1
 21, 12 |  -3.7897045123526899e-03 |  -3.7897045123526899e-03 | 1
 21, 13 |  -1.1714971214878147e-03 |  -1.1714971214878147e-03 | 1
 21, 14 |   1.6645801344410771e-03 |   1.6645801344410771e-03 | 1
 21, 15 |   1.0352025709945527e-03 |   1.0352025709945527e-03 | 1
 21, 16 |  -1.7520643679582199e-04 |  -1.7520643679582199e-04 | 1
 21, 17 |  -3.0296501920754976e-04 |  -3.0296501920754976e-04 | 1
 21, 18 |  -1.2699427523746886e-03 |  -1.2699427523746886e-03 | 1
 21, 19 |   3.6763697494679849e-04 |   3.6763697494679849e-04 | 1
 21, 20 |   9.3096907620296757e-04 |   9.3096907620296757e-04 | 1
 21, 21 |   5.8447900504465661e-03 |   5.8447900504465661e-03 | 1
 21, 22 |   1.9125937317383743e-03 |   1.9125937317383743e-03 | 1
 21, 23 |   3.6103015830417367e-04 |   3.6103015830417367e-04 | 1
 21, 24 |   1.8429025304422197e-03 |   1.8429025304422197e-03 | 1
 21, 25 |   1.4120718028753929e-03 |   1.4120718028753929e-03 | 1
 21, 26 |   4.1267463931616132e-03 |   4.1267463931616132e-03 | 1
 21, 27 |   2.5014962841325948e-03 |   2.5014962841325948e-03 | 1
 21, 28 |  -6.0186833320802408e-04 |  -6.0186833320802408e-04 | 1
 21, 29 |   2.0327655080100869e-03 |   2.0327655080100869e-03 | 1
 21, 30 |   4.4560025515983197e-03 |   4.4560025515983197e-03 | 1
 22,  1 |   1.4121305252596541e-04 |   1.4121305252596541e-04 | 1
 22,  2 |   7.9779869534136007e-04 |   7.9779869534136007e-04 | 1
 22,  3 |  -3.9046162003023108e-04 |  -3.9046162003023108e-04 | 1
 22,  4 |   7.0481764040106285e-04 |   7.0481764040106285e-04 | 1
 22,  5 |   2.3102170013890126e-04 |   2.3102170013890126e-04 | 1
 22,  6 |   3.8170707312722558e-04 |   3.8170707312722558e-04 | 1
 22,  7 |  -3.2751182407008591e-05 |  -3.2751182407008591e-05 | 1
 22,  8 |  -4.6260940544240394e-04 |  -4.6260940544240394e-04 | 1
 22,  9 |  -5.6553055717860953e-04 |  -5.6553055717860953e-04 | 1
 22, 10 |   1.3289508353881629e-03 |   1.3289508353881629e-03 | 1
 22, 11 |  -3.6237843321307566e-04 |  -3.6237843321307566e-04 | 1
 22, 12 |  -2.9729478131545516e-03 |  -2.9729478131545516e-03 | 1
 22, 13 |  -1.2609837883506793e-03 |  -1.2609837883506793e-03 | 1
 22, 14 |   1.5481387010030847e-03 |   1.5481387010030847e-03 | 1
 22, 15 |   8.2742005621524897e-04 |   8.2742005621524897e-04 | 1
 22, 16 |   1.3345524360708585e-04 |   1.3345524360708585e-04 | 1
 22, 17 |  -2.4894058564521533e-04 |  -2.4894058564521533e-04 | 1
 22, 18 |  -8.3904155712118339e-04 |  -8.3904155712118339e-04 | 1
 22, 19 |  -5.5414194550123578e-05 |  -5.5414194550123578e-05 | 1
 22, 20 |   2.3268102201039220e-03 |   2.3268102201039220e-03 | 1
 22, 21 |   1.9125937317383743e-03 |   1.9125937317383743e-03 | 1
 22, 22 |   4.6123955910903980e-03 |   4.6123955910903980e-03 | 1
 22, 23 |   3.9765322875271001e-04 |   3.9765322875271001e-04 | 1
 22, 24 |   7.4532839210846025e-04 |   7.4532839210846025e-04 | 1
 22, 25 |   1.0342948793888801e-03 |   1.0342948793888801e-03 | 1
 22, 26 |   2.6108102808295253e-03 |   2.6108102808295253e-03 | 1
 22, 27 |   1.3932989278242235e-03 |   1.3932989278242235e-03 | 1
 22, 28 |  -5.5015790335089563e-05 |  -5.5015790335089563e-05 | 1
 22, 29 |   1.3679547912265741e-03 |   1.3679547912265741e-03 | 1
 22, 30 |   7.9679656772500352e-04 |   7.9679656772500352e-04 | 1
 23,  1 |   1.1970126121533017e-04 |   1.1970126121533017e-04 | 1
 23,  2 |   1.9779768437149740e-04 |   1.9779768437149740e-04 | 1
 23,  3 |  -2.7245174650648741e-05 |  -2.7245174650648741e-05 | 1
 23,  4 |   1.0119301322077912e-04 |   1.0119301322077912e-04 | 1
 23,  5 |   1.4607423240617921e-04 |   1.4607423240617921e-04 | 1
 23,  6 |  -8.9825809009491480e-05 |  -8.9825809009491480e-05 | 1
 23,  7 |   2.5873614213427265e-05 |   2.5873614213427265e-05 | 1
 23,  8 |   8.4365295172545216e-05 |   8.4365295172545216e-05 | 1
 23,  9 |   2.6741090350121247e-04 |   2.6741090350121247e-04 | 1
 23, 10 |   4.0562629444706701e-04 |   4.0562629444706701e-04 | 1
 23, 11 |   3.1690934961023717e-04 |   3.1690934961023717e-04 | 1
 23, 12 |  -5.7161795510599534e-04 |  -5.7161795510599534e-04 | 1
 23, 13 |  -3.4214160751954917e-04 |  -3.4214160751954917e-04 | 1
 23, 14 |   1.4280881208034727e-04 |   1.4280881208034727e-04 | 1
 23, 15 |   2.5418370058383362e-04 |   2.5418370058383362e-04 | 1
 23, 16 |   1.4347717395066446e-04 |   1.4347717395066446e-04 | 1
 23, 17 |   4.0706661252130071e-05 |   4.0706661252130071e-05 | 1
 23, 18 |  -1.4012683100415028e-04 |  -1.4012683100415028e-04 | 1
 23, 19 |  -1.6233078440088326e-05 |  -1.6233078440088326e-05 | 1
 23, 20 |   6.2300664363931270e-04 |   6.2300664363931270e-04 | 1
 23, 21 |   3.6103015830417367e-04 |   3.6103015830417367e-04 | 1
 23, 22 |   3.9765322875271001e-04 |   3.9765322875271001e-04 | 1
 23, 23 |   3.4718018146871120e-04 |   3.4718018146871120e-04 | 1
 23, 24 |   3.7320227690825207e-04 |   3.7320227690825207e-04 | 1
 23, 25 |   5.8328410837761298e-04 |   5.8328410837761298e-04 | 1
 23, 26 |   5.3409504626249194e-04 |   5.3409504626249194e-04 | 1
 23, 27 |   3.4072747831261812e-04 |   3.4072747831261812e-04 | 1
 23, 28 |   1.7082792251973474e-05 |   1.7082792251973474e-05 | 1
 23, 29 |   3.8838452574629402e-04 |   3.8838452574629402e-04 | 1
 23, 30 |   3.4312957398938311e-04 |   3.4312957398938311e-04 | 1
 24,  1 |   2.8947501340145798e-04 |   2.8947501340145798e-04 | 1
 24,  2 |   6.9390188590239899e-04 |   6.9390188590239899e-04 | 1
 24,  3 |   1.0849387603349631e-04 |   1.0849387603349631e-04 | 1
 24,  4 |   1.2308507388119881e-04 |   1.2308507388119881e-04 | 1
 24,  5 |   5.1570272579303596e-04 |   5.1570272579303596e-04 | 1
 24,  6 |   6.0157376069943822e-05 |   6.0157376069943822e-05 | 1
 24,  7 |   2.0275154375106407e-04 |   2.0275154375106407e-04 | 1
 24,  8 |   3.2690500052507732e-04 |   3.2690500052507732e-04 | 1
 24,  9 |   3.8111903765661076e-04 |   3.8111903765661076e-04 | 1
 24, 10 |   1.2065945420364822e-03 |   1.2065945420364822e-03 | 1
 24, 11 |   8.4237267838742596e-04 |   8.4237267838742596e-04 | 1
 24, 12 |  -1.1963036271646593e-03 |  -1.1963036271646593e-03 | 1
 24, 13 |  -4.0475647852575758e-04 |  -4.0475647852575758e-04 | 1
 24, 14 |  -9.0168011643731885e-05 |  -9.0168011643731885e-05 | 1
 24, 15 |   5.4199456224582614e-04 |   5.4199456224582614e-04 | 1
 24, 16 |   3.0835012277557908e-04 |   3.0835012277557908e-04 | 1
 24, 17 |   1.4131314308212958e-05 |   1.4131314308212958e-05 | 1
 24, 18 |  -1.6374907300845039e-04 |  -1.6374907300845039e-04 | 1
 24, 19 |   3.6756480717876916e-04 |   3.6756480717876916e-04 | 1
 24, 20 |   1.0969476398579241e-03 |   1.0969476398579241e-03 | 1
 24, 21 |   1.8429025304422197e-03 |   1.8429025304422197e-03 | 1
 24, 22 |   7.4532839210846025e-04 |   7.4532839210846025e-04 | 1
 24, 23 |   3.7320227690825207e-04 |   3.7320227690825207e-04 | 1
 24, 24 |   1.3179219727182034e-03 |   1.3179219727182034e-03 | 1
 24, 25 |   1.4894887563133238e-03 |   1.4894887563133238e-03 | 1
 24, 26 |   1.5823797626656759e-03 |   1.5823797626656759e-03 | 1
 24, 27 |   1.0726188343946690e-03 |   1.0726188343946690e-03 | 1
 24, 28 |  -2.6827709456122228e-04 |  -2.6827709456122228e-04 | 1
 24, 29 |   8.6076793927840573e-04 |   8.6076793927840573e-04 | 1
 24, 30 |   1.6562218053793928e-03 |   1.6562218053793928e-03 | 1
 25,  1 |   3.2631047292641392e-04 |   3.2631047292641392e-04 | 1
 25,  2 |   6.3520993574335538e-04 |   6.3520993574335538e-04 | 1
 25,  3 |  -1.4269669969493734e-04 |  -1.4269669969493734e-04 | 1
 25,  4 |  -5.0902538002643943e-04 |  -5.0902538002643943e-04 | 1
 25,  5 |   3.5418808480651475e-04 |   3.5418808480651475e-04 | 1
 25,  6 |   3.7611099065550102e-04 |   3.7611099065550102e-04 | 1
 25,  7 |   1.5386632499733550e-04 |   1.5386632499733550e-04 | 1
 25,  8 |   6.8447803099932255e-04 |   6.8447803099932255e-04 | 1
 25,  9 |   3.8702260721514725e-04 |   3.8702260721514725e-04 | 1
 25, 10 |   1.4850320459073910e-03 |   1.4850320459073910e-03 | 1
 25, 11 |   1.2626624260883386e-03 |   1.2626624260883386e-03 | 1
 25, 12 |  -1.8087384876042736e-03 |  -1.8087384876042736e-03 | 1
 25, 13 |  -7.7249412814130126e-04 |  -7.7249412814130126e-04 | 1
 25, 14 |   4.7015972201385500e-04 |   4.7015972201385500e-04 | 1
 25, 15 |   4.4141207082692426e-04 |   4.4141207082692426e-04 | 1
 25, 16 |   1.2719159468408260e-04 |   1.2719159468408260e-04 | 1
 25, 17 |  -3.5263882081699961e-04 |  -3.5263882081699961e-04 | 1
 25, 18 |  -6.0846070744433067e-04 |  -6.0846070744433067e-04 | 1
 25, 19 |   7.4271761367579740e-04 |   7.4271761367579740e-04 | 1
 25, 20 |   4.9538528067232641e-04 |   4.9538528067232641e-04 | 1
 25, 21 |   1.4120718028753929e-03 |   1.4120718028753929e-03 | 1
 25, 22 |   1.0342948793888801e-03 |   1.0342948793888801e-03 | 1
 25, 23 |   5.8328410837761298e-04 |   5.8328410837761298e-04 | 1
 25, 24 |   1.4894887563133238e-03 |   1.4894887563133238e-03 | 1
 25, 25 |   3.2558322878780731e-03 |   3.2558322878780731e-03 | 1
 25, 26 |   1.6445390832731919e-03 |   1.6445390832731919e-03 | 1
 25, 27 |   1.6416761944715950e-03 |   1.6416761944715950e-03 | 1
 25, 28 |  -6.1275085154915477e-04 |  -6.1275085154915477e-04 | 1
 25, 29 |   1.1828143190079116e-03 |   1.1828143190079116e-03 | 1
 25, 30 |   1.4640933245377379e-03 |   1.4640933245377379e-03 | 1
 26,  1 |  -2.5775449484098309e-04 |  -2.5775449484098309e-04 | 1
 26,  2 |   1.2199019237584480e-03 |   1.2199019237584480e-03 | 1
 26,  3 |  -8.4561835826458230e-04 |  -8.4561835826458230e-04 | 1
 26,  4 |   7.4349110898039110e-04 |   7.4349110898039110e-04 | 1
 26,  5 |   1.1423574240139434e-03 |   1.1423574240139434e-03 | 1
 26,  6 |  -5.3630335946796811e-04 |  -5.3630335946796811e-04 | 1
 26,  7 |  -1.4341219796581289e-04 |  -1.4341219796581289e-04 | 1
 26,  8 |  -1.3199218614794682e-03 |  -1.3199218614794682e-03 | 1
 26,  9 |   3.4759109826705656e-04 |   3.4759109826705656e-04 | 1
 26, 10 |   2.8067809144247799e-03 |   2.8067809144247799e-03 | 1
 26, 11 |   8.9925629140948874e-04 |   8.9925629140948874e-04 | 1
 26, 12 |  -4.2820503512344156e-03 |  -4.2820503512344156e-03 | 1
 26, 13 |  -1.9259487944663419e-03 |  -1.9259487944663419e-03 | 1
 26, 14 |   1.7468809092910428e-03 |   1.7468809092910428e-03 | 1
 26, 15 |   1.1571843500232781e-03 |   1.1571843500232781e-03 | 1
 26, 16 |  -2.1590732022375213e-04 |  -2.1590732022375213e-04 | 1
 26, 17 |  -5.9987427814775301e-04 |  -5.9987427814775301e-04 | 1
 26, 18 |  -1.5981397114287654e-03 |  -1.5981397114287654e-03 | 1
 26, 19 |   2.5730657820067463e-04 |   2.5730657820067463e-04 | 1
 26, 20 |   1.9198776638918147e-03 |   1.9198776638918147e-03 | 1
 26, 21 |   4.1267463931616132e-03 |   4.1267463931616132e-03 | 1
 26, 22 |   2.6108102808295253e-03 |   2.6108102808295253e-03 | 1
 26, 23 |   5.3409504626249194e-04 |   5.3409504626249194e-04 | 1
 26, 24 |   1.5823797626656759e-03 |   1.5823797626656759e-03 | 1
 26, 25 |   1.6445390832731919e-03 |   1.6445390832731919e-03 | 1
 26, 26 |   5.3359712931480814e-03 |   5.3359712931480814e-03 | 1
 26, 27 |   2.5753938755844466e-03 |   2.5753938755844466e-03 | 1
 26, 28 |  -1.1068631444607758e-03 |  -1.1068631444607758e-03 | 1
 26, 29 |   2.6640379252341135e-03 |   2.6640379252341135e-03 | 1
 26, 30 |   3.3981650339824938e-03 |   3.3981650339824938e-03 | 1
 27,  1 |   1.0061951878999007e-05 |   1.0061951878999007e-05 | 1
 27,  2 |   7.0255313936112233e-04 |   7.0255313936112233e-04 | 1
 27,  3 |  -3.1153743097043878e-04 |  -3.1153743097043878e-04 | 1
 27,  4 |   4.7369175405871362e-04 |   4.7369175405871362e-04 | 1
 27,  5 |   5.9975761535469973e-04 |   5.9975761535469973e-04 | 1
 27,  6 |   2.6029018726609775e-04 |   2.6029018726609775e-04 | 1
 27,  7 |   3.6501667411104120e-05 |   3.6501667411104120e-05 | 1
 27,  8 |  -2.7121175222109175e-05 |  -2.7121175222109175e-05 | 1
 27,  9 |   3.6315750812148046e-04 |   3.6315750812148046e-04 | 1
 27, 10 |   1.5895024455575074e-03 |   1.5895024455575074e-03 | 1
 27, 11 |   8.1816692163243438e-04 |   8.1816692163243438e-04 | 1
 27, 12 |  -2.1208080677573233e-03 |  -2.1208080677573233e-03 | 1
 27, 13 |  -8.8262503238886790e-04 |  -8.8262503238886790e-04 | 1
 27, 14 |   1.5177443159992473e-03 |   1.5177443159992473e-03 | 1
 27, 15 |   7.3951016497678633e-04 |   7.3951016497678633e-04 | 1
 27, 16 |  -3.6368897716667091e-05 |  -3.6368897716667091e-05 | 1
 27, 17 |  -2.4929481703282161e-04 |  -2.4929481703282161e-04 | 1
 27, 18 |  -7.3727818662468409e-04 |  -7.3727818662468409e-04 | 1
 27, 19 |   4.8599403338018654e-04 |   4.8599403338018654e-04 | 1
 27, 20 |   9.6687982986325344e-04 |   9.6687982986325344e-04 | 1
 27, 21 |   2.5014962841325948e-03 |   2.5014962841325948e-03 | 1
 27, 22 |   1.3932989278242235e-03 |   1.3932989278242235e-03 | 1
 27, 23 |   3.4072747831261812e-04 |   3.4072747831261812e-04 | 1
 27, 24 |   1.0726188343946690e-03 |   1.0726188343946690e-03 | 1
 27, 25 |   1.6416761944715950e-03 |   1.6416761944715950e-03 | 1
 27, 26 |   2.5753938755844466e-03 |   2.5753938755844466e-03 | 1
 27, 27 |   1.7414958685807377e-03 |   1.7414958685807377e-03 | 1
 27, 28 |  -5.5946131710453483e-04 |  -5.5946131710453483e-04 | 1
 27, 29 |   1.4438305335697894e-03 |   1.4438305335697894e-03 | 1
 27, 30 |   1.9324342261480315e-03 |   1.9324342261480315e-03 | 1
 28,  1 |   1.9701034154297843e-04 |   1.9701034154297843e-04 | 1
 28,  2 |  -6.9006896347417415e-05 |  -6.9006896347417415e-05 | 1
 28,  3 |   5.1415732639166381e-04 |   5.1415732639166381e-04 | 1
 28,  4 |   1.0746354630799610e-04 |   1.0746354630799610e-04 | 1
 28,  5 |  -8.9711767758446820e-05 |  -8.9711767758446820e-05 | 1
 28,  6 |   4.0375240500130751e-04 |   4.0375240500130751e-04 | 1
 28,  7 |   1.6974555878313408e-04 |   1.6974555878313408e-04 | 1
 28,  8 |   5.1092808600282412e-04 |   5.1092808600282412e-04 | 1
 28,  9 |   3.6781939121364996e-05 |   3.6781939121364996e-05 | 1
 28, 10 |  -5.9938363672037195e-04 |  -5.9938363672037195e-04 | 1
 28, 11 |  -3.8567542366431353e-05 |  -3.8567542366431353e-05 | 1
 28, 12 |   1.2254823035639153e-03 |   1.2254823035639153e-03 | 1
 28, 13 |   6.0673510275955776e-04 |   6.0673510275955776e-04 | 1
 28, 14 |  -3.8741738851880733e-04 |  -3.8741738851880733e-04 | 1
 28, 15 |   1.2066582211426972e-04 |   1.2066582211426972e-04 | 1
 28, 16 |   3.1069721906861532e-04 |   3.1069721906861532e-04 | 1
 28, 17 |   6.0409372968954109e-04 |   6.0409372968954109e-04 | 1
 28, 18 |   7.5037475040444317e-04 |   7.5037475040444317e-04 | 1
 28, 19 |  -3.4811935343384752e-05 |  -3.4811935343384752e-05 | 1
 28, 20 |   2.2561170951803424e-04 |   2.2561170951803424e-04 | 1
 28, 21 |  -6.0186833320802408e-04 |  -6.0186833320802408e-04 | 1
 28, 22 |  -5.5015790335089563e-05 |  -5.5015790335089563e-05 | 1
 28, 23 |   1.7082792251973474e-05 |   1.7082792251973474e-05 | 1
 28, 24 |  -2.6827709456122228e-04 |  -2.6827709456122228e-04 | 1
 28, 25 |  -6.1275085154915477e-04 |  -6.1275085154915477e-04 | 1
 28, 26 |  -1.1068631444607758e-03 |  -1.1068631444607758e-03 | 1
 28, 27 |  -5.5946131710453483e-04 |  -5.5946131710453483e-04 | 1
 28, 28 |   7.6070868918445876e-04 |   7.6070868918445876e-04 | 1
 28, 29 |  -5.4253669496209019e-04 |  -5.4253669496209019e-04 | 1
 28, 30 |  -7.8887337765077572e-04 |  -7.8887337765077572e-04 | 1
 29,  1 |  -4.9703935653151875e-05 |  -4.9703935653151875e-05 | 1
 29,  2 |   6.4622821742301318e-04 |   6.4622821742301318e-04 | 1
 29,  3 |  -4.0567409362597152e-04 |  -4.0567409362597152e-04 | 1
 29,  4 |   4.1626469771482066e-04 |   4.1626469771482066e-04 | 1
 29,  5 |   5.7677084344740219e-04 |   5.7677084344740219e-04 | 1
 29,  6 |  -1.6831142243794905e-04 |  -1.6831142243794905e-04 | 1
 29,  7 |  -3.0227893433383096e-05 |  -3.0227893433383096e-05 | 1
 29,  8 |  -4.5301346094051557e-04 |  -4.5301346094051557e-04 | 1
 29,  9 |   3.5669422488472820e-04 |   3.5669422488472820e-04 | 1
 29, 10 |   1.4884078082058696e-03 |   1.4884078082058696e-03 | 1
 29, 11 |   6.2134830187338108e-04 |   6.2134830187338108e-04 | 1
 29, 12 |  -2.1776088680426700e-03 |  -2.1776088680426700e-03 | 1
 29, 13 |  -1.0083346951214986e-03 |  -1.0083346951214986e-03 | 1
 29, 14 |   1.1940320333666218e-03 |   1.1940320333666218e-03 | 1
 29, 15 |   6.7117165715751582e-04 |   6.7117165715751582e-04 | 1
 29, 16 |  -4.0928029115538788e-05 |  -4.0928029115538788e-05 | 1
 29, 17 |  -2.6193309904914497e-04 |  -2.6193309904914497e-04 | 1
 29, 18 |  -8.0620455202295581e-04 |  -8.0620455202295581e-04 | 1
 29, 19 |   2.1142175917023519e-04 |   2.1142175917023519e-04 | 1
 29, 20 |   1.1039112146123617e-03 |   1.1039112146123617e-03 | 1
 29, 21 |   2.0327655080100869e-03 |   2.0327655080100869e-03 | 1
 29, 22 |   1.3679547912265741e-03 |   1.3679547912265741e-03 | 1
 29, 23 |   3.8838452574629402e-04 |   3.8838452574629402e-04 | 1
 29, 24 |   8.6076793927840573e-04 |   8.6076793927840573e-04 | 1
 29, 25 |   1.1828143190079116e-03 |   1.1828143190079116e-03 | 1
 29, 26 |   2.6640379252341135e-03 |   2.6640379252341135e-03 | 1
 29, 27 |   1.4438305335697894e-03 |   1.4438305335697894e-03 | 1
 29, 28 |  -5.4253669496209019e-04 |  -5.4253669496209019e-04 | 1
 29, 29 |   1.4328833335736891e-03 |   1.4328833335736891e-03 | 1
 29, 30 |   1.6617883926831646e-03 |   1.6617883926831646e-03 | 1
 30,  1 |  -2.9444873552205591e-04 |  -2.9444873552205591e-04 | 1
 30,  2 |   5.4889656698865839e-04 |   5.4889656698865839e-04 | 1
 30,  3 |  -5.1167737909172165e-04 |  -5.1167737909172165e-04 | 1
 30,  4 |   6.0781685254920144e-04 |   6.0781685254920144e-04 | 1
 30,  5 |   7.1379278061249737e-04 |   7.1379278061249737e-04 | 1
 30,  6 |  -1.5735547632669613e-04 |  -1.5735547632669613e-04 | 1
 30,  7 |  -3.0679755719584793e-04 |  -3.0679755719584793e-04 | 1
 30,  8 |  -6.5281152889787135e-04 |  -6.5281152889787135e-04 | 1
 30,  9 |   3.4733362331558818e-04 |   3.4733362331558818e-04 | 1
 30, 10 |   2.0588545882259624e-03 |   2.0588545882259624e-03 | 1
 30, 11 |   6.8201750959471640e-04 |   6.8201750959471640e-04 | 1
 30, 12 |  -3.2721878535485467e-03 |  -3.2721878535485467e-03 | 1
 30, 13 |  -9.2529380986946044e-04 |  -9.2529380986946044e-04 | 1
 30, 14 |   6.7533785260494913e-04 |   6.7533785260494913e-04 | 1
 30, 15 |   5.9403136846239934e-04 |   5.9403136846239934e-04 | 1
 30, 16 |  -3.1635435812316283e-04 |  -3.1635435812316283e-04 | 1
 30, 17 |  -5.8909702402603617e-04 |  -5.8909702402603617e-04 | 1
 30, 18 |  -1.1832406139512619e-03 |  -1.1832406139512619e-03 | 1
 30, 19 |   1.4665275934905097e-04 |   1.4665275934905097e-04 | 1
 30, 20 |   1.2725719668205625e-04 |   1.2725719668205625e-04 | 1
 30, 21 |   4.4560025515983197e-03 |   4.4560025515983197e-03 | 1
 30, 22 |   7.9679656772500352e-04 |   7.9679656772500352e-04 | 1
 30, 23 |   3.4312957398938311e-04 |   3.4312957398938311e-04 | 1
 30, 24 |   1.6562218053793928e-03 |   1.6562218053793928e-03 | 1
 30, 25 |   1.4640933245377379e-03 |   1.4640933245377379e-03 | 1
 30, 26 |   3.3981650339824938e-03 |   3.3981650339824938e-03 | 1
 30, 27 |   1.9324342261480315e-03 |   1.9324342261480315e-03 | 1
 30, 28 |  -7.8887337765077572e-04 |  -7.8887337765077572e-04 | 1
 30, 29 |   1.6617883926831646e-03 |   1.6617883926831646e-03 | 1
 30, 30 |   3.9975463791476632e-03 |   3.9975463791476632e-03 | 1
