row,col | V_base                   | V_new                    | equal
  1,  1 |   3.2129275225684850e-03 |   3.2129275225684850e-03 | 1
  1,  2 |  -1.4223855478965484e-03 |  -1.4223855478965484e-03 | 1
  1,  3 |   1.3656026821571730e-04 |   1.3656026821571730e-04 | 1
  1,  4 |   8.7874415258726345e-04 |   8.7874415258726345e-04 | 1
  1,  5 |   1.7323549231647287e-03 |   1.7323549231647287e-03 | 1
  1,  6 |  -6.3194225582127858e-04 |  -6.3194225582127858e-04 | 1
  2,  1 |  -1.4223855478965484e-03 |  -1.4223855478965484e-03 | 1
  2,  2 |   1.7797069627174921e-03 |   1.7797069627174921e-03 | 1
  2,  3 |  -2.0371006138414924e-04 |  -2.0371006138414924e-04 | 1
  2,  4 |   4.9318586251876652e-04 |   4.9318586251876652e-04 | 1
  2,  5 |  -5.6323507146272054e-04 |  -5.6323507146272054e-04 | 1
  2,  6 |   1.0118615831511313e-03 |   1.0118615831511313e-03 | 1
  3,  1 |   1.3656026821571730e-04 |   1.3656026821571730e-04 | 1
  3,  2 |  -2.0371006138414924e-04 |  -2.0371006138414924e-04 | 1
  3,  3 |   3.6019911538298081e-02 |   3.6019911538298081e-02 | 1
  3,  4 |  -2.0988937189138739e-03 |  -2.0988937189138739e-03 | 1
  3,  5 |   2.7093529997099376e-03 |   2.7093529997099376e-03 | 1
  3,  6 |   3.3913936080070926e-04 |   3.3913936080070926e-04 | 1
  4,  1 |   8.7874415258726345e-04 |   8.7874415258726345e-04 | 1
  4,  2 |   4.9318586251876652e-04 |   4.9318586251876652e-04 | 1
  4,  3 |  -2.0988937189138739e-03 |  -2.0988937189138739e-03 | 1
  4,  4 |   1.6317925206520553e-03 |   1.6317925206520553e-03 | 1
  4,  5 |   9.9933525704042525e-04 |   9.9933525704042525e-04 | 1
  4,  6 |   3.5398698334393333e-04 |   3.5398698334393333e-04 | 1
  5,  1 |   1.7323549231647287e-03 |   1.7323549231647287e-03 | 1
  5,  2 |  -5.6323507146272054e-04 |  -5.6323507146272054e-04 | 1
  5,  3 |   2.7093529997099376e-03 |   2.7093529997099376e-03 | 1
  5,  4 |   9.9933525704042525e-04 |   9.9933525704042525e-04 | 1
  5,  5 |   5.7050046853210573e-03 |   5.7050046853210573e-03 | 1
  5,  6 |  -1.1551741793581459e-03 |  -1.1551741793581459e-03 | 1
  6,  1 |  -6.3194225582127858e-04 |  -6.3194225582127858e-04 | 1
  6,  2 |   1.0118615831511313e-03 |   1.0118615831511313e-03 | 1
  6,  3 |   3.3913936080070926e-04 |   3.3913936080070926e-04 | 1
  6,  4 |   3.5398698334393333e-04 |   3.5398698334393333e-04 | 1
  6,  5 |  -1.1551741793581459e-03 |  -1.1551741793581459e-03 | 1
  6,  6 |   1.8174393220407265e-03 |   1.8174393220407265e-03 | 1
