row,col | V_base                   | V_new                    | equal
  1,  1 |   0.0000000000000000e+00 |   0.0000000000000000e+00 | 1
  1,  2 |   0.0000000000000000e+00 |   0.0000000000000000e+00 | 1
  1,  3 |   0.0000000000000000e+00 |   0.0000000000000000e+00 | 1
  1,  4 |   0.0000000000000000e+00 |   0.0000000000000000e+00 | 1
  1,  5 |   0.0000000000000000e+00 |   0.0000000000000000e+00 | 1
  1,  6 |   0.0000000000000000e+00 |   0.0000000000000000e+00 | 1
  1,  7 |   0.0000000000000000e+00 |   0.0000000000000000e+00 | 1
  1,  8 |   0.0000000000000000e+00 |   0.0000000000000000e+00 | 1
  1,  9 |   0.0000000000000000e+00 |   0.0000000000000000e+00 | 1
  1, 10 |   0.0000000000000000e+00 |   0.0000000000000000e+00 | 1
  1, 11 |   0.0000000000000000e+00 |   0.0000000000000000e+00 | 1
  1, 12 |   0.0000000000000000e+00 |   0.0000000000000000e+00 | 1
  1, 13 |   0.0000000000000000e+00 |   0.0000000000000000e+00 | 1
  1, 14 |   0.0000000000000000e+00 |   0.0000000000000000e+00 | 1
  1, 15 |   0.0000000000000000e+00 |   0.0000000000000000e+00 | 1
  1, 16 |   0.0000000000000000e+00 |   0.0000000000000000e+00 | 1
  1, 17 |   0.0000000000000000e+00 |   0.0000000000000000e+00 | 1
  1, 18 |   0.0000000000000000e+00 |   0.0000000000000000e+00 | 1
  1, 19 |   0.0000000000000000e+00 |   0.0000000000000000e+00 | 1
  1, 20 |   0.0000000000000000e+00 |   0.0000000000000000e+00 | 1
  1, 21 |   0.0000000000000000e+00 |   0.0000000000000000e+00 | 1
  1, 22 |   0.0000000000000000e+00 |   0.0000000000000000e+00 | 1
  1, 23 |   0.0000000000000000e+00 |   0.0000000000000000e+00 | 1
  1, 24 |   0.0000000000000000e+00 |   0.0000000000000000e+00 | 1
  1, 25 |   0.0000000000000000e+00 |   0.0000000000000000e+00 | 1
  1, 26 |   0.0000000000000000e+00 |   0.0000000000000000e+00 | 1
  1, 27 |   0.0000000000000000e+00 |   0.0000000000000000e+00 | 1
  1, 28 |   0.0000000000000000e+00 |   0.0000000000000000e+00 | 1
  1, 29 |   0.0000000000000000e+00 |   0.0000000000000000e+00 | 1
  1, 30 |   0.0000000000000000e+00 |   0.0000000000000000e+00 | 1
  2,  1 |   0.0000000000000000e+00 |   0.0000000000000000e+00 | 1
  2,  2 |   7.6174519262106077e-01 |   7.6174519262106077e-01 | 1
  2,  3 |  -5.0449061368217507e-01 |  -5.0449061368217507e-01 | 1
  2,  4 |   3.8702793439719224e-01 |   3.8702793439719224e-01 | 1
  2,  5 |  -1.3550537661917600e-01 |  -1.3550537661917600e-01 | 1
  2,  6 |  -8.8535710196804673e-02 |  -8.8535710196804673e-02 | 1
  2,  7 |   3.1439938867512299e-02 |   3.1439938867512299e-02 | 1
  2,  8 |   2.2525027937875430e-01 |   2.2525027937875430e-01 | 1
  2,  9 |  -1.8354519688821236e-01 |  -1.8354519688821236e-01 | 1
  2, 10 |  -1.6552066116996862e+00 |  -1.6552066116996862e+00 | 1
  2, 11 |   1.5203167759075528e-01 |   1.5203167759075528e-01 | 1
  2, 12 |   2.7633348042779982e-01 |   2.7633348042779982e-01 | 1
  2, 13 |  -8.4684116970148576e-02 |  -8.4684116970148576e-02 | 1
  2, 14 |  -2.0288755456568247e-01 |  -2.0288755456568247e-01 | 1
  2, 15 |  -4.6423545679085687e-03 |  -4.6423545679085687e-03 | 1
  2, 16 |   2.5417303264832231e-01 |   2.5417303264832231e-01 | 1
  2, 17 |  -1.6122480787726011e-02 |  -1.6122480787726011e-02 | 1
  2, 18 |  -3.4556622231087097e-01 |  -3.4556622231087097e-01 | 1
  2, 19 |   7.5380958853508463e-03 |   7.5380958853508463e-03 | 1
  2, 20 |  -1.9081708989042728e-01 |  -1.9081708989042728e-01 | 1
  2, 21 |  -1.0396573047253643e-01 |  -1.0396573047253643e-01 | 1
  2, 22 |  -1.6156880054744138e-01 |  -1.6156880054744138e-01 | 1
  2, 23 |  -3.8868573889851724e-02 |  -3.8868573889851724e-02 | 1
  2, 24 |   8.8597318967011590e-02 |   8.8597318967011590e-02 | 1
  2, 25 |  -2.7344964926271219e-02 |  -2.7344964926271219e-02 | 1
  2, 26 |  -3.1484873836764055e-01 |  -3.1484873836764055e-01 | 1
  2, 27 |   1.5308382656182579e-02 |   1.5308382656182579e-02 | 1
  2, 28 |   1.2194605691937407e-01 |   1.2194605691937407e-01 | 1
  2, 29 |   3.4700444968559584e-02 |   3.4700444968559584e-02 | 1
  2, 30 |   1.8528922010052930e-02 |   1.8528922010052930e-02 | 1
  3,  1 |   0.0000000000000000e+00 |   0.0000000000000000e+00 | 1
  3,  2 |  -5.0449061368217507e-01 |  -5.0449061368217507e-01 | 1
  3,  3 |   1.5821600369877800e+00 |   1.5821600369877800e+00 | 1
  3,  4 |  -4.4566071442886601e-02 |  -4.4566071442886601e-02 | 1
  3,  5 |  -1.4819453506281338e-01 |  -1.4819453506281338e-01 | 1
  3,  6 |  -1.4054430904637044e-01 |  -1.4054430904637044e-01 | 1
  3,  7 |   1.9291874853332014e-01 |   1.9291874853332014e-01 | 1
  3,  8 |  -6.0288511314243620e-01 |  -6.0288511314243620e-01 | 1
  3,  9 |  -1.5601906329452986e-01 |  -1.5601906329452986e-01 | 1
  3, 10 |  -3.9571721859054554e-01 |  -3.9571721859054554e-01 | 1
  3, 11 |   3.3465798621370257e-01 |   3.3465798621370257e-01 | 1
  3, 12 |  -8.1115916747216410e-02 |  -8.1115916747216410e-02 | 1
  3, 13 |  -1.3991697743077203e-01 |  -1.3991697743077203e-01 | 1
  3, 14 |  -1.5916946692507350e-01 |  -1.5916946692507350e-01 | 1
  3, 15 |   1.2152866717377198e-01 |   1.2152866717377198e-01 | 1
  3, 16 |  -2.9659379900983973e-01 |  -2.9659379900983973e-01 | 1
  3, 17 |  -1.2874994021370675e-01 |  -1.2874994021370675e-01 | 1
  3, 18 |  -1.8240838117878078e-01 |  -1.8240838117878078e-01 | 1
  3, 19 |  -1.2489620287452854e-01 |  -1.2489620287452854e-01 | 1
  3, 20 |  -1.5720347931084272e-01 |  -1.5720347931084272e-01 | 1
  3, 21 |  -1.4305748726671719e-01 |  -1.4305748726671719e-01 | 1
  3, 22 |  -1.5243963830408919e-01 |  -1.5243963830408919e-01 | 1
  3, 23 |   1.4035716818420685e-01 |   1.4035716818420685e-01 | 1
  3, 24 |  -1.1169361021260829e-01 |  -1.1169361021260829e-01 | 1
  3, 25 |  -1.3057781227797394e-01 |  -1.3057781227797394e-01 | 1
  3, 26 |  -1.7740524380922523e-01 |  -1.7740524380922523e-01 | 1
  3, 27 |  -1.2363061056564474e-01 |  -1.2363061056564474e-01 | 1
  3, 28 |  -1.0626190502112461e-01 |  -1.0626190502112461e-01 | 1
  3, 29 |  -1.2047211127311308e-01 |  -1.2047211127311308e-01 | 1
  3, 30 |  -1.2310606233947261e-01 |  -1.2310606233947261e-01 | 1
  4,  1 |   0.0000000000000000e+00 |   0.0000000000000000e+00 | 1
  4,  2 |   3.8702793439719224e-01 |   3.8702793439719224e-01 | 1
  4,  3 |  -4.4566071442886601e-02 |  -4.4566071442886601e-02 | 1
  4,  4 |   1.4269931193867045e+00 |   1.4269931193867045e+00 | 1
  4,  5 |  -9.0328285360324612e-02 |  -9.0328285360324612e-02 | 1
  4,  6 |  -5.7344141739126997e-02 |  -5.7344141739126997e-02 | 1
  4,  7 |   9.6834785942285811e-02 |   9.6834785942285811e-02 | 1
  4,  8 |  -1.3150580708045242e-01 |  -1.3150580708045242e-01 | 1
  4,  9 |  -1.2406393758135305e-01 |  -1.2406393758135305e-01 | 1
  4, 10 |  -1.1575286216435718e+00 |  -1.1575286216435718e+00 | 1
  4, 11 |   2.0231175959177383e-01 |   2.0231175959177383e-01 | 1
  4, 12 |   1.9888288101134727e-01 |   1.9888288101134727e-01 | 1
  4, 13 |  -5.4639385373771748e-02 |  -5.4639385373771748e-02 | 1
  4, 14 |  -1.3764698281485949e-01 |  -1.3764698281485949e-01 | 1
  4, 15 |  -5.4654068487486565e-02 |  -5.4654068487486565e-02 | 1
  4, 16 |   1.2327944399933878e-01 |   1.2327944399933878e-01 | 1
  4, 17 |  -6.4924210244119629e-03 |  -6.4924210244119629e-03 | 1
  4, 18 |  -2.3784215189436658e-01 |  -2.3784215189436658e-01 | 1
  4, 19 |   1.0123065494079313e-02 |   1.0123065494079313e-02 | 1
  4, 20 |  -1.2917057727983677e-01 |  -1.2917057727983677e-01 | 1
  4, 21 |  -6.8179773405560279e-02 |  -6.8179773405560279e-02 | 1
  4, 22 |  -1.0863115577894872e-01 |  -1.0863115577894872e-01 | 1
  4, 23 |  -2.0132934906844435e-02 |  -2.0132934906844435e-02 | 1
  4, 24 |   6.7046379193191924e-02 |   6.7046379193191924e-02 | 1
  4, 25 |  -1.4373337725961253e-02 |  -1.4373337725961253e-02 | 1
  4, 26 |  -2.1627099801364530e-01 |  -2.1627099801364530e-01 | 1
  4, 27 |   1.5579698985516264e-02 |   1.5579698985516264e-02 | 1
  4, 28 |   9.0465314136905034e-02 |   9.0465314136905034e-02 | 1
  4, 29 |   2.9197648977460310e-02 |   2.9197648977460310e-02 | 1
  4, 30 |   1.7841301858794789e-02 |   1.7841301858794789e-02 | 1
  5,  1 |   0.0000000000000000e+00 |   0.0000000000000000e+00 | 1
  5,  2 |  -1.3550537661917600e-01 |  -1.3550537661917600e-01 | 1
  5,  3 |  -1.4819453506281338e-01 |  -1.4819453506281338e-01 | 1
  5,  4 |  -9.0328285360324612e-02 |  -9.0328285360324612e-02 | 1
  5,  5 |   1.2917420960651130e-01 |   1.2917420960651130e-01 | 1
  5,  6 |   9.9314091229222634e-02 |   9.9314091229222634e-02 | 1
  5,  7 |  -1.0825678496783317e-01 |  -1.0825678496783317e-01 | 1
  5,  8 |   1.0984939733856547e-01 |   1.0984939733856547e-01 | 1
  5,  9 |   1.5971465897893067e-01 |   1.5971465897893067e-01 | 1
  5, 10 |   1.0952968631715669e+00 |   1.0952968631715669e+00 | 1
  5, 11 |  -1.4873404217825847e-01 |  -1.4873404217825847e-01 | 1
  5, 12 |  -1.3264491657106570e-01 |  -1.3264491657106570e-01 | 1
  5, 13 |   9.6865510309418035e-02 |   9.6865510309418035e-02 | 1
  5, 14 |   1.7201121405021202e-01 |   1.7201121405021202e-01 | 1
  5, 15 |  -5.1258902987592461e-02 |  -5.1258902987592461e-02 | 1
  5, 16 |   1.2266848003964312e-02 |   1.2266848003964312e-02 | 1
  5, 17 |   5.3278686545498027e-02 |   5.3278686545498027e-02 | 1
  5, 18 |   2.6271660396315544e-01 |   2.6271660396315544e-01 | 1
  5, 19 |   3.8236901634315576e-02 |   3.8236901634315576e-02 | 1
  5, 20 |   1.6433763381494787e-01 |   1.6433763381494787e-01 | 1
  5, 21 |   1.0912344835549537e-01 |   1.0912344835549537e-01 | 1
  5, 22 |   1.4574356133658101e-01 |   1.4574356133658101e-01 | 1
  5, 23 |  -2.8372370286143297e-02 |  -2.8372370286143297e-02 | 1
  5, 24 |  -1.3295037588793197e-02 |  -1.3295037588793197e-02 | 1
  5, 25 |   6.0413178457585662e-02 |   6.0413178457585662e-02 | 1
  5, 26 |   2.4318851751616111e-01 |   2.4318851751616111e-01 | 1
  5, 27 |   3.3297081959491964e-02 |   3.3297081959491964e-02 | 1
  5, 28 |  -3.4495896318319404e-02 |  -3.4495896318319404e-02 | 1
  5, 29 |   2.0968928071280653e-02 |   2.0968928071280653e-02 | 1
  5, 30 |   3.1249682135352848e-02 |   3.1249682135352848e-02 | 1
  6,  1 |   0.0000000000000000e+00 |   0.0000000000000000e+00 | 1
  6,  2 |  -8.8535710196804673e-02 |  -8.8535710196804673e-02 | 1
  6,  3 |  -1.4054430904637044e-01 |  -1.4054430904637044e-01 | 1
  6,  4 |  -5.7344141739126997e-02 |  -5.7344141739126997e-02 | 1
  6,  5 |   9.9314091229222634e-02 |   9.9314091229222634e-02 | 1
  6,  6 |   7.7043060933613614e-02 |   7.7043060933613614e-02 | 1
  6,  7 |  -8.4047830566501863e-02 |  -8.4047830566501863e-02 | 1
  6,  8 |   9.0509652490456727e-02 |   9.0509652490456727e-02 | 1
  6,  9 |   1.2209254322972379e-01 |   1.2209254322972379e-01 | 1
  6, 10 |   8.1989217515469592e-01 |   8.1989217515469592e-01 | 1
  6, 11 |  -1.1667499443211221e-01 |  -1.1667499443211221e-01 | 1
  6, 12 |  -9.5962485280265353e-02 |  -9.5962485280265353e-02 | 1
  6, 13 |   7.5216798253491216e-02 |   7.5216798253491216e-02 | 1
  6, 14 |   1.3126387159016051e-01 |   1.3126387159016051e-01 | 1
  6, 15 |  -4.1398321976950966e-02 |  -4.1398321976950966e-02 | 1
  6, 16 |   1.6610988843561856e-02 |   1.6610988843561856e-02 | 1
  6, 17 |   4.2707768641728518e-02 |   4.2707768641728518e-02 | 1
  6, 18 |   1.9891606442878335e-01 |   1.9891606442878335e-01 | 1
  6, 19 |   3.1488923384808382e-02 |   3.1488923384808382e-02 | 1
  6, 20 |   1.2554056749172537e-01 |   1.2554056749172537e-01 | 1
  6, 21 |   8.4359324284654341e-02 |   8.4359324284654341e-02 | 1
  6, 22 |   1.1167226508797196e-01 |   1.1167226508797196e-01 | 1
  6, 23 |  -2.4310737474510517e-02 |  -2.4310737474510517e-02 | 1
  6, 24 |  -6.9459336063011062e-03 |  -6.9459336063011062e-03 | 1
  6, 25 |   4.8028996224457679e-02 |   4.8028996224457679e-02 | 1
  6, 26 |   1.8435113205448694e-01 |   1.8435113205448694e-01 | 1
  6, 27 |   2.7804581875464487e-02 |   2.7804581875464487e-02 | 1
  6, 28 |  -2.2758495400802568e-02 |  -2.2758495400802568e-02 | 1
  6, 29 |   1.8609685685085742e-02 |   1.8609685685085742e-02 | 1
  6, 30 |   2.6277538246458690e-02 |   2.6277538246458690e-02 | 1
  7,  1 |   0.0000000000000000e+00 |   0.0000000000000000e+00 | 1
  7,  2 |   3.1439938867512299e-02 |   3.1439938867512299e-02 | 1
  7,  3 |   1.9291874853332014e-01 |   1.9291874853332014e-01 | 1
  7,  4 |   9.6834785942285811e-02 |   9.6834785942285811e-02 | 1
  7,  5 |  -1.0825678496783317e-01 |  -1.0825678496783317e-01 | 1
  7,  6 |  -8.4047830566501863e-02 |  -8.4047830566501863e-02 | 1
  7,  7 |   1.3075559883477206e-01 |   1.3075559883477206e-01 | 1
  7,  8 |  -1.3426840053695588e-01 |  -1.3426840053695588e-01 | 1
  7,  9 |  -1.3301731461066835e-01 |  -1.3301731461066835e-01 | 1
  7, 10 |  -8.9153630750231117e-01 |  -8.9153630750231117e-01 | 1
  7, 11 |   1.1781913680507415e-01 |   1.1781913680507415e-01 | 1
  7, 12 |   1.0401187407504520e-01 |   1.0401187407504520e-01 | 1
  7, 13 |  -8.2062654786178552e-02 |  -8.2062654786178552e-02 | 1
  7, 14 |  -1.4298669039302195e-01 |  -1.4298669039302195e-01 | 1
  7, 15 |   4.4762269463607202e-02 |   4.4762269463607202e-02 | 1
  7, 16 |  -1.7750505876522604e-02 |  -1.7750505876522604e-02 | 1
  7, 17 |  -4.6724836775215703e-02 |  -4.6724836775215703e-02 | 1
  7, 18 |  -2.1652567039688034e-01 |  -2.1652567039688034e-01 | 1
  7, 19 |  -3.4529778457157587e-02 |  -3.4529778457157587e-02 | 1
  7, 20 |  -1.3676537031467925e-01 |  -1.3676537031467925e-01 | 1
  7, 21 |  -9.2000721991041631e-02 |  -9.2000721991041631e-02 | 1
  7, 22 |  -1.2169031109834391e-01 |  -1.2169031109834391e-01 | 1
  7, 23 |   3.9878436205873648e-02 |   3.9878436205873648e-02 | 1
  7, 24 |   7.2495055707721551e-03 |   7.2495055707721551e-03 | 1
  7, 25 |  -5.2509093462070514e-02 |  -5.2509093462070514e-02 | 1
  7, 26 |  -2.0069336362768569e-01 |  -2.0069336362768569e-01 | 1
  7, 27 |  -3.0524842250205284e-02 |  -3.0524842250205284e-02 | 1
  7, 28 |   2.4438004817024545e-02 |   2.4438004817024545e-02 | 1
  7, 29 |  -2.0529847872235128e-02 |  -2.0529847872235128e-02 | 1
  7, 30 |  -2.8864922206355698e-02 |  -2.8864922206355698e-02 | 1
  8,  1 |   0.0000000000000000e+00 |   0.0000000000000000e+00 | 1
  8,  2 |   2.2525027937875430e-01 |   2.2525027937875430e-01 | 1
  8,  3 |  -6.0288511314243620e-01 |  -6.0288511314243620e-01 | 1
  8,  4 |  -1.3150580708045242e-01 |  -1.3150580708045242e-01 | 1
  8,  5 |   1.0984939733856547e-01 |   1.0984939733856547e-01 | 1
  8,  6 |   9.0509652490456727e-02 |   9.0509652490456727e-02 | 1
  8,  7 |  -1.3426840053695588e-01 |  -1.3426840053695588e-01 | 1
  8,  8 |   1.1561878750293064e+00 |   1.1561878750293064e+00 | 1
  8,  9 |   1.2962977766715719e-01 |   1.2962977766715719e-01 | 1
  8, 10 |   7.3558588536692415e-01 |   7.3558588536692415e-01 | 1
  8, 11 |  -2.6445794232888242e-01 |  -2.6445794232888242e-01 | 1
  8, 12 |  -5.9725117772631620e-02 |  -5.9725117772631620e-02 | 1
  8, 13 |   8.8923760252240081e-02 |   8.8923760252240081e-02 | 1
  8, 14 |   1.3759398713695081e-01 |   1.3759398713695081e-01 | 1
  8, 15 |  -6.3726018739904938e-02 |  -6.3726018739904938e-02 | 1
  8, 16 |   1.7577002850007761e-01 |   1.7577002850007761e-01 | 1
  8, 17 |   6.0693528887991996e-02 |   6.0693528887991996e-02 | 1
  8, 18 |   1.9634188205078967e-01 |   1.9634188205078967e-01 | 1
  8, 19 |   5.0951294168346387e-02 |   5.0951294168346387e-02 | 1
  8, 20 |   1.3262397724328984e-01 |   1.3262397724328984e-01 | 1
  8, 21 |   9.6862958313466752e-02 |   9.6862958313466752e-02 | 1
  8, 22 |   1.2058100364448897e-01 |   1.2058100364448897e-01 | 1
  8, 23 |  -8.6645199785205990e-02 |  -8.6645199785205990e-02 | 1
  8, 24 |   1.7575185508091694e-02 |   1.7575185508091694e-02 | 1
  8, 25 |   6.5314383085175121e-02 |   6.5314383085175121e-02 | 1
  8, 26 |   1.8369396805776356e-01 |   1.8369396805776356e-01 | 1
  8, 27 |   4.7751881134870819e-02 |   4.7751881134870819e-02 | 1
  8, 28 |   3.8438535361896694e-03 |   3.8438535361896694e-03 | 1
  8, 29 |   3.9767205808322312e-02 |   3.9767205808322312e-02 | 1
  8, 30 |   4.6425825093628852e-02 |   4.6425825093628852e-02 | 1
  9,  1 |   0.0000000000000000e+00 |   0.0000000000000000e+00 | 1
  9,  2 |  -1.8354519688821236e-01 |  -1.8354519688821236e-01 | 1
  9,  3 |  -1.5601906329452986e-01 |  -1.5601906329452986e-01 | 1
  9,  4 |  -1.2406393758135305e-01 |  -1.2406393758135305e-01 | 1
  9,  5 |   1.5971465897893067e-01 |   1.5971465897893067e-01 | 1
  9,  6 |   1.2209254322972379e-01 |   1.2209254322972379e-01 | 1
  9,  7 |  -1.3301731461066835e-01 |  -1.3301731461066835e-01 | 1
  9,  8 |   1.2962977766715719e-01 |   1.2962977766715719e-01 | 1
  9,  9 |   1.9819395456755201e-01 |   1.9819395456755201e-01 | 1
  9, 10 |   1.3769763537197233e+00 |   1.3769763537197233e+00 | 1
  9, 11 |  -1.8152352118005871e-01 |  -1.8152352118005871e-01 | 1
  9, 12 |  -1.7016311799903777e-01 |  -1.7016311799903777e-01 | 1
  9, 13 |   1.1900746521185931e-01 |   1.1900746521185931e-01 | 1
  9, 14 |   2.1368694131219668e-01 |   2.1368694131219668e-01 | 1
  9, 15 |  -6.1344146831943086e-02 |  -6.1344146831943086e-02 | 1
  9, 16 |   7.8237305320862024e-03 |   7.8237305320862024e-03 | 1
  9, 17 |   6.4090451552888561e-02 |   6.4090451552888561e-02 | 1
  9, 18 |   3.2797077084519877e-01 |   3.2797077084519877e-01 | 1
  9, 19 |   4.5138625378511432e-02 |   4.5138625378511432e-02 | 1
  9, 20 |   2.0401864997519609e-01 |   2.0401864997519609e-01 | 1
  9, 21 |   1.3445179661797446e-01 |   1.3445179661797446e-01 | 1
  9, 22 |   1.8059113578358971e-01 |   1.8059113578358971e-01 | 1
  9, 23 |  -3.2526543072156119e-02 |  -3.2526543072156119e-02 | 1
  9, 24 |  -1.9788799148027381e-02 |  -1.9788799148027381e-02 | 1
  9, 25 |   7.3079521091114180e-02 |   7.3079521091114180e-02 | 1
  9, 26 |   3.0336645014527674e-01 |   3.0336645014527674e-01 | 1
  9, 27 |   3.8914722805180026e-02 |   3.8914722805180026e-02 | 1
  9, 28 |  -4.6500721420186852e-02 |  -4.6500721420186852e-02 | 1
  9, 29 |   2.3381923279131231e-02 |   2.3381923279131231e-02 | 1
  9, 30 |   3.6335111024134434e-02 |   3.6335111024134434e-02 | 1
 10,  1 |   0.0000000000000000e+00 |   0.0000000000000000e+00 | 1
 10,  2 |  -1.6552066116996862e+00 |  -1.6552066116996862e+00 | 1
 10,  3 |  -3.9571721859054554e-01 |  -3.9571721859054554e-01 | 1
 10,  4 |  -1.1575286216435718e+00 |  -1.1575286216435718e+00 | 1
 10,  5 |   1.0952968631715669e+00 |   1.0952968631715669e+00 | 1
 10,  6 |   8.1989217515469592e-01 |   8.1989217515469592e-01 | 1
 10,  7 |  -8.9153630750231117e-01 |  -8.9153630750231117e-01 | 1
 10,  8 |   7.3558588536692415e-01 |   7.3558588536692415e-01 | 1
 10,  9 |   1.3769763537197233e+00 |   1.3769763537197233e+00 | 1
 10, 10 |   1.0006001926451363e+01 |   1.0006001926451363e+01 | 1
 10, 11 |  -1.1860029466570123e+00 |  -1.1860029466570123e+00 | 1
 10, 12 |  -1.3195031673145108e+00 |  -1.3195031673145108e+00 | 1
 10, 13 |   7.9730851836055683e-01 |   7.9730851836055683e-01 | 1
 10, 14 |   1.4903894644932594e+00 |   1.4903894644932594e+00 | 1
 10, 15 |  -3.7029751392739912e-01 |  -3.7029751392739912e-01 | 1
 10, 16 |  -1.2828761430546035e-01 |  -1.2828761430546035e-01 | 1
 10, 17 |   3.9530021254614239e-01 |   3.9530021254614239e-01 | 1
 10, 18 |   2.3269799058783853e+00 |   2.3269799058783853e+00 | 1
 10, 19 |   2.5656740414690726e-01 |   2.5656740414690726e-01 | 1
 10, 20 |   1.4196147962824757e+00 |   1.4196147962824757e+00 | 1
 10, 21 |   9.1036545810734737e-01 |   9.1036545810734737e-01 | 1
 10, 22 |   1.2481186667061297e+00 |   1.2481186667061297e+00 | 1
 10, 23 |  -1.5978629897712576e-01 |  -1.5978629897712576e-01 | 1
 10, 24 |  -2.1871998310609664e-01 |  -2.1871998310609664e-01 | 1
 10, 25 |   4.6110278217760126e-01 |   4.6110278217760126e-01 | 1
 10, 26 |   2.1468692148128605e+00 |   2.1468692148128605e+00 | 1
 10, 27 |   2.1100665050522160e-01 |   2.1100665050522160e-01 | 1
 10, 28 |  -4.1425892274350851e-01 |  -4.1425892274350851e-01 | 1
 10, 29 |   9.7302098727854003e-02 |   9.7302098727854003e-02 | 1
 10, 30 |   1.9212315171660382e-01 |   1.9212315171660382e-01 | 1
 11,  1 |   0.0000000000000000e+00 |   0.0000000000000000e+00 | 1
 11,  2 |   1.5203167759075528e-01 |   1.5203167759075528e-01 | 1
 11,  3 |   3.3465798621370257e-01 |   3.3465798621370257e-01 | 1
 11,  4 |   2.0231175959177383e-01 |   2.0231175959177383e-01 | 1
 11,  5 |  -1.4873404217825847e-01 |  -1.4873404217825847e-01 | 1
 11,  6 |  -1.1667499443211221e-01 |  -1.1667499443211221e-01 | 1
 11,  7 |   1.1781913680507415e-01 |   1.1781913680507415e-01 | 1
 11,  8 |  -2.6445794232888242e-01 |  -2.6445794232888242e-01 | 1
 11,  9 |  -1.8152352118005871e-01 |  -1.8152352118005871e-01 | 1
 11, 10 |  -1.1860029466570123e+00 |  -1.1860029466570123e+00 | 1
 11, 11 |   3.2309460088994213e-01 |   3.2309460088994213e-01 | 1
 11, 12 |   1.3236570968130273e-01 |   1.3236570968130273e-01 | 1
 11, 13 |  -1.1404609753606298e-01 |  -1.1404609753606298e-01 | 1
 11, 14 |  -1.9472560702402897e-01 |  -1.9472560702402897e-01 | 1
 11, 15 |   5.3074762397163133e-02 |   5.3074762397163133e-02 | 1
 11, 16 |  -2.5873275043287753e-02 |  -2.5873275043287753e-02 | 1
 11, 17 |  -6.7249495911695475e-02 |  -6.7249495911695475e-02 | 1
 11, 18 |  -2.9211063373534474e-01 |  -2.9211063373534474e-01 | 1
 11, 19 |  -5.1100018723955740e-02 |  -5.1100018723955740e-02 | 1
 11, 20 |  -1.8648693656684412e-01 |  -1.8648693656684412e-01 | 1
 11, 21 |  -1.2720672255531840e-01 |  -1.2720672255531840e-01 | 1
 11, 22 |  -1.6652357775520016e-01 |  -1.6652357775520016e-01 | 1
 11, 23 |   4.1986579625513165e-02 |   4.1986579625513165e-02 | 1
 11, 24 |   4.2267847041423199e-03 |   4.2267847041423199e-03 | 1
 11, 25 |  -7.4909379037895601e-02 |  -7.4909379037895601e-02 | 1
 11, 26 |  -2.7114447922087304e-01 |  -2.7114447922087304e-01 | 1
 11, 27 |  -4.5796425726135334e-02 |  -4.5796425726135334e-02 | 1
 11, 28 |   2.6988896146323067e-02 |   2.6988896146323067e-02 | 1
 11, 29 |  -3.2560414098290469e-02 |  -3.2560414098290469e-02 | 1
 11, 30 |  -4.3598253302580978e-02 |  -4.3598253302580978e-02 | 1
 12,  1 |   0.0000000000000000e+00 |   0.0000000000000000e+00 | 1
 12,  2 |   2.7633348042779982e-01 |   2.7633348042779982e-01 | 1
 12,  3 |  -8.1115916747216410e-02 |  -8.1115916747216410e-02 | 1
 12,  4 |   1.9888288101134727e-01 |   1.9888288101134727e-01 | 1
 12,  5 |  -1.3264491657106570e-01 |  -1.3264491657106570e-01 | 1
 12,  6 |  -9.5962485280265353e-02 |  -9.5962485280265353e-02 | 1
 12,  7 |   1.0401187407504520e-01 |   1.0401187407504520e-01 | 1
 12,  8 |  -5.9725117772631620e-02 |  -5.9725117772631620e-02 | 1
 12,  9 |  -1.7016311799903777e-01 |  -1.7016311799903777e-01 | 1
 12, 10 |  -1.3195031673145108e+00 |  -1.3195031673145108e+00 | 1
 12, 11 |   1.3236570968130273e-01 |   1.3236570968130273e-01 | 1
 12, 12 |   1.8899353063481289e-01 |   1.8899353063481289e-01 | 1
 12, 13 |  -9.2954462991922018e-02 |  -9.2954462991922018e-02 | 1
 12, 14 |  -1.8526913770251019e-01 |  -1.8526913770251019e-01 | 1
 12, 15 |   3.5200523282970013e-02 |   3.5200523282970013e-02 | 1
 12, 16 |   5.0357090855212908e-02 |   5.0357090855212908e-02 | 1
 12, 17 |  -3.9409107019742581e-02 |  -3.9409107019742581e-02 | 1
 12, 18 |  -2.9669850954432997e-01 |  -2.9669850954432997e-01 | 1
 12, 19 |  -2.0930639025182489e-02 |  -2.0930639025182489e-02 | 1
 12, 20 |  -1.7584233047294567e-01 |  -1.7584233047294567e-01 | 1
 12, 21 |  -1.0801304262330287e-01 |  -1.0801304262330287e-01 | 1
 12, 22 |  -1.5299996335205895e-01 |  -1.5299996335205895e-01 | 1
 12, 23 |   7.2407890283635399e-03 |   7.2407890283635399e-03 | 1
 12, 24 |   4.2375098630664548e-02 |   4.2375098630664548e-02 | 1
 12, 25 |  -4.8173657311287713e-02 |  -4.8173657311287713e-02 | 1
 12, 26 |  -2.7270872891185982e-01 |  -2.7270872891185982e-01 | 1
 12, 27 |  -1.4862190343586488e-02 |  -1.4862190343586488e-02 | 1
 12, 28 |   6.8419839446998615e-02 |   6.8419839446998615e-02 | 1
 12, 29 |   2.8264774523060077e-04 |   2.8264774523060077e-04 | 1
 12, 30 |  -1.2347009316497182e-02 |  -1.2347009316497182e-02 | 1
 13,  1 |   0.0000000000000000e+00 |   0.0000000000000000e+00 | 1
 13,  2 |  -8.4684116970148576e-02 |  -8.4684116970148576e-02 | 1
 13,  3 |  -1.3991697743077203e-01 |  -1.3991697743077203e-01 | 1
 13,  4 |  -5.4639385373771748e-02 |  -5.4639385373771748e-02 | 1
 13,  5 |   9.6865510309418035e-02 |   9.6865510309418035e-02 | 1
 13,  6 |   7.5216798253491216e-02 |   7.5216798253491216e-02 | 1
 13,  7 |  -8.2062654786178552e-02 |  -8.2062654786178552e-02 | 1
 13,  8 |   8.8923760252240081e-02 |   8.8923760252240081e-02 | 1
 13,  9 |   1.1900746521185931e-01 |   1.1900746521185931e-01 | 1
 13, 10 |   7.9730851836055683e-01 |   7.9730851836055683e-01 | 1
 13, 11 |  -1.1404609753606298e-01 |  -1.1404609753606298e-01 | 1
 13, 12 |  -9.2954462991922018e-02 |  -9.2954462991922018e-02 | 1
 13, 13 |   7.3441566736437813e-02 |   7.3441566736437813e-02 | 1
 13, 14 |   1.2792251962154352e-01 |   1.2792251962154352e-01 | 1
 13, 15 |  -4.0589737425153746e-02 |  -4.0589737425153746e-02 | 1
 13, 16 |   1.6967215853427475e-02 |   1.6967215853427475e-02 | 1
 13, 17 |   4.1840935246048150e-02 |   4.1840935246048150e-02 | 1
 13, 18 |   1.9368431075867992e-01 |   1.9368431075867992e-01 | 1
 13, 19 |   3.0935577597974589e-02 |   3.0935577597974589e-02 | 1
 13, 20 |   1.2235914151148841e-01 |   1.2235914151148841e-01 | 1
 13, 21 |   8.2328623638749154e-02 |   8.2328623638749154e-02 | 1
 13, 22 |   1.0887836035960657e-01 |   1.0887836035960657e-01 | 1
 13, 23 |  -2.3977676621502513e-02 |  -2.3977676621502513e-02 | 1
 13, 24 |  -6.4252961856838577e-03 |  -6.4252961856838577e-03 | 1
 13, 25 |   4.7013472043615785e-02 |   4.7013472043615785e-02 | 1
 13, 26 |   1.7952636553126466e-01 |   1.7952636553126466e-01 | 1
 13, 27 |   2.7354187451626051e-02 |   2.7354187451626051e-02 | 1
 13, 28 |  -2.1796008389378167e-02 |  -2.1796008389378167e-02 | 1
 13, 29 |   1.8416223766707741e-02 |   1.8416223766707741e-02 | 1
 13, 30 |   2.5869813923148521e-02 |   2.5869813923148521e-02 | 1
 14,  1 |   0.0000000000000000e+00 |   0.0000000000000000e+00 | 1
 14,  2 |  -2.0288755456568247e-01 |  -2.0288755456568247e-01 | 1
 14,  3 |  -1.5916946692507350e-01 |  -1.5916946692507350e-01 | 1
 14,  4 |  -1.3764698281485949e-01 |  -1.3764698281485949e-01 | 1
 14,  5 |   1.7201121405021202e-01 |   1.7201121405021202e-01 | 1
 14,  6 |   1.3126387159016051e-01 |   1.3126387159016051e-01 | 1
 14,  7 |  -1.4298669039302195e-01 |  -1.4298669039302195e-01 | 1
 14,  8 |   1.3759398713695081e-01 |   1.3759398713695081e-01 | 1
 14,  9 |   2.1368694131219668e-01 |   2.1368694131219668e-01 | 1
 14, 10 |   1.4903894644932594e+00 |   1.4903894644932594e+00 | 1
 14, 11 |  -1.9472560702402897e-01 |  -1.9472560702402897e-01 | 1
 14, 12 |  -1.8526913770251019e-01 |  -1.8526913770251019e-01 | 1
 14, 13 |   1.2792251962154352e-01 |   1.2792251962154352e-01 | 1
 14, 14 |   2.3046691298692207e-01 |   2.3046691298692207e-01 | 1
 14, 15 |  -6.5404786374194640e-02 |  -6.5404786374194640e-02 | 1
 14, 16 |   6.0347902993751253e-03 |   6.0347902993751253e-03 | 1
 14, 17 |   6.8443611594112830e-02 |   6.8443611594112830e-02 | 1
 14, 18 |   3.5424417130762731e-01 |   3.5424417130762731e-01 | 1
 14, 19 |   4.7917478600146987e-02 |   4.7917478600146987e-02 | 1
 14, 20 |   2.1999548759603499e-01 |   2.1999548759603499e-01 | 1
 14, 21 |   1.4464979421391583e-01 |   1.4464979421391583e-01 | 1
 14, 22 |   1.9462187623075827e-01 |   1.9462187623075827e-01 | 1
 14, 23 |  -3.4199144998917436e-02 |  -3.4199144998917436e-02 | 1
 14, 24 |  -2.2403393832785622e-02 |  -2.2403393832785622e-02 | 1
 14, 25 |   7.8179392997445557e-02 |   7.8179392997445557e-02 | 1
 14, 26 |   3.2759599744496803e-01 |   3.2759599744496803e-01 | 1
 14, 27 |   4.1176563461483601e-02 |   4.1176563461483601e-02 | 1
 14, 28 |  -5.1334245352578065e-02 |  -5.1334245352578065e-02 | 1
 14, 29 |   2.4353471802330627e-02 |   2.4353471802330627e-02 | 1
 14, 30 |   3.8382666240253188e-02 |   3.8382666240253188e-02 | 1
 15,  1 |   0.0000000000000000e+00 |   0.0000000000000000e+00 | 1
 15,  2 |  -4.6423545679085687e-03 |  -4.6423545679085687e-03 | 1
 15,  3 |   1.2152866717377198e-01 |   1.2152866717377198e-01 | 1
 15,  4 |  -5.4654068487486565e-02 |  -5.4654068487486565e-02 | 1
 15,  5 |  -5.1258902987592461e-02 |  -5.1258902987592461e-02 | 1
 15,  6 |  -4.1398321976950966e-02 |  -4.1398321976950966e-02 | 1
 15,  7 |   4.4762269463607202e-02 |   4.4762269463607202e-02 | 1
 15,  8 |  -6.3726018739904938e-02 |  -6.3726018739904938e-02 | 1
 15,  9 |  -6.1344146831943086e-02 |  -6.1344146831943086e-02 | 1
 15, 10 |  -3.7029751392739912e-01 |  -3.7029751392739912e-01 | 1
 15, 11 |   5.3074762397163133e-02 |   5.3074762397163133e-02 | 1
 15, 12 |   3.5200523282970013e-02 |   3.5200523282970013e-02 | 1
 15, 13 |  -4.0589737425153746e-02 |  -4.0589737425153746e-02 | 1
 15, 14 |  -6.5404786374194640e-02 |  -6.5404786374194640e-02 | 1
 15, 15 |   3.5983953096073669e-02 |   3.5983953096073669e-02 | 1
 15, 16 |  -2.8554825278463501e-02 |  -2.8554825278463501e-02 | 1
 15, 17 |  -2.6196244362029067e-02 |  -2.6196244362029067e-02 | 1
 15, 18 |  -9.5358044891143343e-02 |  -9.5358044891143343e-02 | 1
 15, 19 |  -2.1229059145155216e-02 |  -2.1229059145155216e-02 | 1
 15, 20 |  -6.2870772323226881e-02 |  -6.2870772323226881e-02 | 1
 15, 21 |  -4.4637624627699490e-02 |  -4.4637624627699490e-02 | 1
 15, 22 |  -5.6730530157181366e-02 |  -5.6730530157181366e-02 | 1
 15, 23 |   2.1532959772463667e-02 |   2.1532959772463667e-02 | 1
 15, 24 |  -4.2118841042235334e-03 |  -4.2118841042235334e-03 | 1
 15, 25 |  -2.8552237550776193e-02 |  -2.8552237550776193e-02 | 1
 15, 26 |  -8.8909367230359748e-02 |  -8.8909367230359748e-02 | 1
 15, 27 |  -1.9597803320784157e-02 |  -1.9597803320784157e-02 | 1
 15, 28 |   2.7891860951759721e-03 |   2.7891860951759721e-03 | 1
 15, 29 |  -1.5526729036095834e-02 |  -1.5526729036095834e-02 | 1
 15, 30 |  -1.8921699106247067e-02 |  -1.8921699106247067e-02 | 1
 16,  1 |   0.0000000000000000e+00 |   0.0000000000000000e+00 | 1
 16,  2 |   2.5417303264832231e-01 |   2.5417303264832231e-01 | 1
 16,  3 |  -2.9659379900983973e-01 |  -2.9659379900983973e-01 | 1
 16,  4 |   1.2327944399933878e-01 |   1.2327944399933878e-01 | 1
 16,  5 |   1.2266848003964312e-02 |   1.2266848003964312e-02 | 1
 16,  6 |   1.6610988843561856e-02 |   1.6610988843561856e-02 | 1
 16,  7 |  -1.7750505876522604e-02 |  -1.7750505876522604e-02 | 1
 16,  8 |   1.7577002850007761e-01 |   1.7577002850007761e-01 | 1
 16,  9 |   7.8237305320862024e-03 |   7.8237305320862024e-03 | 1
 16, 10 |  -1.2828761430546035e-01 |  -1.2828761430546035e-01 | 1
 16, 11 |  -2.5873275043287753e-02 |  -2.5873275043287753e-02 | 1
 16, 12 |   5.0357090855212908e-02 |   5.0357090855212908e-02 | 1
 16, 13 |   1.6967215853427475e-02 |   1.6967215853427475e-02 | 1
 16, 14 |   6.0347902993751253e-03 |   6.0347902993751253e-03 | 1
 16, 15 |  -2.8554825278463501e-02 |  -2.8554825278463501e-02 | 1
 16, 16 |   2.4516575422639597e-01 |   2.4516575422639597e-01 | 1
 16, 17 |   2.3308359540931890e-02 |   2.3308359540931890e-02 | 1
 16, 18 |  -7.1613057297378723e-03 |  -7.1613057297378723e-03 | 1
 16, 19 |   2.5496684168761097e-02 |   2.5496684168761097e-02 | 1
 16, 20 |   7.1511660932178454e-03 |   7.1511660932178454e-03 | 1
 16, 21 |   1.5183893734798056e-02 |   1.5183893734798056e-02 | 1
 16, 22 |   9.8562883160441643e-03 |   9.8562883160441643e-03 | 1
 16, 23 |  -3.3496549283249959e-02 |  -3.3496549283249959e-02 | 1
 16, 24 |   3.2993707440017242e-02 |   3.2993707440017242e-02 | 1
 16, 25 |   2.2270411963577798e-02 |   2.2270411963577798e-02 | 1
 16, 26 |  -4.3203003118115202e-03 |  -4.3203003118115202e-03 | 1
 16, 27 |   2.6215344166791867e-02 |   2.6215344166791867e-02 | 1
 16, 28 |   3.6078072858524927e-02 |   3.6078072858524927e-02 | 1
 16, 29 |   2.8008881497515410e-02 |   2.8008881497515410e-02 | 1
 16, 30 |   2.6513206113699048e-02 |   2.6513206113699048e-02 | 1
 17,  1 |   0.0000000000000000e+00 |   0.0000000000000000e+00 | 1
 17,  2 |  -1.6122480787726011e-02 |  -1.6122480787726011e-02 | 1
 17,  3 |  -1.2874994021370675e-01 |  -1.2874994021370675e-01 | 1
 17,  4 |  -6.4924210244119629e-03 |  -6.4924210244119629e-03 | 1
 17,  5 |   5.3278686545498027e-02 |   5.3278686545498027e-02 | 1
 17,  6 |   4.2707768641728518e-02 |   4.2707768641728518e-02 | 1
 17,  7 |  -4.6724836775215703e-02 |  -4.6724836775215703e-02 | 1
 17,  8 |   6.0693528887991996e-02 |   6.0693528887991996e-02 | 1
 17,  9 |   6.4090451552888561e-02 |   6.4090451552888561e-02 | 1
 17, 10 |   3.9530021254614239e-01 |   3.9530021254614239e-01 | 1
 17, 11 |  -6.7249495911695475e-02 |  -6.7249495911695475e-02 | 1
 17, 12 |  -3.9409107019742581e-02 |  -3.9409107019742581e-02 | 1
 17, 13 |   4.1840935246048150e-02 |   4.1840935246048150e-02 | 1
 17, 14 |   6.8443611594112830e-02 |   6.8443611594112830e-02 | 1
 17, 15 |  -2.6196244362029067e-02 |  -2.6196244362029067e-02 | 1
 17, 16 |   2.3308359540931890e-02 |   2.3308359540931890e-02 | 1
 17, 17 |   2.6410563206700620e-02 |   2.6410563206700620e-02 | 1
 17, 18 |   1.0055464403799674e-01 |   1.0055464403799674e-01 | 1
 17, 19 |   2.1085551720146978e-02 |   2.1085551720146978e-02 | 1
 17, 20 |   6.5727052146738879e-02 |   6.5727052146738879e-02 | 1
 17, 21 |   4.6180424294497022e-02 |   4.6180424294497022e-02 | 1
 17, 22 |   5.9144478992122287e-02 |   5.9144478992122287e-02 | 1
 17, 23 |  -1.8048909986146319e-02 |  -1.8048909986146319e-02 | 1
 17, 24 |   2.8424928041550371e-03 |   2.8424928041550371e-03 | 1
 17, 25 |   2.8936277518102405e-02 |   2.8936277518102405e-02 | 1
 17, 26 |   9.3641416301147376e-02 |   9.3641416301147376e-02 | 1
 17, 27 |   1.9336783429023272e-02 |   1.9336783429023272e-02 | 1
 17, 28 |  -4.6629207451463067e-03 |  -4.6629207451463067e-03 | 1
 17, 29 |   1.4972436946683220e-02 |   1.4972436946683220e-02 | 1
 17, 30 |   1.8611973994867206e-02 |   1.8611973994867206e-02 | 1
 18,  1 |   0.0000000000000000e+00 |   0.0000000000000000e+00 | 1
 18,  2 |  -3.4556622231087097e-01 |  -3.4556622231087097e-01 | 1
 18,  3 |  -1.8240838117878078e-01 |  -1.8240838117878078e-01 | 1
 18,  4 |  -2.3784215189436658e-01 |  -2.3784215189436658e-01 | 1
 18,  5 |   2.6271660396315544e-01 |   2.6271660396315544e-01 | 1
 18,  6 |   1.9891606442878335e-01 |   1.9891606442878335e-01 | 1
 18,  7 |  -2.1652567039688034e-01 |  -2.1652567039688034e-01 | 1
 18,  8 |   1.9634188205078967e-01 |   1.9634188205078967e-01 | 1
 18,  9 |   3.2797077084519877e-01 |   3.2797077084519877e-01 | 1
 18, 10 |   2.3269799058783853e+00 |   2.3269799058783853e+00 | 1
 18, 11 |  -2.9211063373534474e-01 |  -2.9211063373534474e-01 | 1
 18, 12 |  -2.9669850954432997e-01 |  -2.9669850954432997e-01 | 1
 18, 13 |   1.9368431075867992e-01 |   1.9368431075867992e-01 | 1
 18, 14 |   3.5424417130762731e-01 |   3.5424417130762731e-01 | 1
 18, 15 |  -9.5358044891143343e-02 |  -9.5358044891143343e-02 | 1
 18, 16 |  -7.1613057297378723e-03 |  -7.1613057297378723e-03 | 1
 18, 17 |   1.0055464403799674e-01 |   1.0055464403799674e-01 | 1
 18, 18 |   5.4804959238353979e-01 |   5.4804959238353979e-01 | 1
 18, 19 |   6.8415655809724668e-02 |   6.8415655809724668e-02 | 1
 18, 20 |   3.3784843727151581e-01 |   3.3784843727151581e-01 | 1
 18, 21 |   2.1987520026427212e-01 |   2.1987520026427212e-01 | 1
 18, 22 |   2.9811946361692987e-01 |   2.9811946361692987e-01 | 1
 18, 23 |  -4.6537072896927219e-02 |  -4.6537072896927219e-02 | 1
 18, 24 |  -4.1689919942402918e-02 |  -4.1689919942402918e-02 | 1
 18, 25 |   1.1579853649270171e-01 |   1.1579853649270171e-01 | 1
 18, 26 |   5.0632496035928276e-01 |   5.0632496035928276e-01 | 1
 18, 27 |   5.7861003729309440e-02 |   5.7861003729309440e-02 | 1
 18, 28 |  -8.6988676248799357e-02 |  -8.6988676248799357e-02 | 1
 18, 29 |   3.1520087739307479e-02 |   3.1520087739307479e-02 | 1
 18, 30 |   5.3486432547499907e-02 |   5.3486432547499907e-02 | 1
 19,  1 |   0.0000000000000000e+00 |   0.0000000000000000e+00 | 1
 19,  2 |   7.5380958853508463e-03 |   7.5380958853508463e-03 | 1
 19,  3 |  -1.2489620287452854e-01 |  -1.2489620287452854e-01 | 1
 19,  4 |   1.0123065494079313e-02 |   1.0123065494079313e-02 | 1
 19,  5 |   3.8236901634315576e-02 |   3.8236901634315576e-02 | 1
 19,  6 |   3.1488923384808382e-02 |   3.1488923384808382e-02 | 1
 19,  7 |  -3.4529778457157587e-02 |  -3.4529778457157587e-02 | 1
 19,  8 |   5.0951294168346387e-02 |   5.0951294168346387e-02 | 1
 19,  9 |   4.5138625378511432e-02 |   4.5138625378511432e-02 | 1
 19, 10 |   2.5656740414690726e-01 |   2.5656740414690726e-01 | 1
 19, 11 |  -5.1100018723955740e-02 |  -5.1100018723955740e-02 | 1
 19, 12 |  -2.0930639025182489e-02 |  -2.0930639025182489e-02 | 1
 19, 13 |   3.0935577597974589e-02 |   3.0935577597974589e-02 | 1
 19, 14 |   4.7917478600146987e-02 |   4.7917478600146987e-02 | 1
 19, 15 |  -2.1229059145155216e-02 |  -2.1229059145155216e-02 | 1
 19, 16 |   2.5496684168761097e-02 |   2.5496684168761097e-02 | 1
 19, 17 |   2.1085551720146978e-02 |   2.1085551720146978e-02 | 1
 19, 18 |   6.8415655809724668e-02 |   6.8415655809724668e-02 | 1
 19, 19 |   1.7686314113516038e-02 |   1.7686314113516038e-02 | 1
 19, 20 |   4.6183354446710886e-02 |   4.6183354446710886e-02 | 1
 19, 21 |   3.3705703897830244e-02 |   3.3705703897830244e-02 | 1
 19, 22 |   4.1981348445976563e-02 |   4.1981348445976563e-02 | 1
 19, 23 |  -1.6002896428400762e-02 |  -1.6002896428400762e-02 | 1
 19, 24 |   6.0408008421337618e-03 |   6.0408008421337618e-03 | 1
 19, 25 |   2.2697849289806366e-02 |   2.2697849289806366e-02 | 1
 19, 26 |   6.4002575430570918e-02 |   6.4002575430570918e-02 | 1
 19, 27 |   1.6569982448797996e-02 |   1.6569982448797996e-02 | 1
 19, 28 |   1.2496968119923560e-03 |   1.2496968119923560e-03 | 1
 19, 29 |   1.3783988328579397e-02 |   1.3783988328579397e-02 | 1
 19, 30 |   1.6107298096246732e-02 |   1.6107298096246732e-02 | 1
 20,  1 |   0.0000000000000000e+00 |   0.0000000000000000e+00 | 1
 20,  2 |  -1.9081708989042728e-01 |  -1.9081708989042728e-01 | 1
 20,  3 |  -1.5720347931084272e-01 |  -1.5720347931084272e-01 | 1
 20,  4 |  -1.2917057727983677e-01 |  -1.2917057727983677e-01 | 1
 20,  5 |   1.6433763381494787e-01 |   1.6433763381494787e-01 | 1
 20,  6 |   1.2554056749172537e-01 |   1.2554056749172537e-01 | 1
 20,  7 |  -1.3676537031467925e-01 |  -1.3676537031467925e-01 | 1
 20,  8 |   1.3262397724328984e-01 |   1.3262397724328984e-01 | 1
 20,  9 |   2.0401864997519609e-01 |   2.0401864997519609e-01 | 1
 20, 10 |   1.4196147962824757e+00 |   1.4196147962824757e+00 | 1
 20, 11 |  -1.8648693656684412e-01 |  -1.8648693656684412e-01 | 1
 20, 12 |  -1.7584233047294567e-01 |  -1.7584233047294567e-01 | 1
 20, 13 |   1.2235914151148841e-01 |   1.2235914151148841e-01 | 1
 20, 14 |   2.1999548759603499e-01 |   2.1999548759603499e-01 | 1
 20, 15 |  -6.2870772323226881e-02 |  -6.2870772323226881e-02 | 1
 20, 16 |   7.1511660932178454e-03 |   7.1511660932178454e-03 | 1
 20, 17 |   6.5727052146738879e-02 |   6.5727052146738879e-02 | 1
 20, 18 |   3.3784843727151581e-01 |   3.3784843727151581e-01 | 1
 20, 19 |   4.6183354446710886e-02 |   4.6183354446710886e-02 | 1
 20, 20 |   2.1002525246265288e-01 |   2.1002525246265288e-01 | 1
 20, 21 |   1.3828580427228307e-01 |   1.3828580427228307e-01 | 1
 20, 22 |   1.8586608959309311e-01 |   1.8586608959309311e-01 | 1
 20, 23 |  -3.3155369323031286e-02 |  -3.3155369323031286e-02 | 1
 20, 24 |  -2.0771774083365002e-02 |  -2.0771774083365002e-02 | 1
 20, 25 |   7.4996853169655653e-02 |   7.4996853169655653e-02 | 1
 20, 26 |   3.1247571585415823e-01 |   3.1247571585415823e-01 | 1
 20, 27 |   3.9765077427422593e-02 |   3.9765077427422593e-02 | 1
 20, 28 |  -4.8317918136670648e-02 |  -4.8317918136670648e-02 | 1
 20, 29 |   2.3747183659353556e-02 |   2.3747183659353556e-02 | 1
 20, 30 |   3.7104903554649481e-02 |   3.7104903554649481e-02 | 1
 21,  1 |   0.0000000000000000e+00 |   0.0000000000000000e+00 | 1
 21,  2 |  -1.0396573047253643e-01 |  -1.0396573047253643e-01 | 1
 21,  3 |  -1.4305748726671719e-01 |  -1.4305748726671719e-01 | 1
 21,  4 |  -6.8179773405560279e-02 |  -6.8179773405560279e-02 | 1
 21,  5 |   1.0912344835549537e-01 |   1.0912344835549537e-01 | 1
 21,  6 |   8.4359324284654341e-02 |   8.4359324284654341e-02 | 1
 21,  7 |  -9.2000721991041631e-02 |  -9.2000721991041631e-02 | 1
 21,  8 |   9.6862958313466752e-02 |   9.6862958313466752e-02 | 1
 21,  9 |   1.3445179661797446e-01 |   1.3445179661797446e-01 | 1
 21, 10 |   9.1036545810734737e-01 |   9.1036545810734737e-01 | 1
 21, 11 |  -1.2720672255531840e-01 |  -1.2720672255531840e-01 | 1
 21, 12 |  -1.0801304262330287e-01 |  -1.0801304262330287e-01 | 1
 21, 13 |   8.2328623638749154e-02 |   8.2328623638749154e-02 | 1
 21, 14 |   1.4464979421391583e-01 |   1.4464979421391583e-01 | 1
 21, 15 |  -4.4637624627699490e-02 |  -4.4637624627699490e-02 | 1
 21, 16 |   1.5183893734798056e-02 |   1.5183893734798056e-02 | 1
 21, 17 |   4.6180424294497022e-02 |   4.6180424294497022e-02 | 1
 21, 18 |   2.1987520026427212e-01 |   2.1987520026427212e-01 | 1
 21, 19 |   3.3705703897830244e-02 |   3.3705703897830244e-02 | 1
 21, 20 |   1.3828580427228307e-01 |   1.3828580427228307e-01 | 1
 21, 21 |   9.2494594676488934e-02 |   9.2494594676488934e-02 | 1
 21, 22 |   1.2286503761598816e-01 |   1.2286503761598816e-01 | 1
 21, 23 |  -2.5645025780682791e-02 |  -2.5645025780682791e-02 | 1
 21, 24 |  -9.0316798046403621e-03 |  -9.0316798046403621e-03 | 1
 21, 25 |   5.2097327927328532e-02 |   5.2097327927328532e-02 | 1
 21, 26 |   2.0367982054360334e-01 |   2.0367982054360334e-01 | 1
 21, 27 |   2.9608924851115669e-02 |   2.9608924851115669e-02 | 1
 21, 28 |  -2.6614352764439915e-02 |  -2.6614352764439915e-02 | 1
 21, 29 |   1.9384721163104711e-02 |   1.9384721163104711e-02 | 1
 21, 30 |   2.7910938840491978e-02 |   2.7910938840491978e-02 | 1
 22,  1 |   0.0000000000000000e+00 |   0.0000000000000000e+00 | 1
 22,  2 |  -1.6156880054744138e-01 |  -1.6156880054744138e-01 | 1
 22,  3 |  -1.5243963830408919e-01 |  -1.5243963830408919e-01 | 1
 22,  4 |  -1.0863115577894872e-01 |  -1.0863115577894872e-01 | 1
 22,  5 |   1.4574356133658101e-01 |   1.4574356133658101e-01 | 1
 22,  6 |   1.1167226508797196e-01 |   1.1167226508797196e-01 | 1
 22,  7 |  -1.2169031109834391e-01 |  -1.2169031109834391e-01 | 1
 22,  8 |   1.2058100364448897e-01 |   1.2058100364448897e-01 | 1
 22,  9 |   1.8059113578358971e-01 |   1.8059113578358971e-01 | 1
 22, 10 |   1.2481186667061297e+00 |   1.2481186667061297e+00 | 1
 22, 11 |  -1.6652357775520016e-01 |  -1.6652357775520016e-01 | 1
 22, 12 |  -1.5299996335205895e-01 |  -1.5299996335205895e-01 | 1
 22, 13 |   1.0887836035960657e-01 |   1.0887836035960657e-01 | 1
 22, 14 |   1.9462187623075827e-01 |   1.9462187623075827e-01 | 1
 22, 15 |  -5.6730530157181366e-02 |  -5.6730530157181366e-02 | 1
 22, 16 |   9.8562883160441643e-03 |   9.8562883160441643e-03 | 1
 22, 17 |   5.9144478992122287e-02 |   5.9144478992122287e-02 | 1
 22, 18 |   2.9811946361692987e-01 |   2.9811946361692987e-01 | 1
 22, 19 |   4.1981348445976563e-02 |   4.1981348445976563e-02 | 1
 22, 20 |   1.8586608959309311e-01 |   1.8586608959309311e-01 | 1
 22, 21 |   1.2286503761598816e-01 |   1.2286503761598816e-01 | 1
 22, 22 |   1.6464969172477562e-01 |   1.6464969172477562e-01 | 1
 22, 23 |  -3.0626166529313870e-02 |  -3.0626166529313870e-02 | 1
 22, 24 |  -1.6818149445663635e-02 |  -1.6818149445663635e-02 | 1
 22, 25 |   6.7285149582921353e-02 |   6.7285149582921353e-02 | 1
 22, 26 |   2.7583732762169594e-01 |   2.7583732762169594e-01 | 1
 22, 27 |   3.6344865112556447e-02 |   3.6344865112556447e-02 | 1
 22, 28 |  -4.1008969099698957e-02 |  -4.1008969099698957e-02 | 1
 22, 29 |   2.2278069461297276e-02 |   2.2278069461297276e-02 | 1
 22, 30 |   3.4008720122915836e-02 |   3.4008720122915836e-02 | 1
 23,  1 |   0.0000000000000000e+00 |   0.0000000000000000e+00 | 1
 23,  2 |  -3.8868573889851724e-02 |  -3.8868573889851724e-02 | 1
 23,  3 |   1.4035716818420685e-01 |   1.4035716818420685e-01 | 1
 23,  4 |  -2.0132934906844435e-02 |  -2.0132934906844435e-02 | 1
 23,  5 |  -2.8372370286143297e-02 |  -2.8372370286143297e-02 | 1
 23,  6 |  -2.4310737474510517e-02 |  -2.4310737474510517e-02 | 1
 23,  7 |   3.9878436205873648e-02 |   3.9878436205873648e-02 | 1
 23,  8 |  -8.6645199785205990e-02 |  -8.6645199785205990e-02 | 1
 23,  9 |  -3.2526543072156119e-02 |  -3.2526543072156119e-02 | 1
 23, 10 |  -1.5978629897712576e-01 |  -1.5978629897712576e-01 | 1
 23, 11 |   4.1986579625513165e-02 |   4.1986579625513165e-02 | 1
 23, 12 |   7.2407890283635399e-03 |   7.2407890283635399e-03 | 1
 23, 13 |  -2.3977676621502513e-02 |  -2.3977676621502513e-02 | 1
 23, 14 |  -3.4199144998917436e-02 |  -3.4199144998917436e-02 | 1
 23, 15 |   2.1532959772463667e-02 |   2.1532959772463667e-02 | 1
 23, 16 |  -3.3496549283249959e-02 |  -3.3496549283249959e-02 | 1
 23, 17 |  -1.8048909986146319e-02 |  -1.8048909986146319e-02 | 1
 23, 18 |  -4.6537072896927219e-02 |  -4.6537072896927219e-02 | 1
 23, 19 |  -1.6002896428400762e-02 |  -1.6002896428400762e-02 | 1
 23, 20 |  -3.3155369323031286e-02 |  -3.3155369323031286e-02 | 1
 23, 21 |  -2.5645025780682791e-02 |  -2.5645025780682791e-02 | 1
 23, 22 |  -3.0626166529313870e-02 |  -3.0626166529313870e-02 | 1
 23, 23 |   5.6765655700929542e-02 |   5.6765655700929542e-02 | 1
 23, 24 |  -8.9934193616833177e-03 |  -8.9934193616833177e-03 | 1
 23, 25 |  -1.9019357796584688e-02 |  -1.9019357796584688e-02 | 1
 23, 26 |  -4.3880823662507285e-02 |  -4.3880823662507285e-02 | 1
 23, 27 |  -1.5330972313994990e-02 |  -1.5330972313994990e-02 | 1
 23, 28 |  -6.1096363080687527e-03 |  -6.1096363080687527e-03 | 1
 23, 29 |  -1.3654072255273124e-02 |  -1.3654072255273124e-02 | 1
 23, 30 |  -1.5052480907248091e-02 |  -1.5052480907248091e-02 | 1
 24,  1 |   0.0000000000000000e+00 |   0.0000000000000000e+00 | 1
 24,  2 |   8.8597318967011590e-02 |   8.8597318967011590e-02 | 1
 24,  3 |  -1.1169361021260829e-01 |  -1.1169361021260829e-01 | 1
 24,  4 |   6.7046379193191924e-02 |   6.7046379193191924e-02 | 1
 24,  5 |  -1.3295037588793197e-02 |  -1.3295037588793197e-02 | 1
 24,  6 |  -6.9459336063011062e-03 |  -6.9459336063011062e-03 | 1
 24,  7 |   7.2495055707721551e-03 |   7.2495055707721551e-03 | 1
 24,  8 |   1.7575185508091694e-02 |   1.7575185508091694e-02 | 1
 24,  9 |  -1.9788799148027381e-02 |  -1.9788799148027381e-02 | 1
 24, 10 |  -2.1871998310609664e-01 |  -2.1871998310609664e-01 | 1
 24, 11 |   4.2267847041423199e-03 |   4.2267847041423199e-03 | 1
 24, 12 |   4.2375098630664548e-02 |   4.2375098630664548e-02 | 1
 24, 13 |  -6.4252961856838577e-03 |  -6.4252961856838577e-03 | 1
 24, 14 |  -2.2403393832785622e-02 |  -2.2403393832785622e-02 | 1
 24, 15 |  -4.2118841042235334e-03 |  -4.2118841042235334e-03 | 1
 24, 16 |   3.2993707440017242e-02 |   3.2993707440017242e-02 | 1
 24, 17 |   2.8424928041550371e-03 |   2.8424928041550371e-03 | 1
 24, 18 |  -4.1689919942402918e-02 |  -4.1689919942402918e-02 | 1
 24, 19 |   6.0408008421337618e-03 |   6.0408008421337618e-03 | 1
 24, 20 |  -2.0771774083365002e-02 |  -2.0771774083365002e-02 | 1
 24, 21 |  -9.0316798046403621e-03 |  -9.0316798046403621e-03 | 1
 24, 22 |  -1.6818149445663635e-02 |  -1.6818149445663635e-02 | 1
 24, 23 |  -8.9934193616833177e-03 |  -8.9934193616833177e-03 | 1
 24, 24 |   1.6997945643180596e-02 |   1.6997945643180596e-02 | 1
 24, 25 |   1.3254984517337108e-03 |   1.3254984517337108e-03 | 1
 24, 26 |  -3.7537697571002643e-02 |  -3.7537697571002643e-02 | 1
 24, 27 |   7.0911459370993678e-03 |   7.0911459370993678e-03 | 1
 24, 28 |   2.1505846617185888e-02 |   2.1505846617185888e-02 | 1
 24, 29 |   9.7124594249742725e-03 |   9.7124594249742725e-03 | 1
 24, 30 |   7.5264809255073273e-03 |   7.5264809255073273e-03 | 1
 25,  1 |   0.0000000000000000e+00 |   0.0000000000000000e+00 | 1
 25,  2 |  -2.7344964926271219e-02 |  -2.7344964926271219e-02 | 1
 25,  3 |  -1.3057781227797394e-01 |  -1.3057781227797394e-01 | 1
 25,  4 |  -1.4373337725961253e-02 |  -1.4373337725961253e-02 | 1
 25,  5 |   6.0413178457585662e-02 |   6.0413178457585662e-02 | 1
 25,  6 |   4.8028996224457679e-02 |   4.8028996224457679e-02 | 1
 25,  7 |  -5.2509093462070514e-02 |  -5.2509093462070514e-02 | 1
 25,  8 |   6.5314383085175121e-02 |   6.5314383085175121e-02 | 1
 25,  9 |   7.3079521091114180e-02 |   7.3079521091114180e-02 | 1
 25, 10 |   4.6110278217760126e-01 |   4.6110278217760126e-01 | 1
 25, 11 |  -7.4909379037895601e-02 |  -7.4909379037895601e-02 | 1
 25, 12 |  -4.8173657311287713e-02 |  -4.8173657311287713e-02 | 1
 25, 13 |   4.7013472043615785e-02 |   4.7013472043615785e-02 | 1
 25, 14 |   7.8179392997445557e-02 |   7.8179392997445557e-02 | 1
 25, 15 |  -2.8552237550776193e-02 |  -2.8552237550776193e-02 | 1
 25, 16 |   2.2270411963577798e-02 |   2.2270411963577798e-02 | 1
 25, 17 |   2.8936277518102405e-02 |   2.8936277518102405e-02 | 1
 25, 18 |   1.1579853649270171e-01 |   1.1579853649270171e-01 | 1
 25, 19 |   2.2697849289806366e-02 |   2.2697849289806366e-02 | 1
 25, 20 |   7.4996853169655653e-02 |   7.4996853169655653e-02 | 1
 25, 21 |   5.2097327927328532e-02 |   5.2097327927328532e-02 | 1
 25, 22 |   6.7285149582921353e-02 |   6.7285149582921353e-02 | 1
 25, 23 |  -1.9019357796584688e-02 |  -1.9019357796584688e-02 | 1
 25, 24 |   1.3254984517337108e-03 |   1.3254984517337108e-03 | 1
 25, 25 |   3.1895235915320126e-02 |   3.1895235915320126e-02 | 1
 25, 26 |   1.0769946005515552e-01 |   1.0769946005515552e-01 | 1
 25, 27 |   2.0649109019276017e-02 |   2.0649109019276017e-02 | 1
 25, 28 |  -7.4673433792156168e-03 |  -7.4673433792156168e-03 | 1
 25, 29 |   1.5536131824389243e-02 |   1.5536131824389243e-02 | 1
 25, 30 |   1.9799970638474343e-02 |   1.9799970638474343e-02 | 1
 26,  1 |   0.0000000000000000e+00 |   0.0000000000000000e+00 | 1
 26,  2 |  -3.1484873836764055e-01 |  -3.1484873836764055e-01 | 1
 26,  3 |  -1.7740524380922523e-01 |  -1.7740524380922523e-01 | 1
 26,  4 |  -2.1627099801364530e-01 |  -2.1627099801364530e-01 | 1
 26,  5 |   2.4318851751616111e-01 |   2.4318851751616111e-01 | 1
 26,  6 |   1.8435113205448694e-01 |   1.8435113205448694e-01 | 1
 26,  7 |  -2.0069336362768569e-01 |  -2.0069336362768569e-01 | 1
 26,  8 |   1.8369396805776356e-01 |   1.8369396805776356e-01 | 1
 26,  9 |   3.0336645014527674e-01 |   3.0336645014527674e-01 | 1
 26, 10 |   2.1468692148128605e+00 |   2.1468692148128605e+00 | 1
 26, 11 |  -2.7114447922087304e-01 |  -2.7114447922087304e-01 | 1
 26, 12 |  -2.7270872891185982e-01 |  -2.7270872891185982e-01 | 1
 26, 13 |   1.7952636553126466e-01 |   1.7952636553126466e-01 | 1
 26, 14 |   3.2759599744496803e-01 |   3.2759599744496803e-01 | 1
 26, 15 |  -8.8909367230359748e-02 |  -8.8909367230359748e-02 | 1
 26, 16 |  -4.3203003118115202e-03 |  -4.3203003118115202e-03 | 1
 26, 17 |   9.3641416301147376e-02 |   9.3641416301147376e-02 | 1
 26, 18 |   5.0632496035928276e-01 |   5.0632496035928276e-01 | 1
 26, 19 |   6.4002575430570918e-02 |   6.4002575430570918e-02 | 1
 26, 20 |   3.1247571585415823e-01 |   3.1247571585415823e-01 | 1
 26, 21 |   2.0367982054360334e-01 |   2.0367982054360334e-01 | 1
 26, 22 |   2.7583732762169594e-01 |   2.7583732762169594e-01 | 1
 26, 23 |  -4.3880823662507285e-02 |  -4.3880823662507285e-02 | 1
 26, 24 |  -3.7537697571002643e-02 |  -3.7537697571002643e-02 | 1
 26, 25 |   1.0769946005515552e-01 |   1.0769946005515552e-01 | 1
 26, 26 |   4.6784615946575181e-01 |   4.6784615946575181e-01 | 1
 26, 27 |   5.4268987950160275e-02 |   5.4268987950160275e-02 | 1
 26, 28 |  -7.9312585450765222e-02 |  -7.9312585450765222e-02 | 1
 26, 29 |   2.9977177272475133e-02 |   2.9977177272475133e-02 | 1
 26, 30 |   5.0234722209707282e-02 |   5.0234722209707282e-02 | 1
 27,  1 |   0.0000000000000000e+00 |   0.0000000000000000e+00 | 1
 27,  2 |   1.5308382656182579e-02 |   1.5308382656182579e-02 | 1
 27,  3 |  -1.2363061056564474e-01 |  -1.2363061056564474e-01 | 1
 27,  4 |   1.5579698985516264e-02 |   1.5579698985516264e-02 | 1
 27,  5 |   3.3297081959491964e-02 |   3.3297081959491964e-02 | 1
 27,  6 |   2.7804581875464487e-02 |   2.7804581875464487e-02 | 1
 27,  7 |  -3.0524842250205284e-02 |  -3.0524842250205284e-02 | 1
 27,  8 |   4.7751881134870819e-02 |   4.7751881134870819e-02 | 1
 27,  9 |   3.8914722805180026e-02 |   3.8914722805180026e-02 | 1
 27, 10 |   2.1100665050522160e-01 |   2.1100665050522160e-01 | 1
 27, 11 |  -4.5796425726135334e-02 |  -4.5796425726135334e-02 | 1
 27, 12 |  -1.4862190343586488e-02 |  -1.4862190343586488e-02 | 1
 27, 13 |   2.7354187451626051e-02 |   2.7354187451626051e-02 | 1
 27, 14 |   4.1176563461483601e-02 |   4.1176563461483601e-02 | 1
 27, 15 |  -1.9597803320784157e-02 |  -1.9597803320784157e-02 | 1
 27, 16 |   2.6215344166791867e-02 |   2.6215344166791867e-02 | 1
 27, 17 |   1.9336783429023272e-02 |   1.9336783429023272e-02 | 1
 27, 18 |   5.7861003729309440e-02 |   5.7861003729309440e-02 | 1
 27, 19 |   1.6569982448797996e-02 |   1.6569982448797996e-02 | 1
 27, 20 |   3.9765077427422593e-02 |   3.9765077427422593e-02 | 1
 27, 21 |   2.9608924851115669e-02 |   2.9608924851115669e-02 | 1
 27, 22 |   3.6344865112556447e-02 |   3.6344865112556447e-02 | 1
 27, 23 |  -1.5330972313994990e-02 |  -1.5330972313994990e-02 | 1
 27, 24 |   7.0911459370993678e-03 |   7.0911459370993678e-03 | 1
 27, 25 |   2.0649109019276017e-02 |   2.0649109019276017e-02 | 1
 27, 26 |   5.4268987950160275e-02 |   5.4268987950160275e-02 | 1
 27, 27 |   1.5661347072096612e-02 |   1.5661347072096612e-02 | 1
 27, 28 |   3.1914387491392433e-03 |   3.1914387491392433e-03 | 1
 27, 29 |   1.3393694099603812e-02 |   1.3393694099603812e-02 | 1
 27, 30 |   1.5284746295625987e-02 |   1.5284746295625987e-02 | 1
 28,  1 |   0.0000000000000000e+00 |   0.0000000000000000e+00 | 1
 28,  2 |   1.2194605691937407e-01 |   1.2194605691937407e-01 | 1
 28,  3 |  -1.0626190502112461e-01 |  -1.0626190502112461e-01 | 1
 28,  4 |   9.0465314136905034e-02 |   9.0465314136905034e-02 | 1
 28,  5 |  -3.4495896318319404e-02 |  -3.4495896318319404e-02 | 1
 28,  6 |  -2.2758495400802568e-02 |  -2.2758495400802568e-02 | 1
 28,  7 |   2.4438004817024545e-02 |   2.4438004817024545e-02 | 1
 28,  8 |   3.8438535361896694e-03 |   3.8438535361896694e-03 | 1
 28,  9 |  -4.6500721420186852e-02 |  -4.6500721420186852e-02 | 1
 28, 10 |  -4.1425892274350851e-01 |  -4.1425892274350851e-01 | 1
 28, 11 |   2.6988896146323067e-02 |   2.6988896146323067e-02 | 1
 28, 12 |   6.8419839446998615e-02 |   6.8419839446998615e-02 | 1
 28, 13 |  -2.1796008389378167e-02 |  -2.1796008389378167e-02 | 1
 28, 14 |  -5.1334245352578065e-02 |  -5.1334245352578065e-02 | 1
 28, 15 |   2.7891860951759721e-03 |   2.7891860951759721e-03 | 1
 28, 16 |   3.6078072858524927e-02 |   3.6078072858524927e-02 | 1
 28, 17 |  -4.6629207451463067e-03 |  -4.6629207451463067e-03 | 1
 28, 18 |  -8.6988676248799357e-02 |  -8.6988676248799357e-02 | 1
 28, 19 |   1.2496968119923560e-03 |   1.2496968119923560e-03 | 1
 28, 20 |  -4.8317918136670648e-02 |  -4.8317918136670648e-02 | 1
 28, 21 |  -2.6614352764439915e-02 |  -2.6614352764439915e-02 | 1
 28, 22 |  -4.1008969099698957e-02 |  -4.1008969099698957e-02 | 1
 28, 23 |  -6.1096363080687527e-03 |  -6.1096363080687527e-03 | 1
 28, 24 |   2.1505846617185888e-02 |   2.1505846617185888e-02 | 1
 28, 25 |  -7.4673433792156168e-03 |  -7.4673433792156168e-03 | 1
 28, 26 |  -7.9312585450765222e-02 |  -7.9312585450765222e-02 | 1
 28, 27 |   3.1914387491392433e-03 |   3.1914387491392433e-03 | 1
 28, 28 |   2.9839469937211358e-02 |   2.9839469937211358e-02 | 1
 28, 29 |   8.0373835323907326e-03 |   8.0373835323907326e-03 | 1
 28, 30 |   3.9962296802350519e-03 |   3.9962296802350519e-03 | 1
 29,  1 |   0.0000000000000000e+00 |   0.0000000000000000e+00 | 1
 29,  2 |   3.4700444968559584e-02 |   3.4700444968559584e-02 | 1
 29,  3 |  -1.2047211127311308e-01 |  -1.2047211127311308e-01 | 1
 29,  4 |   2.9197648977460310e-02 |   2.9197648977460310e-02 | 1
 29,  5 |   2.0968928071280653e-02 |   2.0968928071280653e-02 | 1
 29,  6 |   1.8609685685085742e-02 |   1.8609685685085742e-02 | 1
 29,  7 |  -2.0529847872235128e-02 |  -2.0529847872235128e-02 | 1
 29,  8 |   3.9767205808322312e-02 |   3.9767205808322312e-02 | 1
 29,  9 |   2.3381923279131231e-02 |   2.3381923279131231e-02 | 1
 29, 10 |   9.7302098727854003e-02 |   9.7302098727854003e-02 | 1
 29, 11 |  -3.2560414098290469e-02 |  -3.2560414098290469e-02 | 1
 29, 12 |   2.8264774523060077e-04 |   2.8264774523060077e-04 | 1
 29, 13 |   1.8416223766707741e-02 |   1.8416223766707741e-02 | 1
 29, 14 |   2.4353471802330627e-02 |   2.4353471802330627e-02 | 1
 29, 15 |  -1.5526729036095834e-02 |  -1.5526729036095834e-02 | 1
 29, 16 |   2.8008881497515410e-02 |   2.8008881497515410e-02 | 1
 29, 17 |   1.4972436946683220e-02 |   1.4972436946683220e-02 | 1
 29, 18 |   3.1520087739307479e-02 |   3.1520087739307479e-02 | 1
 29, 19 |   1.3783988328579397e-02 |   1.3783988328579397e-02 | 1
 29, 20 |   2.3747183659353556e-02 |   2.3747183659353556e-02 | 1
 29, 21 |   1.9384721163104711e-02 |   1.9384721163104711e-02 | 1
 29, 22 |   2.2278069461297276e-02 |   2.2278069461297276e-02 | 1
 29, 23 |  -1.3654072255273124e-02 |  -1.3654072255273124e-02 | 1
 29, 24 |   9.7124594249742725e-03 |   9.7124594249742725e-03 | 1
 29, 25 |   1.5536131824389243e-02 |   1.5536131824389243e-02 | 1
 29, 26 |   2.9977177272475133e-02 |   2.9977177272475133e-02 | 1
 29, 27 |   1.3393694099603812e-02 |   1.3393694099603812e-02 | 1
 29, 28 |   8.0373835323907326e-03 |   8.0373835323907326e-03 | 1
 29, 29 |   1.2419648961855542e-02 |   1.2419648961855542e-02 | 1
 29, 30 |   1.3231929418915534e-02 |   1.3231929418915534e-02 | 1
 30,  1 |   0.0000000000000000e+00 |   0.0000000000000000e+00 | 1
 30,  2 |   1.8528922010052930e-02 |   1.8528922010052930e-02 | 1
 30,  3 |  -1.2310606233947261e-01 |  -1.2310606233947261e-01 | 1
 30,  4 |   1.7841301858794789e-02 |   1.7841301858794789e-02 | 1
 30,  5 |   3.1249682135352848e-02 |   3.1249682135352848e-02 | 1
 30,  6 |   2.6277538246458690e-02 |   2.6277538246458690e-02 | 1
 30,  7 |  -2.8864922206355698e-02 |  -2.8864922206355698e-02 | 1
 30,  8 |   4.6425825093628852e-02 |   4.6425825093628852e-02 | 1
 30,  9 |   3.6335111024134434e-02 |   3.6335111024134434e-02 | 1
 30, 10 |   1.9212315171660382e-01 |   1.9212315171660382e-01 | 1
 30, 11 |  -4.3598253302580978e-02 |  -4.3598253302580978e-02 | 1
 30, 12 |  -1.2347009316497182e-02 |  -1.2347009316497182e-02 | 1
 30, 13 |   2.5869813923148521e-02 |   2.5869813923148521e-02 | 1
 30, 14 |   3.8382666240253188e-02 |   3.8382666240253188e-02 | 1
 30, 15 |  -1.8921699106247067e-02 |  -1.8921699106247067e-02 | 1
 30, 16 |   2.6513206113699048e-02 |   2.6513206113699048e-02 | 1
 30, 17 |   1.8611973994867206e-02 |   1.8611973994867206e-02 | 1
 30, 18 |   5.3486432547499907e-02 |   5.3486432547499907e-02 | 1
 30, 19 |   1.6107298096246732e-02 |   1.6107298096246732e-02 | 1
 30, 20 |   3.7104903554649481e-02 |   3.7104903554649481e-02 | 1
 30, 21 |   2.7910938840491978e-02 |   2.7910938840491978e-02 | 1
 30, 22 |   3.4008720122915836e-02 |   3.4008720122915836e-02 | 1
 30, 23 |  -1.5052480907248091e-02 |  -1.5052480907248091e-02 | 1
 30, 24 |   7.5264809255073273e-03 |   7.5264809255073273e-03 | 1
 30, 25 |   1.9799970638474343e-02 |   1.9799970638474343e-02 | 1
 30, 26 |   5.0234722209707282e-02 |   5.0234722209707282e-02 | 1
 30, 27 |   1.5284746295625987e-02 |   1.5284746295625987e-02 | 1
 30, 28 |   3.9962296802350519e-03 |   3.9962296802350519e-03 | 1
 30, 29 |   1.3231929418915534e-02 |   1.3231929418915534e-02 | 1
 30, 30 |   1.4943824452763647e-02 |   1.4943824452763647e-02 | 1
