row,col | V_base                   | V_new                    | equal
  1,  1 |   3.1194128990305122e-03 |   3.1194128990305122e-03 | 1
  1,  2 |  -1.0048554761459414e+01 |  -1.0048554761459414e+01 | 1
  1,  3 |   3.7876522474721186e-03 |   3.7876522474721186e-03 | 1
  1,  4 |  -1.8852835034932319e-03 |  -1.8852835034932319e-03 | 1
  1,  5 |  -1.7797755381840242e-03 |  -1.7797755381840242e-03 | 1
  1,  6 |  -1.9375384583682021e-03 |  -1.9375384583682021e-03 | 1
  2,  1 |  -1.0048554761459414e+01 |  -1.0048554761459414e+01 | 1
  2,  2 |   6.9487179366007214e+04 |   6.9487179366007214e+04 | 1
  2,  3 |  -3.1789101415740895e+01 |  -3.1789101415740895e+01 | 1
  2,  4 |   1.1231223583842983e+01 |   1.1231223583842983e+01 | 1
  2,  5 |  -8.4124803274869819e-01 |  -8.4124803274869819e-01 | 1
  2,  6 |   1.0329503417399712e+01 |   1.0329503417399712e+01 | 1
  3,  1 |   3.7876522474721186e-03 |   3.7876522474721186e-03 | 1
  3,  2 |  -3.1789101415740895e+01 |  -3.1789101415740895e+01 | 1
  3,  3 |   3.7334136911524485e-02 |   3.7334136911524485e-02 | 1
  3,  4 |  -4.6179858907951545e-03 |  -4.6179858907951545e-03 | 1
  3,  5 |   4.5668382104364297e-03 |   4.5668382104364297e-03 | 1
  3,  6 |  -3.7469736069418481e-03 |  -3.7469736069418481e-03 | 1
  4,  1 |  -1.8852835034932319e-03 |  -1.8852835034932319e-03 | 1
  4,  2 |   1.1231223583842983e+01 |   1.1231223583842983e+01 | 1
  4,  3 |  -4.6179858907951545e-03 |  -4.6179858907951545e-03 | 1
  4,  4 |   2.2733758785264289e-03 |   2.2733758785264289e-03 | 1
  4,  5 |   2.9317982334047199e-04 |   2.9317982334047199e-04 | 1
  4,  6 |   1.9291149058205796e-03 |   1.9291149058205796e-03 | 1
  5,  1 |  -1.7797755381840242e-03 |  -1.7797755381840242e-03 | 1
  5,  2 |  -8.4124803274869819e-01 |  -8.4124803274869819e-01 | 1
  5,  3 |   4.5668382104364297e-03 |   4.5668382104364297e-03 | 1
  5,  4 |   2.9317982334047199e-04 |   2.9317982334047199e-04 | 1
  5,  5 |   4.6427223706527274e-03 |   4.6427223706527274e-03 | 1
  5,  6 |   7.1877001056441434e-04 |   7.1877001056441434e-04 | 1
  6,  1 |  -1.9375384583682021e-03 |  -1.9375384583682021e-03 | 1
  6,  2 |   1.0329503417399712e+01 |   1.0329503417399712e+01 | 1
  6,  3 |  -3.7469736069418481e-03 |  -3.7469736069418481e-03 | 1
  6,  4 |   1.9291149058205796e-03 |   1.9291149058205796e-03 | 1
  6,  5 |   7.1877001056441434e-04 |   7.1877001056441434e-04 | 1
  6,  6 |   3.3314682720449614e-03 |   3.3314682720449614e-03 | 1
