row,col | V_base                   | V_new                    | equal
  1,  1 |   1.9546464898600739e-03 |   1.9546464898600739e-03 | 1
  1,  2 |   2.0239584146830737e-03 |   2.0239584146830737e-03 | 1
  1,  3 |   1.4883816295007913e-03 |   1.4883816295007913e-03 | 1
  1,  4 |   1.5334196261363414e-03 |   1.5334196261363414e-03 | 1
  1,  5 |   1.7395981168419027e-03 |   1.7395981168419027e-03 | 1
  1,  6 |   4.2524836999154882e-04 |   4.2524836999154882e-04 | 1
  1,  7 |   1.8577387108837380e-03 |   1.8577387108837380e-03 | 1
  1,  8 |   2.1111905194065552e-05 |   2.1111905194065552e-05 | 1
  1,  9 |  -1.0046109403409571e-04 |  -1.0046109403409571e-04 | 1
  1, 10 |   5.7570779971675605e-03 |   5.7570779971675605e-03 | 1
  1, 11 |   6.5102163689509255e-03 |   6.5102163689509255e-03 | 1
  1, 12 |   2.5340038488016895e-03 |   2.5340038488016895e-03 | 1
  1, 13 |   1.8061431657929797e-03 |   1.8061431657929797e-03 | 1
  1, 14 |  -4.2000655320030675e-04 |  -4.2000655320030675e-04 | 1
  1, 15 |  -4.1500652403462478e-03 |  -4.1500652403462478e-03 | 1
  1, 16 |   3.7655788655524547e-03 |   3.7655788655524547e-03 | 1
  1, 17 |  -6.1098015128260071e-04 |  -6.1098015128260071e-04 | 1
  1, 18 |  -5.9372643343619616e-04 |  -5.9372643343619616e-04 | 1
  1, 19 |  -4.7717777052396512e-04 |  -4.7717777052396512e-04 | 1
  1, 20 |   4.0019386352183476e-06 |   4.0019386352183476e-06 | 1
  1, 21 |   1.9501165715219764e-03 |   1.9501165715219764e-03 | 1
  1, 22 |   4.8571958037399400e-04 |   4.8571958037399400e-04 | 1
  2,  1 |   2.0239584146830737e-03 |   2.0239584146830737e-03 | 1
  2,  2 |   6.3260923648380358e-03 |   6.3260923648380358e-03 | 1
  2,  3 |   1.4902092735760855e-03 |   1.4902092735760855e-03 | 1
  2,  4 |   1.3770807025695131e-03 |   1.3770807025695131e-03 | 1
  2,  5 |  -3.6925595146774891e-04 |  -3.6925595146774891e-04 | 1
  2,  6 |   8.8884985943262483e-04 |   8.8884985943262483e-04 | 1
  2,  7 |   3.1707487857678554e-03 |   3.1707487857678554e-03 | 1
  2,  8 |   2.9115660540791964e-03 |   2.9115660540791964e-03 | 1
  2,  9 |  -1.1980751755730460e-03 |  -1.1980751755730460e-03 | 1
  2, 10 |   5.5879654563924771e-03 |   5.5879654563924771e-03 | 1
  2, 11 |   8.3109271855482773e-03 |   8.3109271855482773e-03 | 1
  2, 12 |   3.6159057727296494e-03 |   3.6159057727296494e-03 | 1
  2, 13 |   1.1380781209196010e-03 |   1.1380781209196010e-03 | 1
  2, 14 |  -1.6637734275993083e-03 |  -1.6637734275993083e-03 | 1
  2, 15 |  -6.5590513517020509e-03 |  -6.5590513517020509e-03 | 1
  2, 16 |   4.5069102681779749e-03 |   4.5069102681779749e-03 | 1
  2, 17 |  -1.1141518491303629e-03 |  -1.1141518491303629e-03 | 1
  2, 18 |  -1.0126600389167317e-03 |  -1.0126600389167317e-03 | 1
  2, 19 |  -1.4659308050634876e-05 |  -1.4659308050634876e-05 | 1
  2, 20 |   3.6828460601216910e-05 |   3.6828460601216910e-05 | 1
  2, 21 |   2.5966654949116062e-03 |   2.5966654949116062e-03 | 1
  2, 22 |   4.4824046962984752e-04 |   4.4824046962984752e-04 | 1
  3,  1 |   1.4883816295007913e-03 |   1.4883816295007913e-03 | 1
  3,  2 |   1.4902092735760855e-03 |   1.4902092735760855e-03 | 1
  3,  3 |   2.4589760419367456e-03 |   2.4589760419367456e-03 | 1
  3,  4 |   1.4560552045360387e-03 |   1.4560552045360387e-03 | 1
  3,  5 |   1.0001070425248763e-03 |   1.0001070425248763e-03 | 1
  3,  6 |   3.9358120786738509e-04 |   3.9358120786738509e-04 | 1
  3,  7 |   1.8503954476715222e-03 |   1.8503954476715222e-03 | 1
  3,  8 |   1.6735927918585654e-04 |   1.6735927918585654e-04 | 1
  3,  9 |   1.6056446189365470e-04 |   1.6056446189365470e-04 | 1
  3, 10 |   4.4620081388179293e-03 |   4.4620081388179293e-03 | 1
  3, 11 |   5.3996176217240548e-03 |   5.3996176217240548e-03 | 1
  3, 12 |   2.0431486920949467e-03 |   2.0431486920949467e-03 | 1
  3, 13 |   2.4109118672145516e-04 |   2.4109118672145516e-04 | 1
  3, 14 |  -4.6121386483075652e-04 |  -4.6121386483075652e-04 | 1
  3, 15 |  -4.1867896052120678e-03 |  -4.1867896052120678e-03 | 1
  3, 16 |   3.5121443160681114e-03 |   3.5121443160681114e-03 | 1
  3, 17 |  -5.4303991729084088e-04 |  -5.4303991729084088e-04 | 1
  3, 18 |  -4.3191961894976797e-04 |  -4.3191961894976797e-04 | 1
  3, 19 |  -4.6225325453386624e-04 |  -4.6225325453386624e-04 | 1
  3, 20 |   8.6307128551663081e-06 |   8.6307128551663081e-06 | 1
  3, 21 |   1.6753440172452361e-03 |   1.6753440172452361e-03 | 1
  3, 22 |   6.1721820718046582e-04 |   6.1721820718046582e-04 | 1
  4,  1 |   1.5334196261363414e-03 |   1.5334196261363414e-03 | 1
  4,  2 |   1.3770807025695131e-03 |   1.3770807025695131e-03 | 1
  4,  3 |   1.4560552045360387e-03 |   1.4560552045360387e-03 | 1
  4,  4 |   2.7609054283936492e-03 |   2.7609054283936492e-03 | 1
  4,  5 |   1.2071044202776170e-03 |   1.2071044202776170e-03 | 1
  4,  6 |   3.3315949589524704e-04 |   3.3315949589524704e-04 | 1
  4,  7 |   1.6307898189308317e-03 |   1.6307898189308317e-03 | 1
  4,  8 |   5.7614267117761801e-04 |   5.7614267117761801e-04 | 1
  4,  9 |   2.3294546029885757e-04 |   2.3294546029885757e-04 | 1
  4, 10 |   3.9104943462920320e-03 |   3.9104943462920320e-03 | 1
  4, 11 |   5.0958302934444068e-03 |   5.0958302934444068e-03 | 1
  4, 12 |   2.2383769822539278e-03 |   2.2383769822539278e-03 | 1
  4, 13 |   1.3528347624017713e-03 |   1.3528347624017713e-03 | 1
  4, 14 |  -1.9045609853983104e-05 |  -1.9045609853983104e-05 | 1
  4, 15 |  -3.7737546528962889e-03 |  -3.7737546528962889e-03 | 1
  4, 16 |   3.1883295094423643e-03 |   3.1883295094423643e-03 | 1
  4, 17 |  -7.8533944224419626e-04 |  -7.8533944224419626e-04 | 1
  4, 18 |  -5.5600935382386571e-04 |  -5.5600935382386571e-04 | 1
  4, 19 |  -5.7205460672073681e-04 |  -5.7205460672073681e-04 | 1
  4, 20 |  -1.1666867660920967e-05 |  -1.1666867660920967e-05 | 1
  4, 21 |   1.6895592605316143e-03 |   1.6895592605316143e-03 | 1
  4, 22 |   4.9082271459149527e-04 |   4.9082271459149527e-04 | 1
  5,  1 |   1.7395981168419027e-03 |   1.7395981168419027e-03 | 1
  5,  2 |  -3.6925595146774891e-04 |  -3.6925595146774891e-04 | 1
  5,  3 |   1.0001070425248763e-03 |   1.0001070425248763e-03 | 1
  5,  4 |   1.2071044202776170e-03 |   1.2071044202776170e-03 | 1
  5,  5 |   1.3145251654433580e-02 |   1.3145251654433580e-02 | 1
  5,  6 |  -2.7078995401119753e-04 |  -2.7078995401119753e-04 | 1
  5,  7 |   4.6463144006529417e-03 |   4.6463144006529417e-03 | 1
  5,  8 |  -3.9794958368480427e-03 |  -3.9794958368480427e-03 | 1
  5,  9 |   1.3759851494995227e-03 |   1.3759851494995227e-03 | 1
  5, 10 |   1.4044925965736949e-02 |   1.4044925965736949e-02 | 1
  5, 11 |   6.5977303226305798e-03 |   6.5977303226305798e-03 | 1
  5, 12 |   3.6315491639560904e-03 |   3.6315491639560904e-03 | 1
  5, 13 |  -1.3065490009808228e-03 |  -1.3065490009808228e-03 | 1
  5, 14 |   4.5621129071064315e-04 |   4.5621129071064315e-04 | 1
  5, 15 |  -1.4493150632599927e-02 |  -1.4493150632599927e-02 | 1
  5, 16 |   7.0787055029661716e-03 |   7.0787055029661716e-03 | 1
  5, 17 |   4.4698810892168146e-04 |   4.4698810892168146e-04 | 1
  5, 18 |  -5.7132609286228019e-04 |  -5.7132609286228019e-04 | 1
  5, 19 |  -1.1314819677119893e-03 |  -1.1314819677119893e-03 | 1
  5, 20 |  -8.0154366612779175e-05 |  -8.0154366612779175e-05 | 1
  5, 21 |   1.5384393438398261e-03 |   1.5384393438398261e-03 | 1
  5, 22 |   8.4392581327683908e-05 |   8.4392581327683908e-05 | 1
  6,  1 |   4.2524836999154882e-04 |   4.2524836999154882e-04 | 1
  6,  2 |   8.8884985943262483e-04 |   8.8884985943262483e-04 | 1
  6,  3 |   3.9358120786738509e-04 |   3.9358120786738509e-04 | 1
  6,  4 |   3.3315949589524704e-04 |   3.3315949589524704e-04 | 1
  6,  5 |  -2.7078995401119753e-04 |  -2.7078995401119753e-04 | 1
  6,  6 |   5.4819947052729516e-04 |   5.4819947052729516e-04 | 1
  6,  7 |   5.1079585332965290e-04 |   5.1079585332965290e-04 | 1
  6,  8 |   7.6535731931998260e-04 |   7.6535731931998260e-04 | 1
  6,  9 |  -5.3596343927451527e-05 |  -5.3596343927451527e-05 | 1
  6, 10 |   3.2920493404337741e-04 |   3.2920493404337741e-04 | 1
  6, 11 |   2.2439569977759860e-03 |   2.2439569977759860e-03 | 1
  6, 12 |   4.1882082235884625e-04 |   4.1882082235884625e-04 | 1
  6, 13 |   1.0845354702738110e-03 |   1.0845354702738110e-03 | 1
  6, 14 |  -7.1834329417222215e-04 |  -7.1834329417222215e-04 | 1
  6, 15 |   7.6016167677233357e-05 |   7.6016167677233357e-05 | 1
  6, 16 |   4.9777476791036549e-04 |   4.9777476791036549e-04 | 1
  6, 17 |  -3.8749520322188964e-04 |  -3.8749520322188964e-04 | 1
  6, 18 |  -2.7347893046581829e-04 |  -2.7347893046581829e-04 | 1
  6, 19 |  -1.6650481092869192e-04 |  -1.6650481092869192e-04 | 1
  6, 20 |  -1.1593258532866668e-05 |  -1.1593258532866668e-05 | 1
  6, 21 |   3.9626321316001709e-04 |   3.9626321316001709e-04 | 1
  6, 22 |   1.6035249204850394e-04 |   1.6035249204850394e-04 | 1
  7,  1 |   1.8577387108837380e-03 |   1.8577387108837380e-03 | 1
  7,  2 |   3.1707487857678554e-03 |   3.1707487857678554e-03 | 1
  7,  3 |   1.8503954476715222e-03 |   1.8503954476715222e-03 | 1
  7,  4 |   1.6307898189308317e-03 |   1.6307898189308317e-03 | 1
  7,  5 |   4.6463144006529417e-03 |   4.6463144006529417e-03 | 1
  7,  6 |   5.1079585332965290e-04 |   5.1079585332965290e-04 | 1
  7,  7 |   5.3767766995108665e-03 |   5.3767766995108665e-03 | 1
  7,  8 |   3.3346142954360832e-04 |   3.3346142954360832e-04 | 1
  7,  9 |   2.0381890944463536e-04 |   2.0381890944463536e-04 | 1
  7, 10 |   1.1877431589718277e-02 |   1.1877431589718277e-02 | 1
  7, 11 |   1.1874331322529012e-02 |   1.1874331322529012e-02 | 1
  7, 12 |   3.5687002924449061e-03 |   3.5687002924449061e-03 | 1
  7, 13 |  -2.1690758723384215e-03 |  -2.1690758723384215e-03 | 1
  7, 14 |  -6.8783396050566708e-04 |  -6.8783396050566708e-04 | 1
  7, 15 |  -1.4015682163155765e-02 |  -1.4015682163155765e-02 | 1
  7, 16 |   6.6070857282508264e-03 |   6.6070857282508264e-03 | 1
  7, 17 |  -8.9126293091221199e-04 |  -8.9126293091221199e-04 | 1
  7, 18 |  -1.1348922570827940e-03 |  -1.1348922570827940e-03 | 1
  7, 19 |  -1.0193347624567976e-03 |  -1.0193347624567976e-03 | 1
  7, 20 |   3.3583626995381294e-05 |   3.3583626995381294e-05 | 1
  7, 21 |   2.2685184133106979e-03 |   2.2685184133106979e-03 | 1
  7, 22 |  -8.7742708456341255e-05 |  -8.7742708456341255e-05 | 1
  8,  1 |   2.1111905194065552e-05 |   2.1111905194065552e-05 | 1
  8,  2 |   2.9115660540791964e-03 |   2.9115660540791964e-03 | 1
  8,  3 |   1.6735927918585654e-04 |   1.6735927918585654e-04 | 1
  8,  4 |   5.7614267117761801e-04 |   5.7614267117761801e-04 | 1
  8,  5 |  -3.9794958368480427e-03 |  -3.9794958368480427e-03 | 1
  8,  6 |   7.6535731931998260e-04 |   7.6535731931998260e-04 | 1
  8,  7 |   3.3346142954360832e-04 |   3.3346142954360832e-04 | 1
  8,  8 |   9.3841845961064405e-03 |   9.3841845961064405e-03 | 1
  8,  9 |  -1.5802686197675998e-03 |  -1.5802686197675998e-03 | 1
  8, 10 |  -2.7987671470887749e-03 |  -2.7987671470887749e-03 | 1
  8, 11 |   6.9888923986630340e-03 |   6.9888923986630340e-03 | 1
  8, 12 |   8.2363008117217705e-04 |   8.2363008117217705e-04 | 1
  8, 13 |  -3.7178441405229397e-04 |  -3.7178441405229397e-04 | 1
  8, 14 |  -2.1557706103288660e-03 |  -2.1557706103288660e-03 | 1
  8, 15 |   1.5579308683601033e-03 |   1.5579308683601033e-03 | 1
  8, 16 |  -1.0529035094150306e-04 |  -1.0529035094150306e-04 | 1
  8, 17 |  -4.2614282691159629e-04 |  -4.2614282691159629e-04 | 1
  8, 18 |   6.1913722373227995e-05 |   6.1913722373227995e-05 | 1
  8, 19 |   8.8175966916536307e-04 |   8.8175966916536307e-04 | 1
  8, 20 |   1.0551728672897979e-04 |   1.0551728672897979e-04 | 1
  8, 21 |  -2.0211787596368622e-04 |  -2.0211787596368622e-04 | 1
  8, 22 |   1.0375775704614129e-03 |   1.0375775704614129e-03 | 1
  9,  1 |  -1.0046109403409571e-04 |  -1.0046109403409571e-04 | 1
  9,  2 |  -1.1980751755730460e-03 |  -1.1980751755730460e-03 | 1
  9,  3 |   1.6056446189365470e-04 |   1.6056446189365470e-04 | 1
  9,  4 |   2.3294546029885757e-04 |   2.3294546029885757e-04 | 1
  9,  5 |   1.3759851494995227e-03 |   1.3759851494995227e-03 | 1
  9,  6 |  -5.3596343927451527e-05 |  -5.3596343927451527e-05 | 1
  9,  7 |   2.0381890944463536e-04 |   2.0381890944463536e-04 | 1
  9,  8 |  -1.5802686197675998e-03 |  -1.5802686197675998e-03 | 1
  9,  9 |   1.6533532917181488e-03 |   1.6533532917181488e-03 | 1
  9, 10 |   9.0272354423552429e-04 |   9.0272354423552429e-04 | 1
  9, 11 |  -2.1440034670438515e-04 |  -2.1440034670438515e-04 | 1
  9, 12 |  -2.0955962774687909e-04 |  -2.0955962774687909e-04 | 1
  9, 13 |   7.0325796398573731e-05 |   7.0325796398573731e-05 | 1
  9, 14 |   4.8172594824910609e-04 |   4.8172594824910609e-04 | 1
  9, 15 |  -8.0106541053957510e-04 |  -8.0106541053957510e-04 | 1
  9, 16 |   4.3297210552923216e-05 |   4.3297210552923216e-05 | 1
  9, 17 |  -5.4983916981386953e-05 |  -5.4983916981386953e-05 | 1
  9, 18 |  -7.4895125530805714e-05 |  -7.4895125530805714e-05 | 1
  9, 19 |  -4.2949137952529633e-04 |  -4.2949137952529633e-04 | 1
  9, 20 |  -2.6199849209698985e-05 |  -2.6199849209698985e-05 | 1
  9, 21 |  -3.0084587178114922e-04 |  -3.0084587178114922e-04 | 1
  9, 22 |  -1.5068062505388115e-04 |  -1.5068062505388115e-04 | 1
 10,  1 |   5.7570779971675605e-03 |   5.7570779971675605e-03 | 1
 10,  2 |   5.5879654563924771e-03 |   5.5879654563924771e-03 | 1
 10,  3 |   4.4620081388179293e-03 |   4.4620081388179293e-03 | 1
 10,  4 |   3.9104943462920320e-03 |   3.9104943462920320e-03 | 1
 10,  5 |   1.4044925965736949e-02 |   1.4044925965736949e-02 | 1
 10,  6 |   3.2920493404337741e-04 |   3.2920493404337741e-04 | 1
 10,  7 |   1.1877431589718277e-02 |   1.1877431589718277e-02 | 1
 10,  8 |  -2.7987671470887749e-03 |  -2.7987671470887749e-03 | 1
 10,  9 |   9.0272354423552429e-04 |   9.0272354423552429e-04 | 1
 10, 10 |   3.8225115178825542e-02 |   3.8225115178825542e-02 | 1
 10, 11 |   1.8174092723208909e-02 |   1.8174092723208909e-02 | 1
 10, 12 |   1.2737970782624269e-02 |   1.2737970782624269e-02 | 1
 10, 13 |   1.4230084567851695e-03 |   1.4230084567851695e-03 | 1
 10, 14 |   1.5970637788744244e-04 |   1.5970637788744244e-04 | 1
 10, 15 |  -3.3160435387369860e-02 |  -3.3160435387369860e-02 | 1
 10, 16 |   1.5521896349672945e-02 |   1.5521896349672945e-02 | 1
 10, 17 |  -1.5881593729377510e-03 |  -1.5881593729377510e-03 | 1
 10, 18 |  -2.6611228044110822e-03 |  -2.6611228044110822e-03 | 1
 10, 19 |  -2.8497790987894360e-03 |  -2.8497790987894360e-03 | 1
 10, 20 |   1.2731056452462914e-04 |   1.2731056452462914e-04 | 1
 10, 21 |   5.8546172760855757e-03 |   5.8546172760855757e-03 | 1
 10, 22 |  -1.2216779161072153e-03 |  -1.2216779161072153e-03 | 1
 11,  1 |   6.5102163689509255e-03 |   6.5102163689509255e-03 | 1
 11,  2 |   8.3109271855482773e-03 |   8.3109271855482773e-03 | 1
 11,  3 |   5.3996176217240548e-03 |   5.3996176217240548e-03 | 1
 11,  4 |   5.0958302934444068e-03 |   5.0958302934444068e-03 | 1
 11,  5 |   6.5977303226305798e-03 |   6.5977303226305798e-03 | 1
 11,  6 |   2.2439569977759860e-03 |   2.2439569977759860e-03 | 1
 11,  7 |   1.1874331322529012e-02 |   1.1874331322529012e-02 | 1
 11,  8 |   6.9888923986630340e-03 |   6.9888923986630340e-03 | 1
 11,  9 |  -2.1440034670438515e-04 |  -2.1440034670438515e-04 | 1
 11, 10 |   1.8174092723208909e-02 |   1.8174092723208909e-02 | 1
 11, 11 |   8.4080019760234659e-02 |   8.4080019760234659e-02 | 1
 11, 12 |  -1.6632461643125655e-03 |  -1.6632461643125655e-03 | 1
 11, 13 |  -7.3617342406731611e-04 |  -7.3617342406731611e-04 | 1
 11, 14 |  -4.3357865752190073e-03 |  -4.3357865752190073e-03 | 1
 11, 15 |  -2.7519478716282086e-02 |  -2.7519478716282086e-02 | 1
 11, 16 |   2.2301005848262192e-02 |   2.2301005848262192e-02 | 1
 11, 17 |  -2.4409257673650557e-03 |  -2.4409257673650557e-03 | 1
 11, 18 |  -2.2781342208869622e-03 |  -2.2781342208869622e-03 | 1
 11, 19 |  -9.7465584522811910e-04 |  -9.7465584522811910e-04 | 1
 11, 20 |   1.4524025445986205e-04 |   1.4524025445986205e-04 | 1
 11, 21 |   6.5688491941910312e-03 |   6.5688491941910312e-03 | 1
 11, 22 |   4.5718039001752479e-03 |   4.5718039001752479e-03 | 1
 12,  1 |   2.5340038488016895e-03 |   2.5340038488016895e-03 | 1
 12,  2 |   3.6159057727296494e-03 |   3.6159057727296494e-03 | 1
 12,  3 |   2.0431486920949467e-03 |   2.0431486920949467e-03 | 1
 12,  4 |   2.2383769822539278e-03 |   2.2383769822539278e-03 | 1
 12,  5 |   3.6315491639560904e-03 |   3.6315491639560904e-03 | 1
 12,  6 |   4.1882082235884625e-04 |   4.1882082235884625e-04 | 1
 12,  7 |   3.5687002924449061e-03 |   3.5687002924449061e-03 | 1
 12,  8 |   8.2363008117217705e-04 |   8.2363008117217705e-04 | 1
 12,  9 |  -2.0955962774687909e-04 |  -2.0955962774687909e-04 | 1
 12, 10 |   1.2737970782624269e-02 |   1.2737970782624269e-02 | 1
 12, 11 |  -1.6632461643125655e-03 |  -1.6632461643125655e-03 | 1
 12, 12 |   8.2487292983719363e-03 |   8.2487292983719363e-03 | 1
 12, 13 |   3.5921097794929420e-03 |   3.5921097794929420e-03 | 1
 12, 14 |  -4.4551890158556976e-04 |  -4.4551890158556976e-04 | 1
 12, 15 |  -9.0624201459794003e-03 |  -9.0624201459794003e-03 | 1
 12, 16 |   5.6770892643955538e-03 |   5.6770892643955538e-03 | 1
 12, 17 |  -8.5372351093940908e-04 |  -8.5372351093940908e-04 | 1
 12, 18 |  -9.1856146042342533e-04 |  -9.1856146042342533e-04 | 1
 12, 19 |  -7.9257959054620142e-04 |  -7.9257959054620142e-04 | 1
 12, 20 |   3.1660767703287068e-05 |   3.1660767703287068e-05 | 1
 12, 21 |   2.6452109031158142e-03 |   2.6452109031158142e-03 | 1
 12, 22 |   5.9369317537634318e-04 |   5.9369317537634318e-04 | 1
 13,  1 |   1.8061431657929797e-03 |   1.8061431657929797e-03 | 1
 13,  2 |   1.1380781209196010e-03 |   1.1380781209196010e-03 | 1
 13,  3 |   2.4109118672145516e-04 |   2.4109118672145516e-04 | 1
 13,  4 |   1.3528347624017713e-03 |   1.3528347624017713e-03 | 1
 13,  5 |  -1.3065490009808228e-03 |  -1.3065490009808228e-03 | 1
 13,  6 |   1.0845354702738110e-03 |   1.0845354702738110e-03 | 1
 13,  7 |  -2.1690758723384215e-03 |  -2.1690758723384215e-03 | 1
 13,  8 |  -3.7178441405229397e-04 |  -3.7178441405229397e-04 | 1
 13,  9 |   7.0325796398573731e-05 |   7.0325796398573731e-05 | 1
 13, 10 |   1.4230084567851695e-03 |   1.4230084567851695e-03 | 1
 13, 11 |  -7.3617342406731611e-04 |  -7.3617342406731611e-04 | 1
 13, 12 |   3.5921097794929420e-03 |   3.5921097794929420e-03 | 1
 13, 13 |   2.1829201243854190e-02 |   2.1829201243854190e-02 | 1
 13, 14 |  -1.4656684790629215e-03 |  -1.4656684790629215e-03 | 1
 13, 15 |   9.3514271002488221e-03 |   9.3514271002488221e-03 | 1
 13, 16 |  -3.9229196135972069e-04 |  -3.9229196135972069e-04 | 1
 13, 17 |  -5.2979735247008311e-04 |  -5.2979735247008311e-04 | 1
 13, 18 |  -1.2392542223210355e-04 |  -1.2392542223210355e-04 | 1
 13, 19 |   3.5713166625466679e-04 |   3.5713166625466679e-04 | 1
 13, 20 |  -9.6113978757604586e-06 |  -9.6113978757604586e-06 | 1
 13, 21 |   5.8205965021647702e-04 |   5.8205965021647702e-04 | 1
 13, 22 |   1.1913020889391280e-03 |   1.1913020889391280e-03 | 1
 14,  1 |  -4.2000655320030675e-04 |  -4.2000655320030675e-04 | 1
 14,  2 |  -1.6637734275993083e-03 |  -1.6637734275993083e-03 | 1
 14,  3 |  -4.6121386483075652e-04 |  -4.6121386483075652e-04 | 1
 14,  4 |  -1.9045609853983104e-05 |  -1.9045609853983104e-05 | 1
 14,  5 |   4.5621129071064315e-04 |   4.5621129071064315e-04 | 1
 14,  6 |  -7.1834329417222215e-04 |  -7.1834329417222215e-04 | 1
 14,  7 |  -6.8783396050566708e-04 |  -6.8783396050566708e-04 | 1
 14,  8 |  -2.1557706103288660e-03 |  -2.1557706103288660e-03 | 1
 14,  9 |   4.8172594824910609e-04 |   4.8172594824910609e-04 | 1
 14, 10 |   1.5970637788744244e-04 |   1.5970637788744244e-04 | 1
 14, 11 |  -4.3357865752190073e-03 |  -4.3357865752190073e-03 | 1
 14, 12 |  -4.4551890158556976e-04 |  -4.4551890158556976e-04 | 1
 14, 13 |  -1.4656684790629215e-03 |  -1.4656684790629215e-03 | 1
 14, 14 |   1.4840927294998084e-03 |   1.4840927294998084e-03 | 1
 14, 15 |  -1.2682938054536268e-04 |  -1.2682938054536268e-04 | 1
 14, 16 |  -8.5487639777271263e-04 |  -8.5487639777271263e-04 | 1
 14, 17 |   2.9444364804982347e-04 |   2.9444364804982347e-04 | 1
 14, 18 |   1.1378430716251983e-04 |   1.1378430716251983e-04 | 1
 14, 19 |  -1.8746773552119023e-04 |  -1.8746773552119023e-04 | 1
 14, 20 |  -1.5831374787878336e-05 |  -1.5831374787878336e-05 | 1
 14, 21 |  -3.7967380817540222e-04 |  -3.7967380817540222e-04 | 1
 14, 22 |  -5.0743833419274556e-04 |  -5.0743833419274556e-04 | 1
 15,  1 |  -4.1500652403462478e-03 |  -4.1500652403462478e-03 | 1
 15,  2 |  -6.5590513517020509e-03 |  -6.5590513517020509e-03 | 1
 15,  3 |  -4.1867896052120678e-03 |  -4.1867896052120678e-03 | 1
 15,  4 |  -3.7737546528962889e-03 |  -3.7737546528962889e-03 | 1
 15,  5 |  -1.4493150632599927e-02 |  -1.4493150632599927e-02 | 1
 15,  6 |   7.6016167677233357e-05 |   7.6016167677233357e-05 | 1
 15,  7 |  -1.4015682163155765e-02 |  -1.4015682163155765e-02 | 1
 15,  8 |   1.5579308683601033e-03 |   1.5579308683601033e-03 | 1
 15,  9 |  -8.0106541053957510e-04 |  -8.0106541053957510e-04 | 1
 15, 10 |  -3.3160435387369860e-02 |  -3.3160435387369860e-02 | 1
 15, 11 |  -2.7519478716282086e-02 |  -2.7519478716282086e-02 | 1
 15, 12 |  -9.0624201459794003e-03 |  -9.0624201459794003e-03 | 1
 15, 13 |   9.3514271002488221e-03 |   9.3514271002488221e-03 | 1
 15, 14 |  -1.2682938054536268e-04 |  -1.2682938054536268e-04 | 1
 15, 15 |   4.0590959997540685e-02 |   4.0590959997540685e-02 | 1
 15, 16 |  -1.7729488617460969e-02 |  -1.7729488617460969e-02 | 1
 15, 17 |   1.4350516149756595e-03 |   1.4350516149756595e-03 | 1
 15, 18 |   2.5457553968389912e-03 |   2.5457553968389912e-03 | 1
 15, 19 |   2.4787739449312900e-03 |   2.4787739449312900e-03 | 1
 15, 20 |  -1.0029576052369560e-04 |  -1.0029576052369560e-04 | 1
 15, 21 |  -5.4407944426999050e-03 |  -5.4407944426999050e-03 | 1
 15, 22 |   6.3277219248797443e-04 |   6.3277219248797443e-04 | 1
 16,  1 |   3.7655788655524547e-03 |   3.7655788655524547e-03 | 1
 16,  2 |   4.5069102681779749e-03 |   4.5069102681779749e-03 | 1
 16,  3 |   3.5121443160681114e-03 |   3.5121443160681114e-03 | 1
 16,  4 |   3.1883295094423643e-03 |   3.1883295094423643e-03 | 1
 16,  5 |   7.0787055029661716e-03 |   7.0787055029661716e-03 | 1
 16,  6 |   4.9777476791036549e-04 |   4.9777476791036549e-04 | 1
 16,  7 |   6.6070857282508264e-03 |   6.6070857282508264e-03 | 1
 16,  8 |  -1.0529035094150306e-04 |  -1.0529035094150306e-04 | 1
 16,  9 |   4.3297210552923216e-05 |   4.3297210552923216e-05 | 1
 16, 10 |   1.5521896349672945e-02 |   1.5521896349672945e-02 | 1
 16, 11 |   2.2301005848262192e-02 |   2.2301005848262192e-02 | 1
 16, 12 |   5.6770892643955538e-03 |   5.6770892643955538e-03 | 1
 16, 13 |  -3.9229196135972069e-04 |  -3.9229196135972069e-04 | 1
 16, 14 |  -8.5487639777271263e-04 |  -8.5487639777271263e-04 | 1
 16, 15 |  -1.7729488617460969e-02 |  -1.7729488617460969e-02 | 1
 16, 16 |   1.3013112998956597e-02 |   1.3013112998956597e-02 | 1
 16, 17 |  -9.6934154224586689e-04 |  -9.6934154224586689e-04 | 1
 16, 18 |  -1.2890412512031471e-03 |  -1.2890412512031471e-03 | 1
 16, 19 |  -9.4087710216808509e-04 |  -9.4087710216808509e-04 | 1
 16, 20 |   4.9653849466721903e-06 |   4.9653849466721903e-06 | 1
 16, 21 |   4.3394140608739896e-03 |   4.3394140608739896e-03 | 1
 16, 22 |   2.5330109102761154e-03 |   2.5330109102761154e-03 | 1
 17,  1 |  -6.1098015128260071e-04 |  -6.1098015128260071e-04 | 1
 17,  2 |  -1.1141518491303629e-03 |  -1.1141518491303629e-03 | 1
 17,  3 |  -5.4303991729084088e-04 |  -5.4303991729084088e-04 | 1
 17,  4 |  -7.8533944224419626e-04 |  -7.8533944224419626e-04 | 1
 17,  5 |   4.4698810892168146e-04 |   4.4698810892168146e-04 | 1
 17,  6 |  -3.8749520322188964e-04 |  -3.8749520322188964e-04 | 1
 17,  7 |  -8.9126293091221199e-04 |  -8.9126293091221199e-04 | 1
 17,  8 |  -4.2614282691159629e-04 |  -4.2614282691159629e-04 | 1
 17,  9 |  -5.4983916981386953e-05 |  -5.4983916981386953e-05 | 1
 17, 10 |  -1.5881593729377510e-03 |  -1.5881593729377510e-03 | 1
 17, 11 |  -2.4409257673650557e-03 |  -2.4409257673650557e-03 | 1
 17, 12 |  -8.5372351093940908e-04 |  -8.5372351093940908e-04 | 1
 17, 13 |  -5.2979735247008311e-04 |  -5.2979735247008311e-04 | 1
 17, 14 |   2.9444364804982347e-04 |   2.9444364804982347e-04 | 1
 17, 15 |   1.4350516149756595e-03 |   1.4350516149756595e-03 | 1
 17, 16 |  -9.6934154224586689e-04 |  -9.6934154224586689e-04 | 1
 17, 17 |   5.7953402079796669e-04 |   5.7953402079796669e-04 | 1
 17, 18 |   3.9541040204682553e-04 |   3.9541040204682553e-04 | 1
 17, 19 |   3.5186530861220321e-04 |   3.5186530861220321e-04 | 1
 17, 20 |  -6.0267045433150237e-06 |  -6.0267045433150237e-06 | 1
 17, 21 |  -7.0845663834135308e-04 |  -7.0845663834135308e-04 | 1
 17, 22 |   4.3644893254645596e-05 |   4.3644893254645596e-05 | 1
 18,  1 |  -5.9372643343619616e-04 |  -5.9372643343619616e-04 | 1
 18,  2 |  -1.0126600389167317e-03 |  -1.0126600389167317e-03 | 1
 18,  3 |  -4.3191961894976797e-04 |  -4.3191961894976797e-04 | 1
 18,  4 |  -5.5600935382386571e-04 |  -5.5600935382386571e-04 | 1
 18,  5 |  -5.7132609286228019e-04 |  -5.7132609286228019e-04 | 1
 18,  6 |  -2.7347893046581829e-04 |  -2.7347893046581829e-04 | 1
 18,  7 |  -1.1348922570827940e-03 |  -1.1348922570827940e-03 | 1
 18,  8 |   6.1913722373227995e-05 |   6.1913722373227995e-05 | 1
 18,  9 |  -7.4895125530805714e-05 |  -7.4895125530805714e-05 | 1
 18, 10 |  -2.6611228044110822e-03 |  -2.6611228044110822e-03 | 1
 18, 11 |  -2.2781342208869622e-03 |  -2.2781342208869622e-03 | 1
 18, 12 |  -9.1856146042342533e-04 |  -9.1856146042342533e-04 | 1
 18, 13 |  -1.2392542223210355e-04 |  -1.2392542223210355e-04 | 1
 18, 14 |   1.1378430716251983e-04 |   1.1378430716251983e-04 | 1
 18, 15 |   2.5457553968389912e-03 |   2.5457553968389912e-03 | 1
 18, 16 |  -1.2890412512031471e-03 |  -1.2890412512031471e-03 | 1
 18, 17 |   3.9541040204682553e-04 |   3.9541040204682553e-04 | 1
 18, 18 |   5.0021895074642243e-04 |   5.0021895074642243e-04 | 1
 18, 19 |   3.6356790641232429e-04 |   3.6356790641232429e-04 | 1
 18, 20 |   1.4086563380111016e-05 |   1.4086563380111016e-05 | 1
 18, 21 |  -6.7898378102830548e-04 |  -6.7898378102830548e-04 | 1
 18, 22 |   1.2074800146772211e-04 |   1.2074800146772211e-04 | 1
 19,  1 |  -4.7717777052396512e-04 |  -4.7717777052396512e-04 | 1
 19,  2 |  -1.4659308050634876e-05 |  -1.4659308050634876e-05 | 1
 19,  3 |  -4.6225325453386624e-04 |  -4.6225325453386624e-04 | 1
 19,  4 |  -5.7205460672073681e-04 |  -5.7205460672073681e-04 | 1
 19,  5 |  -1.1314819677119893e-03 |  -1.1314819677119893e-03 | 1
 19,  6 |  -1.6650481092869192e-04 |  -1.6650481092869192e-04 | 1
 19,  7 |  -1.0193347624567976e-03 |  -1.0193347624567976e-03 | 1
 19,  8 |   8.8175966916536307e-04 |   8.8175966916536307e-04 | 1
 19,  9 |  -4.2949137952529633e-04 |  -4.2949137952529633e-04 | 1
 19, 10 |  -2.8497790987894360e-03 |  -2.8497790987894360e-03 | 1
 19, 11 |  -9.7465584522811910e-04 |  -9.7465584522811910e-04 | 1
 19, 12 |  -7.9257959054620142e-04 |  -7.9257959054620142e-04 | 1
 19, 13 |   3.5713166625466679e-04 |   3.5713166625466679e-04 | 1
 19, 14 |  -1.8746773552119023e-04 |  -1.8746773552119023e-04 | 1
 19, 15 |   2.4787739449312900e-03 |   2.4787739449312900e-03 | 1
 19, 16 |  -9.4087710216808509e-04 |  -9.4087710216808509e-04 | 1
 19, 17 |   3.5186530861220321e-04 |   3.5186530861220321e-04 | 1
 19, 18 |   3.6356790641232429e-04 |   3.6356790641232429e-04 | 1
 19, 19 |   5.9642324355730172e-04 |   5.9642324355730172e-04 | 1
 19, 20 |   7.8003456632255376e-06 |   7.8003456632255376e-06 | 1
 19, 21 |  -4.8987740307866842e-04 |  -4.8987740307866842e-04 | 1
 19, 22 |   3.2292486010531340e-04 |   3.2292486010531340e-04 | 1
 20,  1 |   4.0019386352183476e-06 |   4.0019386352183476e-06 | 1
 20,  2 |   3.6828460601216910e-05 |   3.6828460601216910e-05 | 1
 20,  3 |   8.6307128551663081e-06 |   8.6307128551663081e-06 | 1
 20,  4 |  -1.1666867660920967e-05 |  -1.1666867660920967e-05 | 1
 20,  5 |  -8.0154366612779175e-05 |  -8.0154366612779175e-05 | 1
 20,  6 |  -1.1593258532866668e-05 |  -1.1593258532866668e-05 | 1
 20,  7 |   3.3583626995381294e-05 |   3.3583626995381294e-05 | 1
 20,  8 |   1.0551728672897979e-04 |   1.0551728672897979e-04 | 1
 20,  9 |  -2.6199849209698985e-05 |  -2.6199849209698985e-05 | 1
 20, 10 |   1.2731056452462914e-04 |   1.2731056452462914e-04 | 1
 20, 11 |   1.4524025445986205e-04 |   1.4524025445986205e-04 | 1
 20, 12 |   3.1660767703287068e-05 |   3.1660767703287068e-05 | 1
 20, 13 |  -9.6113978757604586e-06 |  -9.6113978757604586e-06 | 1
 20, 14 |  -1.5831374787878336e-05 |  -1.5831374787878336e-05 | 1
 20, 15 |  -1.0029576052369560e-04 |  -1.0029576052369560e-04 | 1
 20, 16 |   4.9653849466721903e-06 |   4.9653849466721903e-06 | 1
 20, 17 |  -6.0267045433150237e-06 |  -6.0267045433150237e-06 | 1
 20, 18 |   1.4086563380111016e-05 |   1.4086563380111016e-05 | 1
 20, 19 |   7.8003456632255376e-06 |   7.8003456632255376e-06 | 1
 20, 20 |   1.0023938590825521e-05 |   1.0023938590825521e-05 | 1
 20, 21 |  -4.4040873900100086e-07 |  -4.4040873900100086e-07 | 1
 20, 22 |  -2.6213246912193926e-05 |  -2.6213246912193926e-05 | 1
 21,  1 |   1.9501165715219764e-03 |   1.9501165715219764e-03 | 1
 21,  2 |   2.5966654949116062e-03 |   2.5966654949116062e-03 | 1
 21,  3 |   1.6753440172452361e-03 |   1.6753440172452361e-03 | 1
 21,  4 |   1.6895592605316143e-03 |   1.6895592605316143e-03 | 1
 21,  5 |   1.5384393438398261e-03 |   1.5384393438398261e-03 | 1
 21,  6 |   3.9626321316001709e-04 |   3.9626321316001709e-04 | 1
 21,  7 |   2.2685184133106979e-03 |   2.2685184133106979e-03 | 1
 21,  8 |  -2.0211787596368622e-04 |  -2.0211787596368622e-04 | 1
 21,  9 |  -3.0084587178114922e-04 |  -3.0084587178114922e-04 | 1
 21, 10 |   5.8546172760855757e-03 |   5.8546172760855757e-03 | 1
 21, 11 |   6.5688491941910312e-03 |   6.5688491941910312e-03 | 1
 21, 12 |   2.6452109031158142e-03 |   2.6452109031158142e-03 | 1
 21, 13 |   5.8205965021647702e-04 |   5.8205965021647702e-04 | 1
 21, 14 |  -3.7967380817540222e-04 |  -3.7967380817540222e-04 | 1
 21, 15 |  -5.4407944426999050e-03 |  -5.4407944426999050e-03 | 1
 21, 16 |   4.3394140608739896e-03 |   4.3394140608739896e-03 | 1
 21, 17 |  -7.0845663834135308e-04 |  -7.0845663834135308e-04 | 1
 21, 18 |  -6.7898378102830548e-04 |  -6.7898378102830548e-04 | 1
 21, 19 |  -4.8987740307866842e-04 |  -4.8987740307866842e-04 | 1
 21, 20 |  -4.4040873900100086e-07 |  -4.4040873900100086e-07 | 1
 21, 21 |   2.2485302478914625e-03 |   2.2485302478914625e-03 | 1
 21, 22 |   5.0734472655602440e-04 |   5.0734472655602440e-04 | 1
 22,  1 |   4.8571958037399400e-04 |   4.8571958037399400e-04 | 1
 22,  2 |   4.4824046962984752e-04 |   4.4824046962984752e-04 | 1
 22,  3 |   6.1721820718046582e-04 |   6.1721820718046582e-04 | 1
 22,  4 |   4.9082271459149527e-04 |   4.9082271459149527e-04 | 1
 22,  5 |   8.4392581327683908e-05 |   8.4392581327683908e-05 | 1
 22,  6 |   1.6035249204850394e-04 |   1.6035249204850394e-04 | 1
 22,  7 |  -8.7742708456341255e-05 |  -8.7742708456341255e-05 | 1
 22,  8 |   1.0375775704614129e-03 |   1.0375775704614129e-03 | 1
 22,  9 |  -1.5068062505388115e-04 |  -1.5068062505388115e-04 | 1
 22, 10 |  -1.2216779161072153e-03 |  -1.2216779161072153e-03 | 1
 22, 11 |   4.5718039001752479e-03 |   4.5718039001752479e-03 | 1
 22, 12 |   5.9369317537634318e-04 |   5.9369317537634318e-04 | 1
 22, 13 |   1.1913020889391280e-03 |   1.1913020889391280e-03 | 1
 22, 14 |  -5.0743833419274556e-04 |  -5.0743833419274556e-04 | 1
 22, 15 |   6.3277219248797443e-04 |   6.3277219248797443e-04 | 1
 22, 16 |   2.5330109102761154e-03 |   2.5330109102761154e-03 | 1
 22, 17 |   4.3644893254645596e-05 |   4.3644893254645596e-05 | 1
 22, 18 |   1.2074800146772211e-04 |   1.2074800146772211e-04 | 1
 22, 19 |   3.2292486010531340e-04 |   3.2292486010531340e-04 | 1
 22, 20 |  -2.6213246912193926e-05 |  -2.6213246912193926e-05 | 1
 22, 21 |   5.0734472655602440e-04 |   5.0734472655602440e-04 | 1
 22, 22 |   2.0154387912236331e-03 |   2.0154387912236331e-03 | 1
