row,col | V_base                   | V_new                    | equal
  1,  1 |   1.9255664002964055e-03 |   1.9255664002964055e-03 | 1
  1,  2 |   2.1621800498593637e-04 |   2.1621800498593637e-04 | 1
  1,  3 |   2.0059527876685869e-04 |   2.0059527876685869e-04 | 1
  1,  4 |   1.7713293205509531e-04 |   1.7713293205509531e-04 | 1
  1,  5 |   6.9983361102477133e-04 |   6.9983361102477133e-04 | 1
  1,  6 |  -1.2589488767804374e-04 |  -1.2589488767804374e-04 | 1
  1,  7 |   4.0558814302472045e-04 |   4.0558814302472045e-04 | 1
  1,  8 |   1.6957581581196029e-04 |   1.6957581581196029e-04 | 1
  1,  9 |   1.9442539076074648e-03 |   1.9442539076074648e-03 | 1
  1, 10 |   8.6720470301681002e-04 |   8.6720470301681002e-04 | 1
  1, 11 |   8.0442788265632447e-04 |   8.0442788265632447e-04 | 1
  1, 12 |   9.2166236921395494e-04 |   9.2166236921395494e-04 | 1
  1, 13 |   1.4824546263813583e-03 |   1.4824546263813583e-03 | 1
  1, 14 |   7.4079957609762305e-04 |   7.4079957609762305e-04 | 1
  1, 15 |   9.4095817976936247e-04 |   9.4095817976936247e-04 | 1
  1, 16 |   4.8183852548872085e-04 |   4.8183852548872085e-04 | 1
  1, 17 |   8.0907208497988802e-04 |   8.0907208497988802e-04 | 1
  1, 18 |   7.7079877876665604e-04 |   7.7079877876665604e-04 | 1
  1, 19 |   1.1100835753138382e-03 |   1.1100835753138382e-03 | 1
  1, 20 |   6.0439088556804685e-04 |   6.0439088556804685e-04 | 1
  1, 21 |   6.8853415730925046e-04 |   6.8853415730925046e-04 | 1
  1, 22 |   6.7160263515722303e-04 |   6.7160263515722303e-04 | 1
  1, 23 |   1.1547164926035917e-03 |   1.1547164926035917e-03 | 1
  1, 24 |   6.9240770796364726e-04 |   6.9240770796364726e-04 | 1
  1, 25 |   2.0626000221244946e-04 |   2.0626000221244946e-04 | 1
  1, 26 |   1.1304985436182578e-03 |   1.1304985436182578e-03 | 1
  1, 27 |   1.0854166831687126e-03 |   1.0854166831687126e-03 | 1
  1, 28 |  -2.2282983288717201e-05 |  -2.2282983288717201e-05 | 1
  1, 29 |   1.8363980490315292e-03 |   1.8363980490315292e-03 | 1
  1, 30 |   8.4594416664528845e-04 |   8.4594416664528845e-04 | 1
  1, 31 |   4.5452397851479038e-04 |   4.5452397851479038e-04 | 1
  1, 32 |  -7.8898534613032847e-04 |  -7.8898534613032847e-04 | 1
  1, 33 |   8.7713387198263305e-03 |   8.7713387198263305e-03 | 1
  1, 34 |   4.6791295924425213e-04 |   4.6791295924425213e-04 | 1
  1, 35 |   8.9178245221150927e-04 |   8.9178245221150927e-04 | 1
  1, 36 |  -4.7751564389407860e-05 |  -4.7751564389407860e-05 | 1
  2,  1 |   2.1621800498593637e-04 |   2.1621800498593637e-04 | 1
  2,  2 |   8.9445313689248240e-04 |   8.9445313689248240e-04 | 1
  2,  3 |   1.8818605588688281e-04 |   1.8818605588688281e-04 | 1
  2,  4 |  -7.3053251268355711e-05 |  -7.3053251268355711e-05 | 1
  2,  5 |  -3.9167658143158450e-04 |  -3.9167658143158450e-04 | 1
  2,  6 |   6.2210079592067854e-04 |   6.2210079592067854e-04 | 1
  2,  7 |  -7.0262813041721030e-04 |  -7.0262813041721030e-04 | 1
  2,  8 |  -2.7780267829417451e-06 |  -2.7780267829417451e-06 | 1
  2,  9 |   2.4150985714693434e-04 |   2.4150985714693434e-04 | 1
  2, 10 |  -2.8953267535990500e-04 |  -2.8953267535990500e-04 | 1
  2, 11 |   1.5368484103744795e-04 |   1.5368484103744795e-04 | 1
  2, 12 |   7.8842626799760702e-04 |   7.8842626799760702e-04 | 1
  2, 13 |  -2.3202400354350360e-04 |  -2.3202400354350360e-04 | 1
  2, 14 |   9.6382740304518555e-04 |   9.6382740304518555e-04 | 1
  2, 15 |   2.0074727375768694e-04 |   2.0074727375768694e-04 | 1
  2, 16 |   4.0176053918402298e-04 |   4.0176053918402298e-04 | 1
  2, 17 |  -7.2785126547587773e-05 |  -7.2785126547587773e-05 | 1
  2, 18 |   3.1698492772534910e-04 |   3.1698492772534910e-04 | 1
  2, 19 |  -1.5988822456409145e-04 |  -1.5988822456409145e-04 | 1
  2, 20 |   1.5465554703817855e-04 |   1.5465554703817855e-04 | 1
  2, 21 |   5.2805502375614553e-04 |   5.2805502375614553e-04 | 1
  2, 22 |   1.6764270213768017e-03 |   1.6764270213768017e-03 | 1
  2, 23 |   9.4708998433928581e-05 |   9.4708998433928581e-05 | 1
  2, 24 |  -3.6878147344728874e-06 |  -3.6878147344728874e-06 | 1
  2, 25 |   8.5723130659698751e-06 |   8.5723130659698751e-06 | 1
  2, 26 |  -1.1878627557036555e-03 |  -1.1878627557036555e-03 | 1
  2, 27 |  -6.1171755910072905e-04 |  -6.1171755910072905e-04 | 1
  2, 28 |   3.4302453230933565e-04 |   3.4302453230933565e-04 | 1
  2, 29 |   5.0867060837448568e-04 |   5.0867060837448568e-04 | 1
  2, 30 |   3.5201045112955237e-04 |   3.5201045112955237e-04 | 1
  2, 31 |   9.5754189586846677e-04 |   9.5754189586846677e-04 | 1
  2, 32 |  -1.7154529037112704e-03 |  -1.7154529037112704e-03 | 1
  2, 33 |  -1.6427160576661271e-03 |  -1.6427160576661271e-03 | 1
  2, 34 |   4.2992183612032520e-04 |   4.2992183612032520e-04 | 1
  2, 35 |   3.9579695466090006e-05 |   3.9579695466090006e-05 | 1
  2, 36 |   1.7234231295460195e-03 |   1.7234231295460195e-03 | 1
  3,  1 |   2.0059527876685869e-04 |   2.0059527876685869e-04 | 1
  3,  2 |   1.8818605588688281e-04 |   1.8818605588688281e-04 | 1
  3,  3 |   1.2566695989214298e-03 |   1.2566695989214298e-03 | 1
  3,  4 |   4.6382101753776313e-04 |   4.6382101753776313e-04 | 1
  3,  5 |   8.4336657976191525e-04 |   8.4336657976191525e-04 | 1
  3,  6 |   2.6412298558352570e-04 |   2.6412298558352570e-04 | 1
  3,  7 |   6.5292720706951277e-04 |   6.5292720706951277e-04 | 1
  3,  8 |   9.2264248437146166e-04 |   9.2264248437146166e-04 | 1
  3,  9 |   1.9482018045927322e-03 |   1.9482018045927322e-03 | 1
  3, 10 |   8.6537427168936916e-04 |   8.6537427168936916e-04 | 1
  3, 11 |   1.1243829277211861e-03 |   1.1243829277211861e-03 | 1
  3, 12 |   6.0408239632738208e-04 |   6.0408239632738208e-04 | 1
  3, 13 |   1.5909600497206425e-03 |   1.5909600497206425e-03 | 1
  3, 14 |   2.0585562108114911e-03 |   2.0585562108114911e-03 | 1
  3, 15 |   1.0883204108437139e-03 |   1.0883204108437139e-03 | 1
  3, 16 |   7.5739383160336991e-04 |   7.5739383160336991e-04 | 1
  3, 17 |   1.2010258838353427e-03 |   1.2010258838353427e-03 | 1
  3, 18 |   1.3228996095823774e-03 |   1.3228996095823774e-03 | 1
  3, 19 |   1.7112678635043646e-03 |   1.7112678635043646e-03 | 1
  3, 20 |   6.8307190749154539e-04 |   6.8307190749154539e-04 | 1
  3, 21 |   2.4575909020606956e-03 |   2.4575909020606956e-03 | 1
  3, 22 |   1.5922503097155650e-03 |   1.5922503097155650e-03 | 1
  3, 23 |  -1.0971549463668910e-03 |  -1.0971549463668910e-03 | 1
  3, 24 |   3.5785394163142923e-04 |   3.5785394163142923e-04 | 1
  3, 25 |   1.3110695177270088e-03 |   1.3110695177270088e-03 | 1
  3, 26 |   7.6802994940539473e-04 |   7.6802994940539473e-04 | 1
  3, 27 |   1.5540149193125621e-03 |   1.5540149193125621e-03 | 1
  3, 28 |   3.7378406934223562e-04 |   3.7378406934223562e-04 | 1
  3, 29 |   5.7931637265623245e-04 |   5.7931637265623245e-04 | 1
  3, 30 |   4.0088137018185865e-04 |   4.0088137018185865e-04 | 1
  3, 31 |   1.5273687880921958e-03 |   1.5273687880921958e-03 | 1
  3, 32 |   4.4414072233113256e-04 |   4.4414072233113256e-04 | 1
  3, 33 |   7.6324873107154172e-03 |   7.6324873107154172e-03 | 1
  3, 34 |   6.8667404346051011e-04 |   6.8667404346051011e-04 | 1
  3, 35 |   5.7441405870872785e-04 |   5.7441405870872785e-04 | 1
  3, 36 |  -1.0563868272813399e-04 |  -1.0563868272813399e-04 | 1
  4,  1 |   1.7713293205509531e-04 |   1.7713293205509531e-04 | 1
  4,  2 |  -7.3053251268355711e-05 |  -7.3053251268355711e-05 | 1
  4,  3 |   4.6382101753776313e-04 |   4.6382101753776313e-04 | 1
  4,  4 |   5.1821536431333334e-04 |   5.1821536431333334e-04 | 1
  4,  5 |   7.7305531326795967e-04 |   7.7305531326795967e-04 | 1
  4,  6 |   1.6833226473639714e-05 |   1.6833226473639714e-05 | 1
  4,  7 |   3.0766683890768828e-04 |   3.0766683890768828e-04 | 1
  4,  8 |   5.6311728738708486e-04 |   5.6311728738708486e-04 | 1
  4,  9 |   8.8750475310075256e-04 |   8.8750475310075256e-04 | 1
  4, 10 |   7.2931732032593206e-04 |   7.2931732032593206e-04 | 1
  4, 11 |   6.7340566165599938e-04 |   6.7340566165599938e-04 | 1
  4, 12 |   1.3434557570835356e-04 |   1.3434557570835356e-04 | 1
  4, 13 |   1.1823620910065302e-03 |   1.1823620910065302e-03 | 1
  4, 14 |   7.6331479580330690e-04 |   7.6331479580330690e-04 | 1
  4, 15 |   6.9116918180719771e-04 |   6.9116918180719771e-04 | 1
  4, 16 |   4.5809846300960352e-04 |   4.5809846300960352e-04 | 1
  4, 17 |   7.1642786482292633e-04 |   7.1642786482292633e-04 | 1
  4, 18 |   3.8752611940878930e-04 |   3.8752611940878930e-04 | 1
  4, 19 |   1.1404117109629461e-03 |   1.1404117109629461e-03 | 1
  4, 20 |   2.1907467751104183e-04 |   2.1907467751104183e-04 | 1
  4, 21 |   1.4658108917220800e-03 |   1.4658108917220800e-03 | 1
  4, 22 |   9.1686898592553473e-04 |   9.1686898592553473e-04 | 1
  4, 23 |   1.1747471279011169e-03 |   1.1747471279011169e-03 | 1
  4, 24 |   9.2168028643705953e-05 |   9.2168028643705953e-05 | 1
  4, 25 |   4.7291152612223303e-04 |   4.7291152612223303e-04 | 1
  4, 26 |   1.4877609498973345e-03 |   1.4877609498973345e-03 | 1
  4, 27 |   1.2854795224742136e-03 |   1.2854795224742136e-03 | 1
  4, 28 |   2.6194230446759310e-04 |   2.6194230446759310e-04 | 1
  4, 29 |   4.5613227959915469e-04 |   4.5613227959915469e-04 | 1
  4, 30 |  -1.7831442895012672e-04 |  -1.7831442895012672e-04 | 1
  4, 31 |   6.6792291227254033e-04 |   6.6792291227254033e-04 | 1
  4, 32 |   9.0808210263828063e-04 |   9.0808210263828063e-04 | 1
  4, 33 |   4.1644067349814202e-03 |   4.1644067349814202e-03 | 1
  4, 34 |   2.1619192650129804e-04 |   2.1619192650129804e-04 | 1
  4, 35 |   4.2788873082743223e-04 |   4.2788873082743223e-04 | 1
  4, 36 |  -5.9429874385386776e-04 |  -5.9429874385386776e-04 | 1
  5,  1 |   6.9983361102477133e-04 |   6.9983361102477133e-04 | 1
  5,  2 |  -3.9167658143158450e-04 |  -3.9167658143158450e-04 | 1
  5,  3 |   8.4336657976191525e-04 |   8.4336657976191525e-04 | 1
  5,  4 |   7.7305531326795967e-04 |   7.7305531326795967e-04 | 1
  5,  5 |   3.0328203515328986e-03 |   3.0328203515328986e-03 | 1
  5,  6 |  -6.3507016548710140e-04 |  -6.3507016548710140e-04 | 1
  5,  7 |  -2.9459323363576070e-04 |  -2.9459323363576070e-04 | 1
  5,  8 |   9.1448515795137034e-04 |   9.1448515795137034e-04 | 1
  5,  9 |   2.0668515322588071e-03 |   2.0668515322588071e-03 | 1
  5, 10 |   1.3387304735616573e-03 |   1.3387304735616573e-03 | 1
  5, 11 |   1.3228691995831197e-03 |   1.3228691995831197e-03 | 1
  5, 12 |   4.8715682650887359e-04 |   4.8715682650887359e-04 | 1
  5, 13 |   2.7629038421328016e-03 |   2.7629038421328016e-03 | 1
  5, 14 |   1.7508687948146161e-03 |   1.7508687948146161e-03 | 1
  5, 15 |   1.5400472240291875e-03 |   1.5400472240291875e-03 | 1
  5, 16 |   5.9126209501952497e-04 |   5.9126209501952497e-04 | 1
  5, 17 |   1.7094859361759950e-03 |   1.7094859361759950e-03 | 1
  5, 18 |   1.1925183011876311e-03 |   1.1925183011876311e-03 | 1
  5, 19 |   2.8310174983156564e-03 |   2.8310174983156564e-03 | 1
  5, 20 |   5.2409771662763197e-04 |   5.2409771662763197e-04 | 1
  5, 21 |   2.4295987839191308e-03 |   2.4295987839191308e-03 | 1
  5, 22 |   1.2622505362004507e-03 |   1.2622505362004507e-03 | 1
  5, 23 |   6.6843077434951379e-04 |   6.6843077434951379e-04 | 1
  5, 24 |   3.3541704996008784e-04 |   3.3541704996008784e-04 | 1
  5, 25 |   8.4504709139939221e-04 |   8.4504709139939221e-04 | 1
  5, 26 |   5.0912274520578697e-03 |   5.0912274520578697e-03 | 1
  5, 27 |   2.6605314353153890e-03 |   2.6605314353153890e-03 | 1
  5, 28 |  -6.6817869535554814e-05 |  -6.6817869535554814e-05 | 1
  5, 29 |   1.2748905601010999e-03 |   1.2748905601010999e-03 | 1
  5, 30 |  -1.6339773915341590e-04 |  -1.6339773915341590e-04 | 1
  5, 31 |  -2.4906243541236684e-04 |  -2.4906243541236684e-04 | 1
  5, 32 |   1.7134062897167348e-03 |   1.7134062897167348e-03 | 1
  5, 33 |   1.1127825372655931e-02 |   1.1127825372655931e-02 | 1
  5, 34 |   2.6687534632437458e-04 |   2.6687534632437458e-04 | 1
  5, 35 |   7.6866310458920172e-04 |   7.6866310458920172e-04 | 1
  5, 36 |  -1.5897487502087751e-03 |  -1.5897487502087751e-03 | 1
  6,  1 |  -1.2589488767804374e-04 |  -1.2589488767804374e-04 | 1
  6,  2 |   6.2210079592067854e-04 |   6.2210079592067854e-04 | 1
  6,  3 |   2.6412298558352570e-04 |   2.6412298558352570e-04 | 1
  6,  4 |   1.6833226473639714e-05 |   1.6833226473639714e-05 | 1
  6,  5 |  -6.3507016548710140e-04 |  -6.3507016548710140e-04 | 1
  6,  6 |   1.7350832410440982e-03 |   1.7350832410440982e-03 | 1
  6,  7 |   1.4149166083381574e-03 |   1.4149166083381574e-03 | 1
  6,  8 |   4.5852343673856677e-04 |   4.5852343673856677e-04 | 1
  6,  9 |   1.4469028424307970e-04 |   1.4469028424307970e-04 | 1
  6, 10 |  -1.1316517610687202e-03 |  -1.1316517610687202e-03 | 1
  6, 11 |   1.9181722267656566e-04 |   1.9181722267656566e-04 | 1
  6, 12 |   7.7608482850751890e-04 |   7.7608482850751890e-04 | 1
  6, 13 |  -4.8669015151521077e-04 |  -4.8669015151521077e-04 | 1
  6, 14 |  -3.1223257480743617e-05 |  -3.1223257480743617e-05 | 1
  6, 15 |   6.3189880938535614e-04 |   6.3189880938535614e-04 | 1
  6, 16 |   6.8930869009727969e-04 |   6.8930869009727969e-04 | 1
  6, 17 |  -2.1405483005626559e-04 |  -2.1405483005626559e-04 | 1
  6, 18 |   5.6563368981970067e-04 |   5.6563368981970067e-04 | 1
  6, 19 |   3.5582304783003061e-05 |   3.5582304783003061e-05 | 1
  6, 20 |   4.7449180618199514e-04 |   4.7449180618199514e-04 | 1
  6, 21 |   1.0235307779386488e-03 |   1.0235307779386488e-03 | 1
  6, 22 |   4.6931326241738585e-04 |   4.6931326241738585e-04 | 1
  6, 23 |   3.2401111573454513e-04 |   3.2401111573454513e-04 | 1
  6, 24 |   2.3663145251359556e-04 |   2.3663145251359556e-04 | 1
  6, 25 |  -2.2591100548040359e-04 |  -2.2591100548040359e-04 | 1
  6, 26 |  -1.6622511205003636e-03 |  -1.6622511205003636e-03 | 1
  6, 27 |  -5.8363265888342107e-04 |  -5.8363265888342107e-04 | 1
  6, 28 |   9.4229137455971359e-04 |   9.4229137455971359e-04 | 1
  6, 29 |  -1.4693676403221634e-04 |  -1.4693676403221634e-04 | 1
  6, 30 |   1.0487689940988565e-03 |   1.0487689940988565e-03 | 1
  6, 31 |   1.0423263587209385e-03 |   1.0423263587209385e-03 | 1
  6, 32 |  -6.4655492537978596e-04 |  -6.4655492537978596e-04 | 1
  6, 33 |  -2.3838004672540620e-03 |  -2.3838004672540620e-03 | 1
  6, 34 |   5.1856022094912200e-04 |   5.1856022094912200e-04 | 1
  6, 35 |   1.1656026255754448e-04 |   1.1656026255754448e-04 | 1
  6, 36 |   8.7896625182830605e-04 |   8.7896625182830605e-04 | 1
  7,  1 |   4.0558814302472045e-04 |   4.0558814302472045e-04 | 1
  7,  2 |  -7.0262813041721030e-04 |  -7.0262813041721030e-04 | 1
  7,  3 |   6.5292720706951277e-04 |   6.5292720706951277e-04 | 1
  7,  4 |   3.0766683890768828e-04 |   3.0766683890768828e-04 | 1
  7,  5 |  -2.9459323363576070e-04 |  -2.9459323363576070e-04 | 1
  7,  6 |   1.4149166083381574e-03 |   1.4149166083381574e-03 | 1
  7,  7 |   6.0964114335285077e-03 |   6.0964114335285077e-03 | 1
  7,  8 |   1.2840659748414706e-03 |   1.2840659748414706e-03 | 1
  7,  9 |   2.0364693453277811e-03 |   2.0364693453277811e-03 | 1
  7, 10 |   1.0141837515975301e-04 |   1.0141837515975301e-04 | 1
  7, 11 |   8.3359785124691957e-04 |   8.3359785124691957e-04 | 1
  7, 12 |  -1.6882396247577317e-04 |  -1.6882396247577317e-04 | 1
  7, 13 |   1.2005666675785150e-03 |   1.2005666675785150e-03 | 1
  7, 14 |  -1.3587619704786857e-03 |  -1.3587619704786857e-03 | 1
  7, 15 |   1.5528123861850152e-03 |   1.5528123861850152e-03 | 1
  7, 16 |   1.3735254181860401e-03 |   1.3735254181860401e-03 | 1
  7, 17 |   7.2229684056821560e-04 |   7.2229684056821560e-04 | 1
  7, 18 |   1.1451924471299782e-03 |   1.1451924471299782e-03 | 1
  7, 19 |   1.0481525851094770e-03 |   1.0481525851094770e-03 | 1
  7, 20 |   8.3805978505821304e-04 |   8.3805978505821304e-04 | 1
  7, 21 |   3.0967171646085140e-03 |   3.0967171646085140e-03 | 1
  7, 22 |  -2.5948472292619930e-03 |  -2.5948472292619930e-03 | 1
  7, 23 |   1.2341718681291134e-03 |   1.2341718681291134e-03 | 1
  7, 24 |   5.9026207975137763e-04 |   5.9026207975137763e-04 | 1
  7, 25 |  -4.5460360134207668e-05 |  -4.5460360134207668e-05 | 1
  7, 26 |  -1.8428709008815650e-03 |  -1.8428709008815650e-03 | 1
  7, 27 |   1.2108877123734472e-03 |   1.2108877123734472e-03 | 1
  7, 28 |   7.1388485731089418e-04 |   7.1388485731089418e-04 | 1
  7, 29 |  -2.1408374930877828e-04 |  -2.1408374930877828e-04 | 1
  7, 30 |   1.6153348168923194e-03 |   1.6153348168923194e-03 | 1
  7, 31 |  -5.7126477911462149e-04 |  -5.7126477911462149e-04 | 1
  7, 32 |   2.0227265993461060e-03 |   2.0227265993461060e-03 | 1
  7, 33 |   8.3062886849554589e-03 |   8.3062886849554589e-03 | 1
  7, 34 |   5.2251433534719117e-04 |   5.2251433534719117e-04 | 1
  7, 35 |   7.4499902034347461e-04 |   7.4499902034347461e-04 | 1
  7, 36 |  -1.8480740263585754e-03 |  -1.8480740263585754e-03 | 1
  8,  1 |   1.6957581581196029e-04 |   1.6957581581196029e-04 | 1
  8,  2 |  -2.7780267829417451e-06 |  -2.7780267829417451e-06 | 1
  8,  3 |   9.2264248437146166e-04 |   9.2264248437146166e-04 | 1
  8,  4 |   5.6311728738708486e-04 |   5.6311728738708486e-04 | 1
  8,  5 |   9.1448515795137034e-04 |   9.1448515795137034e-04 | 1
  8,  6 |   4.5852343673856677e-04 |   4.5852343673856677e-04 | 1
  8,  7 |   1.2840659748414706e-03 |   1.2840659748414706e-03 | 1
  8,  8 |   1.0494595576921806e-03 |   1.0494595576921806e-03 | 1
  8,  9 |   1.6123756755479386e-03 |   1.6123756755479386e-03 | 1
  8, 10 |   6.6513106446545187e-04 |   6.6513106446545187e-04 | 1
  8, 11 |   9.9811788835382212e-04 |   9.9811788835382212e-04 | 1
  8, 12 |   3.7465286883051470e-04 |   3.7465286883051470e-04 | 1
  8, 13 |   1.4453818589454321e-03 |   1.4453818589454321e-03 | 1
  8, 14 |   1.3745196375135828e-03 |   1.3745196375135828e-03 | 1
  8, 15 |   1.1135447294968958e-03 |   1.1135447294968958e-03 | 1
  8, 16 |   8.2563394496780072e-04 |   8.2563394496780072e-04 | 1
  8, 17 |   1.0761585051774214e-03 |   1.0761585051774214e-03 | 1
  8, 18 |   1.1018993308440780e-03 |   1.1018993308440780e-03 | 1
  8, 19 |   1.5271575093369744e-03 |   1.5271575093369744e-03 | 1
  8, 20 |   5.5933565429062211e-04 |   5.5933565429062211e-04 | 1
  8, 21 |   2.4346329598437405e-03 |   2.4346329598437405e-03 | 1
  8, 22 |   9.9933439270594952e-04 |   9.9933439270594952e-04 | 1
  8, 23 |   5.7504536661543467e-04 |   5.7504536661543467e-04 | 1
  8, 24 |   2.8669078707002735e-04 |   2.8669078707002735e-04 | 1
  8, 25 |   6.2277275699160542e-04 |   6.2277275699160542e-04 | 1
  8, 26 |   1.1168452876908451e-03 |   1.1168452876908451e-03 | 1
  8, 27 |   1.4283919138931909e-03 |   1.4283919138931909e-03 | 1
  8, 28 |   4.9612016684388795e-04 |   4.9612016684388795e-04 | 1
  8, 29 |   4.6799916494995330e-04 |   4.6799916494995330e-04 | 1
  8, 30 |   3.2462780793273858e-04 |   3.2462780793273858e-04 | 1
  8, 31 |   1.1019840839202734e-03 |   1.1019840839202734e-03 | 1
  8, 32 |   8.8607082583512173e-04 |   8.8607082583512173e-04 | 1
  8, 33 |   6.7397369025172333e-03 |   6.7397369025172333e-03 | 1
  8, 34 |   5.2683014152991024e-04 |   5.2683014152991024e-04 | 1
  8, 35 |   5.2266824125105321e-04 |   5.2266824125105321e-04 | 1
  8, 36 |  -4.5217785428432709e-04 |  -4.5217785428432709e-04 | 1
  9,  1 |   1.9442539076074648e-03 |   1.9442539076074648e-03 | 1
  9,  2 |   2.4150985714693434e-04 |   2.4150985714693434e-04 | 1
  9,  3 |   1.9482018045927322e-03 |   1.9482018045927322e-03 | 1
  9,  4 |   8.8750475310075256e-04 |   8.8750475310075256e-04 | 1
  9,  5 |   2.0668515322588071e-03 |   2.0668515322588071e-03 | 1
  9,  6 |   1.4469028424307970e-04 |   1.4469028424307970e-04 | 1
  9,  7 |   2.0364693453277811e-03 |   2.0364693453277811e-03 | 1
  9,  8 |   1.6123756755479386e-03 |   1.6123756755479386e-03 | 1
  9,  9 |   5.9855130531992571e-03 |   5.9855130531992571e-03 | 1
  9, 10 |   2.8141385013634489e-03 |   2.8141385013634489e-03 | 1
  9, 11 |   2.7341388374584035e-03 |   2.7341388374584035e-03 | 1
  9, 12 |   1.1207783144905358e-03 |   1.1207783144905358e-03 | 1
  9, 13 |   4.8026978185117010e-03 |   4.8026978185117010e-03 | 1
  9, 14 |   3.2293584042669297e-03 |   3.2293584042669297e-03 | 1
  9, 15 |   2.9800330309969836e-03 |   2.9800330309969836e-03 | 1
  9, 16 |   2.0176533258948956e-03 |   2.0176533258948956e-03 | 1
  9, 17 |   3.0729629286939198e-03 |   3.0729629286939198e-03 | 1
  9, 18 |   3.2479131460134763e-03 |   3.2479131460134763e-03 | 1
  9, 19 |   4.6105838808520603e-03 |   4.6105838808520603e-03 | 1
  9, 20 |   1.8982175517850159e-03 |   1.8982175517850159e-03 | 1
  9, 21 |   4.5059960472130095e-03 |   4.5059960472130095e-03 | 1
  9, 22 |   3.1786447612733464e-03 |   3.1786447612733464e-03 | 1
  9, 23 |   1.4730991942104817e-03 |   1.4730991942104817e-03 | 1
  9, 24 |   1.6072032726386644e-03 |   1.6072032726386644e-03 | 1
  9, 25 |   2.7935899346693649e-03 |   2.7935899346693649e-03 | 1
  9, 26 |   1.8081955386673103e-03 |   1.8081955386673103e-03 | 1
  9, 27 |   3.6050517173532430e-03 |   3.6050517173532430e-03 | 1
  9, 28 |   9.6229181039375958e-04 |   9.6229181039375958e-04 | 1
  9, 29 |   4.0042251595105230e-03 |   4.0042251595105230e-03 | 1
  9, 30 |   1.9447128641639701e-03 |   1.9447128641639701e-03 | 1
  9, 31 |   3.0075063299650879e-03 |   3.0075063299650879e-03 | 1
  9, 32 |   3.8067719558489415e-04 |   3.8067719558489415e-04 | 1
  9, 33 |   2.3543637139476145e-02 |   2.3543637139476145e-02 | 1
  9, 34 |   1.5097002348831330e-03 |   1.5097002348831330e-03 | 1
  9, 35 |   1.7034775562806154e-03 |   1.7034775562806154e-03 | 1
  9, 36 |  -8.6203839677536655e-04 |  -8.6203839677536655e-04 | 1
 10,  1 |   8.6720470301681002e-04 |   8.6720470301681002e-04 | 1
 10,  2 |  -2.8953267535990500e-04 |  -2.8953267535990500e-04 | 1
 10,  3 |   8.6537427168936916e-04 |   8.6537427168936916e-04 | 1
 10,  4 |   7.2931732032593206e-04 |   7.2931732032593206e-04 | 1
 10,  5 |   1.3387304735616573e-03 |   1.3387304735616573e-03 | 1
 10,  6 |  -1.1316517610687202e-03 |  -1.1316517610687202e-03 | 1
 10,  7 |   1.0141837515975301e-04 |   1.0141837515975301e-04 | 1
 10,  8 |   6.6513106446545187e-04 |   6.6513106446545187e-04 | 1
 10,  9 |   2.8141385013634489e-03 |   2.8141385013634489e-03 | 1
 10, 10 |   2.8201048830882019e-03 |   2.8201048830882019e-03 | 1
 10, 11 |   1.4190861128703857e-03 |   1.4190861128703857e-03 | 1
 10, 12 |   5.9042796713277608e-05 |   5.9042796713277608e-05 | 1
 10, 13 |   2.8535184914667572e-03 |   2.8535184914667572e-03 | 1
 10, 14 |   2.1106941517498711e-03 |   2.1106941517498711e-03 | 1
 10, 15 |   7.1761882937093451e-04 |   7.1761882937093451e-04 | 1
 10, 16 |   7.0136605699401403e-04 |   7.0136605699401403e-04 | 1
 10, 17 |   1.7043909283065788e-03 |   1.7043909283065788e-03 | 1
 10, 18 |   1.0801255666658771e-03 |   1.0801255666658771e-03 | 1
 10, 19 |   2.3627324096041000e-03 |   2.3627324096041000e-03 | 1
 10, 20 |   4.7192326249143708e-04 |   4.7192326249143708e-04 | 1
 10, 21 |   2.3900787604191568e-03 |   2.3900787604191568e-03 | 1
 10, 22 |   1.7786634894375380e-03 |   1.7786634894375380e-03 | 1
 10, 23 |   2.2209409052881958e-03 |   2.2209409052881958e-03 | 1
 10, 24 |   4.7537034153548351e-04 |   4.7537034153548351e-04 | 1
 10, 25 |   1.4468250170281698e-03 |   1.4468250170281698e-03 | 1
 10, 26 |   2.1351690085230374e-03 |   2.1351690085230374e-03 | 1
 10, 27 |   2.5294848215103973e-03 |   2.5294848215103973e-03 | 1
 10, 28 |  -2.2767351207767552e-04 |  -2.2767351207767552e-04 | 1
 10, 29 |   1.9745788930097185e-03 |   1.9745788930097185e-03 | 1
 10, 30 |  -2.6320820636585400e-04 |  -2.6320820636585400e-04 | 1
 10, 31 |   1.4320616344917104e-03 |   1.4320616344917104e-03 | 1
 10, 32 |   1.1374651043720772e-03 |   1.1374651043720772e-03 | 1
 10, 33 |   1.3181792220158337e-02 |   1.3181792220158337e-02 | 1
 10, 34 |   4.4555129037108360e-04 |   4.4555129037108360e-04 | 1
 10, 35 |   8.9184338101410592e-04 |   8.9184338101410592e-04 | 1
 10, 36 |  -1.0993788476817046e-03 |  -1.0993788476817046e-03 | 1
 11,  1 |   8.0442788265632447e-04 |   8.0442788265632447e-04 | 1
 11,  2 |   1.5368484103744795e-04 |   1.5368484103744795e-04 | 1
 11,  3 |   1.1243829277211861e-03 |   1.1243829277211861e-03 | 1
 11,  4 |   6.7340566165599938e-04 |   6.7340566165599938e-04 | 1
 11,  5 |   1.3228691995831197e-03 |   1.3228691995831197e-03 | 1
 11,  6 |   1.9181722267656566e-04 |   1.9181722267656566e-04 | 1
 11,  7 |   8.3359785124691957e-04 |   8.3359785124691957e-04 | 1
 11,  8 |   9.9811788835382212e-04 |   9.9811788835382212e-04 | 1
 11,  9 |   2.7341388374584035e-03 |   2.7341388374584035e-03 | 1
 11, 10 |   1.4190861128703857e-03 |   1.4190861128703857e-03 | 1
 11, 11 |   1.5024335418324412e-03 |   1.5024335418324412e-03 | 1
 11, 12 |   7.8599650738351732e-04 |   7.8599650738351732e-04 | 1
 11, 13 |   2.4581928901337910e-03 |   2.4581928901337910e-03 | 1
 11, 14 |   1.8498001621312919e-03 |   1.8498001621312919e-03 | 1
 11, 15 |   1.5436239062292659e-03 |   1.5436239062292659e-03 | 1
 11, 16 |   1.0610130098654901e-03 |   1.0610130098654901e-03 | 1
 11, 17 |   1.6038754957273405e-03 |   1.6038754957273405e-03 | 1
 11, 18 |   1.5809633510610352e-03 |   1.5809633510610352e-03 | 1
 11, 19 |   2.4974384753460935e-03 |   2.4974384753460935e-03 | 1
 11, 20 |   9.2539585721777764e-04 |   9.2539585721777764e-04 | 1
 11, 21 |   2.9351984722599950e-03 |   2.9351984722599950e-03 | 1
 11, 22 |   2.0202930309728088e-03 |   2.0202930309728088e-03 | 1
 11, 23 |   7.3267854527185486e-04 |   7.3267854527185486e-04 | 1
 11, 24 |   6.0218906716398395e-04 |   6.0218906716398395e-04 | 1
 11, 25 |   1.3240374527436975e-03 |   1.3240374527436975e-03 | 1
 11, 26 |   1.6993815580597588e-03 |   1.6993815580597588e-03 | 1
 11, 27 |   2.1552373412165810e-03 |   2.1552373412165810e-03 | 1
 11, 28 |   5.4788583021712824e-04 |   5.4788583021712824e-04 | 1
 11, 29 |   1.4972606754459282e-03 |   1.4972606754459282e-03 | 1
 11, 30 |   5.7317216036916765e-04 |   5.7317216036916765e-04 | 1
 11, 31 |   1.6999841824394608e-03 |   1.6999841824394608e-03 | 1
 11, 32 |   5.8408220402010461e-04 |   5.8408220402010461e-04 | 1
 11, 33 |   1.1297733720018681e-02 |   1.1297733720018681e-02 | 1
 11, 34 |   7.7198321379218920e-04 |   7.7198321379218920e-04 | 1
 11, 35 |   9.1991044739181578e-04 |   9.1991044739181578e-04 | 1
 11, 36 |  -4.4652422039366990e-04 |  -4.4652422039366990e-04 | 1
 12,  1 |   9.2166236921395494e-04 |   9.2166236921395494e-04 | 1
 12,  2 |   7.8842626799760702e-04 |   7.8842626799760702e-04 | 1
 12,  3 |   6.0408239632738208e-04 |   6.0408239632738208e-04 | 1
 12,  4 |   1.3434557570835356e-04 |   1.3434557570835356e-04 | 1
 12,  5 |   4.8715682650887359e-04 |   4.8715682650887359e-04 | 1
 12,  6 |   7.7608482850751890e-04 |   7.7608482850751890e-04 | 1
 12,  7 |  -1.6882396247577317e-04 |  -1.6882396247577317e-04 | 1
 12,  8 |   3.7465286883051470e-04 |   3.7465286883051470e-04 | 1
 12,  9 |   1.1207783144905358e-03 |   1.1207783144905358e-03 | 1
 12, 10 |   5.9042796713277608e-05 |   5.9042796713277608e-05 | 1
 12, 11 |   7.8599650738351732e-04 |   7.8599650738351732e-04 | 1
 12, 12 |   1.9708399635923616e-03 |   1.9708399635923616e-03 | 1
 12, 13 |   3.5693058694818416e-04 |   3.5693058694818416e-04 | 1
 12, 14 |   1.1924888320769631e-03 |   1.1924888320769631e-03 | 1
 12, 15 |   4.0019149930105714e-04 |   4.0019149930105714e-04 | 1
 12, 16 |   5.3319608044599936e-04 |   5.3319608044599936e-04 | 1
 12, 17 |   5.6036850383872519e-04 |   5.6036850383872519e-04 | 1
 12, 18 |   1.3463818480743900e-03 |   1.3463818480743900e-03 | 1
 12, 19 |   9.5143905157163834e-04 |   9.5143905157163834e-04 | 1
 12, 20 |   7.6698240674398293e-04 |   7.6698240674398293e-04 | 1
 12, 21 |   1.8908718858846290e-03 |   1.8908718858846290e-03 | 1
 12, 22 |   1.7506097505494210e-03 |   1.7506097505494210e-03 | 1
 12, 23 |  -1.5798409505670978e-03 |  -1.5798409505670978e-03 | 1
 12, 24 |   4.0965954644592631e-04 |   4.0965954644592631e-04 | 1
 12, 25 |   2.2274012397567578e-04 |   2.2274012397567578e-04 | 1
 12, 26 |   4.3719771513180984e-04 |   4.3719771513180984e-04 | 1
 12, 27 |   3.1652848850538453e-04 |   3.1652848850538453e-04 | 1
 12, 28 |   2.2887482441541029e-04 |   2.2887482441541029e-04 | 1
 12, 29 |   1.2319230371070833e-04 |   1.2319230371070833e-04 | 1
 12, 30 |   7.0298508108915182e-04 |   7.0298508108915182e-04 | 1
 12, 31 |   1.6310001044901614e-03 |   1.6310001044901614e-03 | 1
 12, 32 |  -1.4328541085506456e-03 |  -1.4328541085506456e-03 | 1
 12, 33 |   4.7971679614945582e-03 |   4.7971679614945582e-03 | 1
 12, 34 |   7.4901922880396511e-04 |   7.4901922880396511e-04 | 1
 12, 35 |   5.5247818517044659e-04 |   5.5247818517044659e-04 | 1
 12, 36 |   1.4233868142629739e-03 |   1.4233868142629739e-03 | 1
 13,  1 |   1.4824546263813583e-03 |   1.4824546263813583e-03 | 1
 13,  2 |  -2.3202400354350360e-04 |  -2.3202400354350360e-04 | 1
 13,  3 |   1.5909600497206425e-03 |   1.5909600497206425e-03 | 1
 13,  4 |   1.1823620910065302e-03 |   1.1823620910065302e-03 | 1
 13,  5 |   2.7629038421328016e-03 |   2.7629038421328016e-03 | 1
 13,  6 |  -4.8669015151521077e-04 |  -4.8669015151521077e-04 | 1
 13,  7 |   1.2005666675785150e-03 |   1.2005666675785150e-03 | 1
 13,  8 |   1.4453818589454321e-03 |   1.4453818589454321e-03 | 1
 13,  9 |   4.8026978185117010e-03 |   4.8026978185117010e-03 | 1
 13, 10 |   2.8535184914667572e-03 |   2.8535184914667572e-03 | 1
 13, 11 |   2.4581928901337910e-03 |   2.4581928901337910e-03 | 1
 13, 12 |   3.5693058694818416e-04 |   3.5693058694818416e-04 | 1
 13, 13 |   5.0129449772895315e-03 |   5.0129449772895315e-03 | 1
 13, 14 |   2.6199983157627988e-03 |   2.6199983157627988e-03 | 1
 13, 15 |   3.0702493073165235e-03 |   3.0702493073165235e-03 | 1
 13, 16 |   1.6464722002433744e-03 |   1.6464722002433744e-03 | 1
 13, 17 |   2.8574473362396650e-03 |   2.8574473362396650e-03 | 1
 13, 18 |   2.1274218580740177e-03 |   2.1274218580740177e-03 | 1
 13, 19 |   4.5375228056141765e-03 |   4.5375228056141765e-03 | 1
 13, 20 |   1.3986221867337062e-03 |   1.3986221867337062e-03 | 1
 13, 21 |   4.2674106990211172e-03 |   4.2674106990211172e-03 | 1
 13, 22 |   2.9373064546595017e-03 |   2.9373064546595017e-03 | 1
 13, 23 |   2.6220671065827561e-03 |   2.6220671065827561e-03 | 1
 13, 24 |   8.8710910836299400e-04 |   8.8710910836299400e-04 | 1
 13, 25 |   2.2977133881264609e-03 |   2.2977133881264609e-03 | 1
 13, 26 |   3.9691086540494620e-03 |   3.9691086540494620e-03 | 1
 13, 27 |   4.2384837213055738e-03 |   4.2384837213055738e-03 | 1
 13, 28 |   8.1961040166176062e-04 |   8.1961040166176062e-04 | 1
 13, 29 |   3.2874393247193483e-03 |   3.2874393247193483e-03 | 1
 13, 30 |   6.1223972834842464e-04 |   6.1223972834842464e-04 | 1
 13, 31 |   1.5512484962752382e-03 |   1.5512484962752382e-03 | 1
 13, 32 |   1.8486516724871053e-03 |   1.8486516724871053e-03 | 1
 13, 33 |   2.0373888448229346e-02 |   2.0373888448229346e-02 | 1
 13, 34 |   9.2746211996527338e-04 |   9.2746211996527338e-04 | 1
 13, 35 |   1.5594431727584126e-03 |   1.5594431727584126e-03 | 1
 13, 36 |  -1.8896749227079591e-03 |  -1.8896749227079591e-03 | 1
 14,  1 |   7.4079957609762305e-04 |   7.4079957609762305e-04 | 1
 14,  2 |   9.6382740304518555e-04 |   9.6382740304518555e-04 | 1
 14,  3 |   2.0585562108114911e-03 |   2.0585562108114911e-03 | 1
 14,  4 |   7.6331479580330690e-04 |   7.6331479580330690e-04 | 1
 14,  5 |   1.7508687948146161e-03 |   1.7508687948146161e-03 | 1
 14,  6 |  -3.1223257480743617e-05 |  -3.1223257480743617e-05 | 1
 14,  7 |  -1.3587619704786857e-03 |  -1.3587619704786857e-03 | 1
 14,  8 |   1.3745196375135828e-03 |   1.3745196375135828e-03 | 1
 14,  9 |   3.2293584042669297e-03 |   3.2293584042669297e-03 | 1
 14, 10 |   2.1106941517498711e-03 |   2.1106941517498711e-03 | 1
 14, 11 |   1.8498001621312919e-03 |   1.8498001621312919e-03 | 1
 14, 12 |   1.1924888320769631e-03 |   1.1924888320769631e-03 | 1
 14, 13 |   2.6199983157627988e-03 |   2.6199983157627988e-03 | 1
 14, 14 |   6.9166248846998348e-03 |   6.9166248846998348e-03 | 1
 14, 15 |   1.2122803737873481e-03 |   1.2122803737873481e-03 | 1
 14, 16 |   1.0910988766843978e-03 |   1.0910988766843978e-03 | 1
 14, 17 |   1.7259723766928651e-03 |   1.7259723766928651e-03 | 1
 14, 18 |   1.8833579360777496e-03 |   1.8833579360777496e-03 | 1
 14, 19 |   2.3676992851074576e-03 |   2.3676992851074576e-03 | 1
 14, 20 |   7.7776067632977057e-04 |   7.7776067632977057e-04 | 1
 14, 21 |   3.3345536801257097e-03 |   3.3345536801257097e-03 | 1
 14, 22 |   4.5262780855640661e-03 |   4.5262780855640661e-03 | 1
 14, 23 |   1.7938891717709420e-03 |   1.7938891717709420e-03 | 1
 14, 24 |   4.7707646618935762e-04 |   4.7707646618935762e-04 | 1
 14, 25 |   1.2926963933813233e-03 |   1.2926963933813233e-03 | 1
 14, 26 |   2.0129536897640914e-03 |   2.0129536897640914e-03 | 1
 14, 27 |   1.9886417194388707e-03 |   1.9886417194388707e-03 | 1
 14, 28 |   7.5592599539742969e-05 |   7.5592599539742969e-05 | 1
 14, 29 |   2.7093369623995061e-03 |   2.7093369623995061e-03 | 1
 14, 30 |   2.0620579662792145e-04 |   2.0620579662792145e-04 | 1
 14, 31 |   3.2139666324693065e-03 |   3.2139666324693065e-03 | 1
 14, 32 |  -5.9787341948080563e-04 |  -5.9787341948080563e-04 | 1
 14, 33 |   1.0519302321181855e-02 |   1.0519302321181855e-02 | 1
 14, 34 |   1.2929065846974414e-03 |   1.2929065846974414e-03 | 1
 14, 35 |   8.9058252241072449e-04 |   8.9058252241072449e-04 | 1
 14, 36 |   9.7541723456017848e-04 |   9.7541723456017848e-04 | 1
 15,  1 |   9.4095817976936247e-04 |   9.4095817976936247e-04 | 1
 15,  2 |   2.0074727375768694e-04 |   2.0074727375768694e-04 | 1
 15,  3 |   1.0883204108437139e-03 |   1.0883204108437139e-03 | 1
 15,  4 |   6.9116918180719771e-04 |   6.9116918180719771e-04 | 1
 15,  5 |   1.5400472240291875e-03 |   1.5400472240291875e-03 | 1
 15,  6 |   6.3189880938535614e-04 |   6.3189880938535614e-04 | 1
 15,  7 |   1.5528123861850152e-03 |   1.5528123861850152e-03 | 1
 15,  8 |   1.1135447294968958e-03 |   1.1135447294968958e-03 | 1
 15,  9 |   2.9800330309969836e-03 |   2.9800330309969836e-03 | 1
 15, 10 |   7.1761882937093451e-04 |   7.1761882937093451e-04 | 1
 15, 11 |   1.5436239062292659e-03 |   1.5436239062292659e-03 | 1
 15, 12 |   4.0019149930105714e-04 |   4.0019149930105714e-04 | 1
 15, 13 |   3.0702493073165235e-03 |   3.0702493073165235e-03 | 1
 15, 14 |   1.2122803737873481e-03 |   1.2122803737873481e-03 | 1
 15, 15 |   2.9968141373170015e-03 |   2.9968141373170015e-03 | 1
 15, 16 |   1.4121603243519723e-03 |   1.4121603243519723e-03 | 1
 15, 17 |   1.6821523928396663e-03 |   1.6821523928396663e-03 | 1
 15, 18 |   1.4508999342910328e-03 |   1.4508999342910328e-03 | 1
 15, 19 |   2.7732574907650093e-03 |   2.7732574907650093e-03 | 1
 15, 20 |   1.2606318533205972e-03 |   1.2606318533205972e-03 | 1
 15, 21 |   3.2036724947473614e-03 |   3.2036724947473614e-03 | 1
 15, 22 |   2.1714567015147556e-03 |   2.1714567015147556e-03 | 1
 15, 23 |   1.1789298442299002e-03 |   1.1789298442299002e-03 | 1
 15, 24 |   3.5898672894863951e-04 |   3.5898672894863951e-04 | 1
 15, 25 |   1.0355696746540085e-03 |   1.0355696746540085e-03 | 1
 15, 26 |   1.7375248523689693e-03 |   1.7375248523689693e-03 | 1
 15, 27 |   2.3640619317848617e-03 |   2.3640619317848617e-03 | 1
 15, 28 |   1.3452902857883189e-03 |   1.3452902857883189e-03 | 1
 15, 29 |   1.7542394317433358e-03 |   1.7542394317433358e-03 | 1
 15, 30 |   8.2735017832949388e-04 |   8.2735017832949388e-04 | 1
 15, 31 |   6.8014148900425440e-04 |   6.8014148900425440e-04 | 1
 15, 32 |   6.0896207029404587e-04 |   6.0896207029404587e-04 | 1
 15, 33 |   1.1128566562555422e-02 |   1.1128566562555422e-02 | 1
 15, 34 |   7.5567459149550927e-04 |   7.5567459149550927e-04 | 1
 15, 35 |   9.4957412824147333e-04 |   9.4957412824147333e-04 | 1
 15, 36 |  -5.1387711486905333e-04 |  -5.1387711486905333e-04 | 1
 16,  1 |   4.8183852548872085e-04 |   4.8183852548872085e-04 | 1
 16,  2 |   4.0176053918402298e-04 |   4.0176053918402298e-04 | 1
 16,  3 |   7.5739383160336991e-04 |   7.5739383160336991e-04 | 1
 16,  4 |   4.5809846300960352e-04 |   4.5809846300960352e-04 | 1
 16,  5 |   5.9126209501952497e-04 |   5.9126209501952497e-04 | 1
 16,  6 |   6.8930869009727969e-04 |   6.8930869009727969e-04 | 1
 16,  7 |   1.3735254181860401e-03 |   1.3735254181860401e-03 | 1
 16,  8 |   8.2563394496780072e-04 |   8.2563394496780072e-04 | 1
 16,  9 |   2.0176533258948956e-03 |   2.0176533258948956e-03 | 1
 16, 10 |   7.0136605699401403e-04 |   7.0136605699401403e-04 | 1
 16, 11 |   1.0610130098654901e-03 |   1.0610130098654901e-03 | 1
 16, 12 |   5.3319608044599936e-04 |   5.3319608044599936e-04 | 1
 16, 13 |   1.6464722002433744e-03 |   1.6464722002433744e-03 | 1
 16, 14 |   1.0910988766843978e-03 |   1.0910988766843978e-03 | 1
 16, 15 |   1.4121603243519723e-03 |   1.4121603243519723e-03 | 1
 16, 16 |   1.2387199082213502e-03 |   1.2387199082213502e-03 | 1
 16, 17 |   9.9829038797399905e-04 |   9.9829038797399905e-04 | 1
 16, 18 |   1.0809008708362383e-03 |   1.0809008708362383e-03 | 1
 16, 19 |   1.5467059499569562e-03 |   1.5467059499569562e-03 | 1
 16, 20 |   5.7163769201451432e-04 |   5.7163769201451432e-04 | 1
 16, 21 |   2.6347299000737375e-03 |   2.6347299000737375e-03 | 1
 16, 22 |   1.4656291711041623e-03 |   1.4656291711041623e-03 | 1
 16, 23 |   1.7223620330563338e-03 |   1.7223620330563338e-03 | 1
 16, 24 |   3.6497892197826941e-04 |   3.6497892197826941e-04 | 1
 16, 25 |   7.2187044399021016e-04 |   7.2187044399021016e-04 | 1
 16, 26 |   1.0272323396663989e-05 |   1.0272323396663989e-05 | 1
 16, 27 |   1.1508123821203859e-03 |   1.1508123821203859e-03 | 1
 16, 28 |   6.5381956488831617e-04 |   6.5381956488831617e-04 | 1
 16, 29 |   1.3454479701291624e-03 |   1.3454479701291624e-03 | 1
 16, 30 |   7.4153889571225396e-04 |   7.4153889571225396e-04 | 1
 16, 31 |   8.8287485789045167e-04 |   8.8287485789045167e-04 | 1
 16, 32 |   5.0950492412157021e-05 |   5.0950492412157021e-05 | 1
 16, 33 |   6.1628826884634526e-03 |   6.1628826884634526e-03 | 1
 16, 34 |   6.8874849886680365e-04 |   6.8874849886680365e-04 | 1
 16, 35 |   6.4080480449218535e-04 |   6.4080480449218535e-04 | 1
 16, 36 |   1.1868994734186443e-04 |   1.1868994734186443e-04 | 1
 17,  1 |   8.0907208497988802e-04 |   8.0907208497988802e-04 | 1
 17,  2 |  -7.2785126547587773e-05 |  -7.2785126547587773e-05 | 1
 17,  3 |   1.2010258838353427e-03 |   1.2010258838353427e-03 | 1
 17,  4 |   7.1642786482292633e-04 |   7.1642786482292633e-04 | 1
 17,  5 |   1.7094859361759950e-03 |   1.7094859361759950e-03 | 1
 17,  6 |  -2.1405483005626559e-04 |  -2.1405483005626559e-04 | 1
 17,  7 |   7.2229684056821560e-04 |   7.2229684056821560e-04 | 1
 17,  8 |   1.0761585051774214e-03 |   1.0761585051774214e-03 | 1
 17,  9 |   3.0729629286939198e-03 |   3.0729629286939198e-03 | 1
 17, 10 |   1.7043909283065788e-03 |   1.7043909283065788e-03 | 1
 17, 11 |   1.6038754957273405e-03 |   1.6038754957273405e-03 | 1
 17, 12 |   5.6036850383872519e-04 |   5.6036850383872519e-04 | 1
 17, 13 |   2.8574473362396650e-03 |   2.8574473362396650e-03 | 1
 17, 14 |   1.7259723766928651e-03 |   1.7259723766928651e-03 | 1
 17, 15 |   1.6821523928396663e-03 |   1.6821523928396663e-03 | 1
 17, 16 |   9.9829038797399905e-04 |   9.9829038797399905e-04 | 1
 17, 17 |   1.9716087578669759e-03 |   1.9716087578669759e-03 | 1
 17, 18 |   1.7856511214593669e-03 |   1.7856511214593669e-03 | 1
 17, 19 |   2.8385423198844686e-03 |   2.8385423198844686e-03 | 1
 17, 20 |   9.6728432918474533e-04 |   9.6728432918474533e-04 | 1
 17, 21 |   2.9238647237829476e-03 |   2.9238647237829476e-03 | 1
 17, 22 |   1.9766959448010327e-03 |   1.9766959448010327e-03 | 1
 17, 23 |   8.2866491535004555e-05 |   8.2866491535004555e-05 | 1
 17, 24 |   6.6062950028499511e-04 |   6.6062950028499511e-04 | 1
 17, 25 |   1.6621293745646432e-03 |   1.6621293745646432e-03 | 1
 17, 26 |   2.3379384930575925e-03 |   2.3379384930575925e-03 | 1
 17, 27 |   2.5084926355111352e-03 |   2.5084926355111352e-03 | 1
 17, 28 |   4.9424587273440637e-04 |   4.9424587273440637e-04 | 1
 17, 29 |   1.5851358625323113e-03 |   1.5851358625323113e-03 | 1
 17, 30 |   4.7867851724956161e-04 |   4.7867851724956161e-04 | 1
 17, 31 |   1.6136667564988032e-03 |   1.6136667564988032e-03 | 1
 17, 32 |   8.4971171406317205e-04 |   8.4971171406317205e-04 | 1
 17, 33 |   1.3768250434510285e-02 |   1.3768250434510285e-02 | 1
 17, 34 |   6.9771291186662590e-04 |   6.9771291186662590e-04 | 1
 17, 35 |   9.0003233169425696e-04 |   9.0003233169425696e-04 | 1
 17, 36 |  -7.5964604463390930e-04 |  -7.5964604463390930e-04 | 1
 18,  1 |   7.7079877876665604e-04 |   7.7079877876665604e-04 | 1
 18,  2 |   3.1698492772534910e-04 |   3.1698492772534910e-04 | 1
 18,  3 |   1.3228996095823774e-03 |   1.3228996095823774e-03 | 1
 18,  4 |   3.8752611940878930e-04 |   3.8752611940878930e-04 | 1
 18,  5 |   1.1925183011876311e-03 |   1.1925183011876311e-03 | 1
 18,  6 |   5.6563368981970067e-04 |   5.6563368981970067e-04 | 1
 18,  7 |   1.1451924471299782e-03 |   1.1451924471299782e-03 | 1
 18,  8 |   1.1018993308440780e-03 |   1.1018993308440780e-03 | 1
 18,  9 |   3.2479131460134763e-03 |   3.2479131460134763e-03 | 1
 18, 10 |   1.0801255666658771e-03 |   1.0801255666658771e-03 | 1
 18, 11 |   1.5809633510610352e-03 |   1.5809633510610352e-03 | 1
 18, 12 |   1.3463818480743900e-03 |   1.3463818480743900e-03 | 1
 18, 13 |   2.1274218580740177e-03 |   2.1274218580740177e-03 | 1
 18, 14 |   1.8833579360777496e-03 |   1.8833579360777496e-03 | 1
 18, 15 |   1.4508999342910328e-03 |   1.4508999342910328e-03 | 1
 18, 16 |   1.0809008708362383e-03 |   1.0809008708362383e-03 | 1
 18, 17 |   1.7856511214593669e-03 |   1.7856511214593669e-03 | 1
 18, 18 |   2.5773549097968061e-03 |   2.5773549097968061e-03 | 1
 18, 19 |   2.6699676335252328e-03 |   2.6699676335252328e-03 | 1
 18, 20 |   1.4434334035242813e-03 |   1.4434334035242813e-03 | 1
 18, 21 |   3.0903444888540606e-03 |   3.0903444888540606e-03 | 1
 18, 22 |   2.0947554062824688e-03 |   2.0947554062824688e-03 | 1
 18, 23 |  -1.4617904275792330e-03 |  -1.4617904275792330e-03 | 1
 18, 24 |   9.4803241229880308e-04 |   9.4803241229880308e-04 | 1
 18, 25 |   1.4884255635325555e-03 |   1.4884255635325555e-03 | 1
 18, 26 |   8.1445974605435199e-04 |   8.1445974605435199e-04 | 1
 18, 27 |   1.5631330536692166e-03 |   1.5631330536692166e-03 | 1
 18, 28 |   7.3153969205331246e-04 |   7.3153969205331246e-04 | 1
 18, 29 |   1.2473956915769048e-03 |   1.2473956915769048e-03 | 1
 18, 30 |   1.3100385719663310e-03 |   1.3100385719663310e-03 | 1
 18, 31 |   2.5067289591265687e-03 |   2.5067289591265687e-03 | 1
 18, 32 |  -2.8985518453553350e-04 |  -2.8985518453553350e-04 | 1
 18, 33 |   1.3588382514683431e-02 |   1.3588382514683431e-02 | 1
 18, 34 |   1.0384333052265034e-03 |   1.0384333052265034e-03 | 1
 18, 35 |   7.6947054054508760e-04 |   7.6947054054508760e-04 | 1
 18, 36 |   3.0813383834409953e-04 |   3.0813383834409953e-04 | 1
 19,  1 |   1.1100835753138382e-03 |   1.1100835753138382e-03 | 1
 19,  2 |  -1.5988822456409145e-04 |  -1.5988822456409145e-04 | 1
 19,  3 |   1.7112678635043646e-03 |   1.7112678635043646e-03 | 1
 19,  4 |   1.1404117109629461e-03 |   1.1404117109629461e-03 | 1
 19,  5 |   2.8310174983156564e-03 |   2.8310174983156564e-03 | 1
 19,  6 |   3.5582304783003061e-05 |   3.5582304783003061e-05 | 1
 19,  7 |   1.0481525851094770e-03 |   1.0481525851094770e-03 | 1
 19,  8 |   1.5271575093369744e-03 |   1.5271575093369744e-03 | 1
 19,  9 |   4.6105838808520603e-03 |   4.6105838808520603e-03 | 1
 19, 10 |   2.3627324096041000e-03 |   2.3627324096041000e-03 | 1
 19, 11 |   2.4974384753460935e-03 |   2.4974384753460935e-03 | 1
 19, 12 |   9.5143905157163834e-04 |   9.5143905157163834e-04 | 1
 19, 13 |   4.5375228056141765e-03 |   4.5375228056141765e-03 | 1
 19, 14 |   2.3676992851074576e-03 |   2.3676992851074576e-03 | 1
 19, 15 |   2.7732574907650093e-03 |   2.7732574907650093e-03 | 1
 19, 16 |   1.5467059499569562e-03 |   1.5467059499569562e-03 | 1
 19, 17 |   2.8385423198844686e-03 |   2.8385423198844686e-03 | 1
 19, 18 |   2.6699676335252328e-03 |   2.6699676335252328e-03 | 1
 19, 19 |   4.8690972562435517e-03 |   4.8690972562435517e-03 | 1
 19, 20 |   1.6575414339861266e-03 |   1.6575414339861266e-03 | 1
 19, 21 |   4.2940558609663856e-03 |   4.2940558609663856e-03 | 1
 19, 22 |   3.0269377310259988e-03 |   3.0269377310259988e-03 | 1
 19, 23 |   9.9166914319270176e-04 |   9.9166914319270176e-04 | 1
 19, 24 |   1.1815699412764131e-03 |   1.1815699412764131e-03 | 1
 19, 25 |   2.6398543708603950e-03 |   2.6398543708603950e-03 | 1
 19, 26 |   4.1506844217744157e-03 |   4.1506844217744157e-03 | 1
 19, 27 |   4.0073126617810526e-03 |   4.0073126617810526e-03 | 1
 19, 28 |   1.0089399910157369e-03 |   1.0089399910157369e-03 | 1
 19, 29 |   2.7170951815775118e-03 |   2.7170951815775118e-03 | 1
 19, 30 |   9.8405109158580394e-04 |   9.8405109158580394e-04 | 1
 19, 31 |   2.4845070073983852e-03 |   2.4845070073983852e-03 | 1
 19, 32 |   1.8793856128298402e-03 |   1.8793856128298402e-03 | 1
 19, 33 |   1.9849386323806874e-02 |   1.9849386323806874e-02 | 1
 19, 34 |   1.0532975483319507e-03 |   1.0532975483319507e-03 | 1
 19, 35 |   1.4822489326614952e-03 |   1.4822489326614952e-03 | 1
 19, 36 |  -1.7903486194364516e-03 |  -1.7903486194364516e-03 | 1
 20,  1 |   6.0439088556804685e-04 |   6.0439088556804685e-04 | 1
 20,  2 |   1.5465554703817855e-04 |   1.5465554703817855e-04 | 1
 20,  3 |   6.8307190749154539e-04 |   6.8307190749154539e-04 | 1
 20,  4 |   2.1907467751104183e-04 |   2.1907467751104183e-04 | 1
 20,  5 |   5.2409771662763197e-04 |   5.2409771662763197e-04 | 1
 20,  6 |   4.7449180618199514e-04 |   4.7449180618199514e-04 | 1
 20,  7 |   8.3805978505821304e-04 |   8.3805978505821304e-04 | 1
 20,  8 |   5.5933565429062211e-04 |   5.5933565429062211e-04 | 1
 20,  9 |   1.8982175517850159e-03 |   1.8982175517850159e-03 | 1
 20, 10 |   4.7192326249143708e-04 |   4.7192326249143708e-04 | 1
 20, 11 |   9.2539585721777764e-04 |   9.2539585721777764e-04 | 1
 20, 12 |   7.6698240674398293e-04 |   7.6698240674398293e-04 | 1
 20, 13 |   1.3986221867337062e-03 |   1.3986221867337062e-03 | 1
 20, 14 |   7.7776067632977057e-04 |   7.7776067632977057e-04 | 1
 20, 15 |   1.2606318533205972e-03 |   1.2606318533205972e-03 | 1
 20, 16 |   5.7163769201451432e-04 |   5.7163769201451432e-04 | 1
 20, 17 |   9.6728432918474533e-04 |   9.6728432918474533e-04 | 1
 20, 18 |   1.4434334035242813e-03 |   1.4434334035242813e-03 | 1
 20, 19 |   1.6575414339861266e-03 |   1.6575414339861266e-03 | 1
 20, 20 |   1.2057094629253796e-03 |   1.2057094629253796e-03 | 1
 20, 21 |   1.7954615151977056e-03 |   1.7954615151977056e-03 | 1
 20, 22 |   1.4521342349891435e-03 |   1.4521342349891435e-03 | 1
 20, 23 |  -8.0268002869854772e-04 |  -8.0268002869854772e-04 | 1
 20, 24 |   4.1328029118079142e-04 |   4.1328029118079142e-04 | 1
 20, 25 |   5.7159631826838816e-04 |   5.7159631826838816e-04 | 1
 20, 26 |   4.2461764911470374e-04 |   4.2461764911470374e-04 | 1
 20, 27 |   1.0020683777852341e-03 |   1.0020683777852341e-03 | 1
 20, 28 |   8.3305430641586887e-04 |   8.3305430641586887e-04 | 1
 20, 29 |   5.1488934971362084e-04 |   5.1488934971362084e-04 | 1
 20, 30 |   7.1731531951946129e-04 |   7.1731531951946129e-04 | 1
 20, 31 |   1.5597594898810177e-03 |   1.5597594898810177e-03 | 1
 20, 32 |  -1.8828862992036877e-04 |  -1.8828862992036877e-04 | 1
 20, 33 |   8.3707416925042875e-03 |   8.3707416925042875e-03 | 1
 20, 34 |   5.8357709440036345e-04 |   5.8357709440036345e-04 | 1
 20, 35 |   4.9124353576043812e-04 |   4.9124353576043812e-04 | 1
 20, 36 |   2.2251691097041927e-04 |   2.2251691097041927e-04 | 1
 21,  1 |   6.8853415730925046e-04 |   6.8853415730925046e-04 | 1
 21,  2 |   5.2805502375614553e-04 |   5.2805502375614553e-04 | 1
 21,  3 |   2.4575909020606956e-03 |   2.4575909020606956e-03 | 1
 21,  4 |   1.4658108917220800e-03 |   1.4658108917220800e-03 | 1
 21,  5 |   2.4295987839191308e-03 |   2.4295987839191308e-03 | 1
 21,  6 |   1.0235307779386488e-03 |   1.0235307779386488e-03 | 1
 21,  7 |   3.0967171646085140e-03 |   3.0967171646085140e-03 | 1
 21,  8 |   2.4346329598437405e-03 |   2.4346329598437405e-03 | 1
 21,  9 |   4.5059960472130095e-03 |   4.5059960472130095e-03 | 1
 21, 10 |   2.3900787604191568e-03 |   2.3900787604191568e-03 | 1
 21, 11 |   2.9351984722599950e-03 |   2.9351984722599950e-03 | 1
 21, 12 |   1.8908718858846290e-03 |   1.8908718858846290e-03 | 1
 21, 13 |   4.2674106990211172e-03 |   4.2674106990211172e-03 | 1
 21, 14 |   3.3345536801257097e-03 |   3.3345536801257097e-03 | 1
 21, 15 |   3.2036724947473614e-03 |   3.2036724947473614e-03 | 1
 21, 16 |   2.6347299000737375e-03 |   2.6347299000737375e-03 | 1
 21, 17 |   2.9238647237829476e-03 |   2.9238647237829476e-03 | 1
 21, 18 |   3.0903444888540606e-03 |   3.0903444888540606e-03 | 1
 21, 19 |   4.2940558609663856e-03 |   4.2940558609663856e-03 | 1
 21, 20 |   1.7954615151977056e-03 |   1.7954615151977056e-03 | 1
 21, 21 |   8.8909921542612951e-03 |   8.8909921542612951e-03 | 1
 21, 22 |   4.1298602760109042e-03 |   4.1298602760109042e-03 | 1
 21, 23 |   7.2758457299432016e-04 |   7.2758457299432016e-04 | 1
 21, 24 |  -4.5187757229651812e-05 |  -4.5187757229651812e-05 | 1
 21, 25 |   1.2308707571393371e-03 |   1.2308707571393371e-03 | 1
 21, 26 |   2.2208869208599391e-03 |   2.2208869208599391e-03 | 1
 21, 27 |   3.8804769290773609e-03 |   3.8804769290773609e-03 | 1
 21, 28 |   1.2647104828134212e-03 |   1.2647104828134212e-03 | 1
 21, 29 |   3.7930910642227831e-04 |   3.7930910642227831e-04 | 1
 21, 30 |   1.3624922644953161e-04 |   1.3624922644953161e-04 | 1
 21, 31 |   2.1636640785889557e-03 |   2.1636640785889557e-03 | 1
 21, 32 |   1.2386511178519655e-03 |   1.2386511178519655e-03 | 1
 21, 33 |   1.9212416528035271e-02 |   1.9212416528035271e-02 | 1
 21, 34 |   1.5707172513558818e-03 |   1.5707172513558818e-03 | 1
 21, 35 |   1.5088028438561161e-03 |   1.5088028438561161e-03 | 1
 21, 36 |   3.9799901443903017e-04 |   3.9799901443903017e-04 | 1
 22,  1 |   6.7160263515722303e-04 |   6.7160263515722303e-04 | 1
 22,  2 |   1.6764270213768017e-03 |   1.6764270213768017e-03 | 1
 22,  3 |   1.5922503097155650e-03 |   1.5922503097155650e-03 | 1
 22,  4 |   9.1686898592553473e-04 |   9.1686898592553473e-04 | 1
 22,  5 |   1.2622505362004507e-03 |   1.2622505362004507e-03 | 1
 22,  6 |   4.6931326241738585e-04 |   4.6931326241738585e-04 | 1
 22,  7 |  -2.5948472292619930e-03 |  -2.5948472292619930e-03 | 1
 22,  8 |   9.9933439270594952e-04 |   9.9933439270594952e-04 | 1
 22,  9 |   3.1786447612733464e-03 |   3.1786447612733464e-03 | 1
 22, 10 |   1.7786634894375380e-03 |   1.7786634894375380e-03 | 1
 22, 11 |   2.0202930309728088e-03 |   2.0202930309728088e-03 | 1
 22, 12 |   1.7506097505494210e-03 |   1.7506097505494210e-03 | 1
 22, 13 |   2.9373064546595017e-03 |   2.9373064546595017e-03 | 1
 22, 14 |   4.5262780855640661e-03 |   4.5262780855640661e-03 | 1
 22, 15 |   2.1714567015147556e-03 |   2.1714567015147556e-03 | 1
 22, 16 |   1.4656291711041623e-03 |   1.4656291711041623e-03 | 1
 22, 17 |   1.9766959448010327e-03 |   1.9766959448010327e-03 | 1
 22, 18 |   2.0947554062824688e-03 |   2.0947554062824688e-03 | 1
 22, 19 |   3.0269377310259988e-03 |   3.0269377310259988e-03 | 1
 22, 20 |   1.4521342349891435e-03 |   1.4521342349891435e-03 | 1
 22, 21 |   4.1298602760109042e-03 |   4.1298602760109042e-03 | 1
 22, 22 |   7.4050254089909149e-03 |   7.4050254089909149e-03 | 1
 22, 23 |   1.3067219770141524e-03 |   1.3067219770141524e-03 | 1
 22, 24 |   5.1598417917531219e-05 |   5.1598417917531219e-05 | 1
 22, 25 |   1.6379114727448213e-03 |   1.6379114727448213e-03 | 1
 22, 26 |   1.5067778332417713e-03 |   1.5067778332417713e-03 | 1
 22, 27 |   1.8456577488846337e-03 |   1.8456577488846337e-03 | 1
 22, 28 |   1.6304400543805712e-03 |   1.6304400543805712e-03 | 1
 22, 29 |   2.3189937639015606e-03 |   2.3189937639015606e-03 | 1
 22, 30 |  -1.6605874702187450e-04 |  -1.6605874702187450e-04 | 1
 22, 31 |   4.6338929549674581e-03 |   4.6338929549674581e-03 | 1
 22, 32 |  -2.0674925884636248e-03 |  -2.0674925884636248e-03 | 1
 22, 33 |   1.0114804660777438e-02 |   1.0114804660777438e-02 | 1
 22, 34 |   1.3514330901797452e-03 |   1.3514330901797452e-03 | 1
 22, 35 |   7.9384006373262267e-04 |   7.9384006373262267e-04 | 1
 22, 36 |   2.8418479552019056e-03 |   2.8418479552019056e-03 | 1
 23,  1 |   1.1547164926035917e-03 |   1.1547164926035917e-03 | 1
 23,  2 |   9.4708998433928581e-05 |   9.4708998433928581e-05 | 1
 23,  3 |  -1.0971549463668910e-03 |  -1.0971549463668910e-03 | 1
 23,  4 |   1.1747471279011169e-03 |   1.1747471279011169e-03 | 1
 23,  5 |   6.6843077434951379e-04 |   6.6843077434951379e-04 | 1
 23,  6 |   3.2401111573454513e-04 |   3.2401111573454513e-04 | 1
 23,  7 |   1.2341718681291134e-03 |   1.2341718681291134e-03 | 1
 23,  8 |   5.7504536661543467e-04 |   5.7504536661543467e-04 | 1
 23,  9 |   1.4730991942104817e-03 |   1.4730991942104817e-03 | 1
 23, 10 |   2.2209409052881958e-03 |   2.2209409052881958e-03 | 1
 23, 11 |   7.3267854527185486e-04 |   7.3267854527185486e-04 | 1
 23, 12 |  -1.5798409505670978e-03 |  -1.5798409505670978e-03 | 1
 23, 13 |   2.6220671065827561e-03 |   2.6220671065827561e-03 | 1
 23, 14 |   1.7938891717709420e-03 |   1.7938891717709420e-03 | 1
 23, 15 |   1.1789298442299002e-03 |   1.1789298442299002e-03 | 1
 23, 16 |   1.7223620330563338e-03 |   1.7223620330563338e-03 | 1
 23, 17 |   8.2866491535004555e-05 |   8.2866491535004555e-05 | 1
 23, 18 |  -1.4617904275792330e-03 |  -1.4617904275792330e-03 | 1
 23, 19 |   9.9166914319270176e-04 |   9.9166914319270176e-04 | 1
 23, 20 |  -8.0268002869854772e-04 |  -8.0268002869854772e-04 | 1
 23, 21 |   7.2758457299432016e-04 |   7.2758457299432016e-04 | 1
 23, 22 |   1.3067219770141524e-03 |   1.3067219770141524e-03 | 1
 23, 23 |   1.8712488591867544e-02 |   1.8712488591867544e-02 | 1
 23, 24 |   3.1752112558025385e-04 |   3.1752112558025385e-04 | 1
 23, 25 |  -1.8521625101988004e-03 |  -1.8521625101988004e-03 | 1
 23, 26 |   1.7304423805618104e-03 |   1.7304423805618104e-03 | 1
 23, 27 |   1.1700253811735538e-03 |   1.1700253811735538e-03 | 1
 23, 28 |   5.7278104433440514e-04 |   5.7278104433440514e-04 | 1
 23, 29 |   5.7789738485248526e-03 |   5.7789738485248526e-03 | 1
 23, 30 |  -6.5453721547131626e-05 |  -6.5453721547131626e-05 | 1
 23, 31 |  -2.6134886847609503e-04 |  -2.6134886847609503e-04 | 1
 23, 32 |   1.7931869792742051e-03 |   1.7931869792742051e-03 | 1
 23, 33 |  -3.6683850228875603e-04 |  -3.6683850228875603e-04 | 1
 23, 34 |   2.9882147082966022e-05 |   2.9882147082966022e-05 | 1
 23, 35 |   9.5285381955514926e-04 |   9.5285381955514926e-04 | 1
 23, 36 |  -2.0419961570555438e-03 |  -2.0419961570555438e-03 | 1
 24,  1 |   6.9240770796364726e-04 |   6.9240770796364726e-04 | 1
 24,  2 |  -3.6878147344728874e-06 |  -3.6878147344728874e-06 | 1
 24,  3 |   3.5785394163142923e-04 |   3.5785394163142923e-04 | 1
 24,  4 |   9.2168028643705953e-05 |   9.2168028643705953e-05 | 1
 24,  5 |   3.3541704996008784e-04 |   3.3541704996008784e-04 | 1
 24,  6 |   2.3663145251359556e-04 |   2.3663145251359556e-04 | 1
 24,  7 |   5.9026207975137763e-04 |   5.9026207975137763e-04 | 1
 24,  8 |   2.8669078707002735e-04 |   2.8669078707002735e-04 | 1
 24,  9 |   1.6072032726386644e-03 |   1.6072032726386644e-03 | 1
 24, 10 |   4.7537034153548351e-04 |   4.7537034153548351e-04 | 1
 24, 11 |   6.0218906716398395e-04 |   6.0218906716398395e-04 | 1
 24, 12 |   4.0965954644592631e-04 |   4.0965954644592631e-04 | 1
 24, 13 |   8.8710910836299400e-04 |   8.8710910836299400e-04 | 1
 24, 14 |   4.7707646618935762e-04 |   4.7707646618935762e-04 | 1
 24, 15 |   3.5898672894863951e-04 |   3.5898672894863951e-04 | 1
 24, 16 |   3.6497892197826941e-04 |   3.6497892197826941e-04 | 1
 24, 17 |   6.6062950028499511e-04 |   6.6062950028499511e-04 | 1
 24, 18 |   9.4803241229880308e-04 |   9.4803241229880308e-04 | 1
 24, 19 |   1.1815699412764131e-03 |   1.1815699412764131e-03 | 1
 24, 20 |   4.1328029118079142e-04 |   4.1328029118079142e-04 | 1
 24, 21 |  -4.5187757229651812e-05 |  -4.5187757229651812e-05 | 1
 24, 22 |   5.1598417917531219e-05 |   5.1598417917531219e-05 | 1
 24, 23 |   3.1752112558025385e-04 |   3.1752112558025385e-04 | 1
 24, 24 |   1.0757849836798934e-03 |   1.0757849836798934e-03 | 1
 24, 25 |   1.1900942356146838e-03 |   1.1900942356146838e-03 | 1
 24, 26 |   3.0587552555122065e-04 |   3.0587552555122065e-04 | 1
 24, 27 |   6.8372506646714227e-04 |   6.8372506646714227e-04 | 1
 24, 28 |   1.0006655724935219e-04 |   1.0006655724935219e-04 | 1
 24, 29 |   1.6759359140953059e-03 |   1.6759359140953059e-03 | 1
 24, 30 |   1.2642224165195907e-03 |   1.2642224165195907e-03 | 1
 24, 31 |   1.2602803375355463e-03 |   1.2602803375355463e-03 | 1
 24, 32 |   9.6348032530484010e-05 |   9.6348032530484010e-05 | 1
 24, 33 |   5.7393249447231752e-03 |   5.7393249447231752e-03 | 1
 24, 34 |   4.2300120961791119e-04 |   4.2300120961791119e-04 | 1
 24, 35 |   5.2556757586189593e-04 |   5.2556757586189593e-04 | 1
 24, 36 |  -7.4697957614044931e-04 |  -7.4697957614044931e-04 | 1
 25,  1 |   2.0626000221244946e-04 |   2.0626000221244946e-04 | 1
 25,  2 |   8.5723130659698751e-06 |   8.5723130659698751e-06 | 1
 25,  3 |   1.3110695177270088e-03 |   1.3110695177270088e-03 | 1
 25,  4 |   4.7291152612223303e-04 |   4.7291152612223303e-04 | 1
 25,  5 |   8.4504709139939221e-04 |   8.4504709139939221e-04 | 1
 25,  6 |  -2.2591100548040359e-04 |  -2.2591100548040359e-04 | 1
 25,  7 |  -4.5460360134207668e-05 |  -4.5460360134207668e-05 | 1
 25,  8 |   6.2277275699160542e-04 |   6.2277275699160542e-04 | 1
 25,  9 |   2.7935899346693649e-03 |   2.7935899346693649e-03 | 1
 25, 10 |   1.4468250170281698e-03 |   1.4468250170281698e-03 | 1
 25, 11 |   1.3240374527436975e-03 |   1.3240374527436975e-03 | 1
 25, 12 |   2.2274012397567578e-04 |   2.2274012397567578e-04 | 1
 25, 13 |   2.2977133881264609e-03 |   2.2977133881264609e-03 | 1
 25, 14 |   1.2926963933813233e-03 |   1.2926963933813233e-03 | 1
 25, 15 |   1.0355696746540085e-03 |   1.0355696746540085e-03 | 1
 25, 16 |   7.2187044399021016e-04 |   7.2187044399021016e-04 | 1
 25, 17 |   1.6621293745646432e-03 |   1.6621293745646432e-03 | 1
 25, 18 |   1.4884255635325555e-03 |   1.4884255635325555e-03 | 1
 25, 19 |   2.6398543708603950e-03 |   2.6398543708603950e-03 | 1
 25, 20 |   5.7159631826838816e-04 |   5.7159631826838816e-04 | 1
 25, 21 |   1.2308707571393371e-03 |   1.2308707571393371e-03 | 1
 25, 22 |   1.6379114727448213e-03 |   1.6379114727448213e-03 | 1
 25, 23 |  -1.8521625101988004e-03 |  -1.8521625101988004e-03 | 1
 25, 24 |   1.1900942356146838e-03 |   1.1900942356146838e-03 | 1
 25, 25 |   3.4593770314022159e-03 |   3.4593770314022159e-03 | 1
 25, 26 |   8.6620766165385662e-04 |   8.6620766165385662e-04 | 1
 25, 27 |   2.2181183563829854e-03 |   2.2181183563829854e-03 | 1
 25, 28 |   3.2690972660234297e-04 |   3.2690972660234297e-04 | 1
 25, 29 |   2.0626020387019828e-03 |   2.0626020387019828e-03 | 1
 25, 30 |   1.0295348490855093e-03 |   1.0295348490855093e-03 | 1
 25, 31 |   2.3554830934762829e-03 |   2.3554830934762829e-03 | 1
 25, 32 |   8.8390763075612308e-04 |   8.8390763075612308e-04 | 1
 25, 33 |   9.9520440565320691e-03 |   9.9520440565320691e-03 | 1
 25, 34 |   6.8640025248130365e-04 |   6.8640025248130365e-04 | 1
 25, 35 |   7.8325131994434402e-04 |   7.8325131994434402e-04 | 1
 25, 36 |  -1.1910950829532160e-03 |  -1.1910950829532160e-03 | 1
 26,  1 |   1.1304985436182578e-03 |   1.1304985436182578e-03 | 1
 26,  2 |  -1.1878627557036555e-03 |  -1.1878627557036555e-03 | 1
 26,  3 |   7.6802994940539473e-04 |   7.6802994940539473e-04 | 1
 26,  4 |   1.4877609498973345e-03 |   1.4877609498973345e-03 | 1
 26,  5 |   5.0912274520578697e-03 |   5.0912274520578697e-03 | 1
 26,  6 |  -1.6622511205003636e-03 |  -1.6622511205003636e-03 | 1
 26,  7 |  -1.8428709008815650e-03 |  -1.8428709008815650e-03 | 1
 26,  8 |   1.1168452876908451e-03 |   1.1168452876908451e-03 | 1
 26,  9 |   1.8081955386673103e-03 |   1.8081955386673103e-03 | 1
 26, 10 |   2.1351690085230374e-03 |   2.1351690085230374e-03 | 1
 26, 11 |   1.6993815580597588e-03 |   1.6993815580597588e-03 | 1
 26, 12 |   4.3719771513180984e-04 |   4.3719771513180984e-04 | 1
 26, 13 |   3.9691086540494620e-03 |   3.9691086540494620e-03 | 1
 26, 14 |   2.0129536897640914e-03 |   2.0129536897640914e-03 | 1
 26, 15 |   1.7375248523689693e-03 |   1.7375248523689693e-03 | 1
 26, 16 |   1.0272323396663989e-05 |   1.0272323396663989e-05 | 1
 26, 17 |   2.3379384930575925e-03 |   2.3379384930575925e-03 | 1
 26, 18 |   8.1445974605435199e-04 |   8.1445974605435199e-04 | 1
 26, 19 |   4.1506844217744157e-03 |   4.1506844217744157e-03 | 1
 26, 20 |   4.2461764911470374e-04 |   4.2461764911470374e-04 | 1
 26, 21 |   2.2208869208599391e-03 |   2.2208869208599391e-03 | 1
 26, 22 |   1.5067778332417713e-03 |   1.5067778332417713e-03 | 1
 26, 23 |   1.7304423805618104e-03 |   1.7304423805618104e-03 | 1
 26, 24 |   3.0587552555122065e-04 |   3.0587552555122065e-04 | 1
 26, 25 |   8.6620766165385662e-04 |   8.6620766165385662e-04 | 1
 26, 26 |   1.0616401528423320e-02 |   1.0616401528423320e-02 | 1
 26, 27 |   4.6805708910562377e-03 |   4.6805708910562377e-03 | 1
 26, 28 |  -3.8194086937604771e-04 |  -3.8194086937604771e-04 | 1
 26, 29 |   1.2388871538502790e-03 |   1.2388871538502790e-03 | 1
 26, 30 |  -1.3951794228324846e-03 |  -1.3951794228324846e-03 | 1
 26, 31 |  -3.6679612120255002e-04 |  -3.6679612120255002e-04 | 1
 26, 32 |   3.9391543275513231e-03 |   3.9391543275513231e-03 | 1
 26, 33 |   1.5168507365981847e-02 |   1.5168507365981847e-02 | 1
 26, 34 |  -1.7813970734106594e-04 |  -1.7813970734106594e-04 | 1
 26, 35 |   1.1931926894388251e-03 |   1.1931926894388251e-03 | 1
 26, 36 |  -3.6689369867745998e-03 |  -3.6689369867745998e-03 | 1
 27,  1 |   1.0854166831687126e-03 |   1.0854166831687126e-03 | 1
 27,  2 |  -6.1171755910072905e-04 |  -6.1171755910072905e-04 | 1
 27,  3 |   1.5540149193125621e-03 |   1.5540149193125621e-03 | 1
 27,  4 |   1.2854795224742136e-03 |   1.2854795224742136e-03 | 1
 27,  5 |   2.6605314353153890e-03 |   2.6605314353153890e-03 | 1
 27,  6 |  -5.8363265888342107e-04 |  -5.8363265888342107e-04 | 1
 27,  7 |   1.2108877123734472e-03 |   1.2108877123734472e-03 | 1
 27,  8 |   1.4283919138931909e-03 |   1.4283919138931909e-03 | 1
 27,  9 |   3.6050517173532430e-03 |   3.6050517173532430e-03 | 1
 27, 10 |   2.5294848215103973e-03 |   2.5294848215103973e-03 | 1
 27, 11 |   2.1552373412165810e-03 |   2.1552373412165810e-03 | 1
 27, 12 |   3.1652848850538453e-04 |   3.1652848850538453e-04 | 1
 27, 13 |   4.2384837213055738e-03 |   4.2384837213055738e-03 | 1
 27, 14 |   1.9886417194388707e-03 |   1.9886417194388707e-03 | 1
 27, 15 |   2.3640619317848617e-03 |   2.3640619317848617e-03 | 1
 27, 16 |   1.1508123821203859e-03 |   1.1508123821203859e-03 | 1
 27, 17 |   2.5084926355111352e-03 |   2.5084926355111352e-03 | 1
 27, 18 |   1.5631330536692166e-03 |   1.5631330536692166e-03 | 1
 27, 19 |   4.0073126617810526e-03 |   4.0073126617810526e-03 | 1
 27, 20 |   1.0020683777852341e-03 |   1.0020683777852341e-03 | 1
 27, 21 |   3.8804769290773609e-03 |   3.8804769290773609e-03 | 1
 27, 22 |   1.8456577488846337e-03 |   1.8456577488846337e-03 | 1
 27, 23 |   1.1700253811735538e-03 |   1.1700253811735538e-03 | 1
 27, 24 |   6.8372506646714227e-04 |   6.8372506646714227e-04 | 1
 27, 25 |   2.2181183563829854e-03 |   2.2181183563829854e-03 | 1
 27, 26 |   4.6805708910562377e-03 |   4.6805708910562377e-03 | 1
 27, 27 |   4.4022765104909638e-03 |   4.4022765104909638e-03 | 1
 27, 28 |   4.2837856016843598e-04 |   4.2837856016843598e-04 | 1
 27, 29 |   1.8055448586686736e-03 |   1.8055448586686736e-03 | 1
 27, 30 |   1.7612931448424836e-05 |   1.7612931448424836e-05 | 1
 27, 31 |   1.3011270828212089e-03 |   1.3011270828212089e-03 | 1
 27, 32 |   2.8731950062026658e-03 |   2.8731950062026658e-03 | 1
 27, 33 |   1.7551280420963711e-02 |   1.7551280420963711e-02 | 1
 27, 34 |   6.3796774407413783e-04 |   6.3796774407413783e-04 | 1
 27, 35 |   1.4875959624845237e-03 |   1.4875959624845237e-03 | 1
 27, 36 |  -2.6008592948000013e-03 |  -2.6008592948000013e-03 | 1
 28,  1 |  -2.2282983288717201e-05 |  -2.2282983288717201e-05 | 1
 28,  2 |   3.4302453230933565e-04 |   3.4302453230933565e-04 | 1
 28,  3 |   3.7378406934223562e-04 |   3.7378406934223562e-04 | 1
 28,  4 |   2.6194230446759310e-04 |   2.6194230446759310e-04 | 1
 28,  5 |  -6.6817869535554814e-05 |  -6.6817869535554814e-05 | 1
 28,  6 |   9.4229137455971359e-04 |   9.4229137455971359e-04 | 1
 28,  7 |   7.1388485731089418e-04 |   7.1388485731089418e-04 | 1
 28,  8 |   4.9612016684388795e-04 |   4.9612016684388795e-04 | 1
 28,  9 |   9.6229181039375958e-04 |   9.6229181039375958e-04 | 1
 28, 10 |  -2.2767351207767552e-04 |  -2.2767351207767552e-04 | 1
 28, 11 |   5.4788583021712824e-04 |   5.4788583021712824e-04 | 1
 28, 12 |   2.2887482441541029e-04 |   2.2887482441541029e-04 | 1
 28, 13 |   8.1961040166176062e-04 |   8.1961040166176062e-04 | 1
 28, 14 |   7.5592599539742969e-05 |   7.5592599539742969e-05 | 1
 28, 15 |   1.3452902857883189e-03 |   1.3452902857883189e-03 | 1
 28, 16 |   6.5381956488831617e-04 |   6.5381956488831617e-04 | 1
 28, 17 |   4.9424587273440637e-04 |   4.9424587273440637e-04 | 1
 28, 18 |   7.3153969205331246e-04 |   7.3153969205331246e-04 | 1
 28, 19 |   1.0089399910157369e-03 |   1.0089399910157369e-03 | 1
 28, 20 |   8.3305430641586887e-04 |   8.3305430641586887e-04 | 1
 28, 21 |   1.2647104828134212e-03 |   1.2647104828134212e-03 | 1
 28, 22 |   1.6304400543805712e-03 |   1.6304400543805712e-03 | 1
 28, 23 |   5.7278104433440514e-04 |   5.7278104433440514e-04 | 1
 28, 24 |   1.0006655724935219e-04 |   1.0006655724935219e-04 | 1
 28, 25 |   3.2690972660234297e-04 |   3.2690972660234297e-04 | 1
 28, 26 |  -3.8194086937604771e-04 |  -3.8194086937604771e-04 | 1
 28, 27 |   4.2837856016843598e-04 |   4.2837856016843598e-04 | 1
 28, 28 |   1.3167665303460360e-03 |   1.3167665303460360e-03 | 1
 28, 29 |   3.6921554574686837e-04 |   3.6921554574686837e-04 | 1
 28, 30 |   4.9153490647560970e-04 |   4.9153490647560970e-04 | 1
 28, 31 |   1.4510653095803111e-03 |   1.4510653095803111e-03 | 1
 28, 32 |  -1.7974063863211858e-04 |  -1.7974063863211858e-04 | 1
 28, 33 |   2.4986551207875178e-03 |   2.4986551207875178e-03 | 1
 28, 34 |   4.0947289762119875e-04 |   4.0947289762119875e-04 | 1
 28, 35 |   1.9459072890936052e-04 |   1.9459072890936052e-04 | 1
 28, 36 |   4.8698085828417266e-04 |   4.8698085828417266e-04 | 1
 29,  1 |   1.8363980490315292e-03 |   1.8363980490315292e-03 | 1
 29,  2 |   5.0867060837448568e-04 |   5.0867060837448568e-04 | 1
 29,  3 |   5.7931637265623245e-04 |   5.7931637265623245e-04 | 1
 29,  4 |   4.5613227959915469e-04 |   4.5613227959915469e-04 | 1
 29,  5 |   1.2748905601010999e-03 |   1.2748905601010999e-03 | 1
 29,  6 |  -1.4693676403221634e-04 |  -1.4693676403221634e-04 | 1
 29,  7 |  -2.1408374930877828e-04 |  -2.1408374930877828e-04 | 1
 29,  8 |   4.6799916494995330e-04 |   4.6799916494995330e-04 | 1
 29,  9 |   4.0042251595105230e-03 |   4.0042251595105230e-03 | 1
 29, 10 |   1.9745788930097185e-03 |   1.9745788930097185e-03 | 1
 29, 11 |   1.4972606754459282e-03 |   1.4972606754459282e-03 | 1
 29, 12 |   1.2319230371070833e-04 |   1.2319230371070833e-04 | 1
 29, 13 |   3.2874393247193483e-03 |   3.2874393247193483e-03 | 1
 29, 14 |   2.7093369623995061e-03 |   2.7093369623995061e-03 | 1
 29, 15 |   1.7542394317433358e-03 |   1.7542394317433358e-03 | 1
 29, 16 |   1.3454479701291624e-03 |   1.3454479701291624e-03 | 1
 29, 17 |   1.5851358625323113e-03 |   1.5851358625323113e-03 | 1
 29, 18 |   1.2473956915769048e-03 |   1.2473956915769048e-03 | 1
 29, 19 |   2.7170951815775118e-03 |   2.7170951815775118e-03 | 1
 29, 20 |   5.1488934971362084e-04 |   5.1488934971362084e-04 | 1
 29, 21 |   3.7930910642227831e-04 |   3.7930910642227831e-04 | 1
 29, 22 |   2.3189937639015606e-03 |   2.3189937639015606e-03 | 1
 29, 23 |   5.7789738485248526e-03 |   5.7789738485248526e-03 | 1
 29, 24 |   1.6759359140953059e-03 |   1.6759359140953059e-03 | 1
 29, 25 |   2.0626020387019828e-03 |   2.0626020387019828e-03 | 1
 29, 26 |   1.2388871538502790e-03 |   1.2388871538502790e-03 | 1
 29, 27 |   1.8055448586686736e-03 |   1.8055448586686736e-03 | 1
 29, 28 |   3.6921554574686837e-04 |   3.6921554574686837e-04 | 1
 29, 29 |   5.7873699599243237e-03 |   5.7873699599243237e-03 | 1
 29, 30 |   1.9057992894105625e-03 |   1.9057992894105625e-03 | 1
 29, 31 |   1.7250559242683238e-03 |   1.7250559242683238e-03 | 1
 29, 32 |  -4.4912808331252000e-04 |  -4.4912808331252000e-04 | 1
 29, 33 |   1.1337520309133483e-02 |   1.1337520309133483e-02 | 1
 29, 34 |   8.7726955414974971e-04 |   8.7726955414974971e-04 | 1
 29, 35 |   1.2013859027655085e-03 |   1.2013859027655085e-03 | 1
 29, 36 |  -9.4030336068832163e-04 |  -9.4030336068832163e-04 | 1
 30,  1 |   8.4594416664528845e-04 |   8.4594416664528845e-04 | 1
 30,  2 |   3.5201045112955237e-04 |   3.5201045112955237e-04 | 1
 30,  3 |   4.0088137018185865e-04 |   4.0088137018185865e-04 | 1
 30,  4 |  -1.7831442895012672e-04 |  -1.7831442895012672e-04 | 1
 30,  5 |  -1.6339773915341590e-04 |  -1.6339773915341590e-04 | 1
 30,  6 |   1.0487689940988565e-03 |   1.0487689940988565e-03 | 1
 30,  7 |   1.6153348168923194e-03 |   1.6153348168923194e-03 | 1
 30,  8 |   3.2462780793273858e-04 |   3.2462780793273858e-04 | 1
 30,  9 |   1.9447128641639701e-03 |   1.9447128641639701e-03 | 1
 30, 10 |  -2.6320820636585400e-04 |  -2.6320820636585400e-04 | 1
 30, 11 |   5.7317216036916765e-04 |   5.7317216036916765e-04 | 1
 30, 12 |   7.0298508108915182e-04 |   7.0298508108915182e-04 | 1
 30, 13 |   6.1223972834842464e-04 |   6.1223972834842464e-04 | 1
 30, 14 |   2.0620579662792145e-04 |   2.0620579662792145e-04 | 1
 30, 15 |   8.2735017832949388e-04 |   8.2735017832949388e-04 | 1
 30, 16 |   7.4153889571225396e-04 |   7.4153889571225396e-04 | 1
 30, 17 |   4.7867851724956161e-04 |   4.7867851724956161e-04 | 1
 30, 18 |   1.3100385719663310e-03 |   1.3100385719663310e-03 | 1
 30, 19 |   9.8405109158580394e-04 |   9.8405109158580394e-04 | 1
 30, 20 |   7.1731531951946129e-04 |   7.1731531951946129e-04 | 1
 30, 21 |   1.3624922644953161e-04 |   1.3624922644953161e-04 | 1
 30, 22 |  -1.6605874702187450e-04 |  -1.6605874702187450e-04 | 1
 30, 23 |  -6.5453721547131626e-05 |  -6.5453721547131626e-05 | 1
 30, 24 |   1.2642224165195907e-03 |   1.2642224165195907e-03 | 1
 30, 25 |   1.0295348490855093e-03 |   1.0295348490855093e-03 | 1
 30, 26 |  -1.3951794228324846e-03 |  -1.3951794228324846e-03 | 1
 30, 27 |   1.7612931448424836e-05 |   1.7612931448424836e-05 | 1
 30, 28 |   4.9153490647560970e-04 |   4.9153490647560970e-04 | 1
 30, 29 |   1.9057992894105625e-03 |   1.9057992894105625e-03 | 1
 30, 30 |   2.2008316058884751e-03 |   2.2008316058884751e-03 | 1
 30, 31 |   1.1125300745858399e-03 |   1.1125300745858399e-03 | 1
 30, 32 |  -7.9580572600366876e-04 |  -7.9580572600366876e-04 | 1
 30, 33 |   4.9503662217243215e-03 |   4.9503662217243215e-03 | 1
 30, 34 |   6.9741326086938536e-04 |   6.9741326086938536e-04 | 1
 30, 35 |   5.1928448468911790e-04 |   5.1928448468911790e-04 | 1
 30, 36 |  -8.6299997668438119e-05 |  -8.6299997668438119e-05 | 1
 31,  1 |   4.5452397851479038e-04 |   4.5452397851479038e-04 | 1
 31,  2 |   9.5754189586846677e-04 |   9.5754189586846677e-04 | 1
 31,  3 |   1.5273687880921958e-03 |   1.5273687880921958e-03 | 1
 31,  4 |   6.6792291227254033e-04 |   6.6792291227254033e-04 | 1
 31,  5 |  -2.4906243541236684e-04 |  -2.4906243541236684e-04 | 1
 31,  6 |   1.0423263587209385e-03 |   1.0423263587209385e-03 | 1
 31,  7 |  -5.7126477911462149e-04 |  -5.7126477911462149e-04 | 1
 31,  8 |   1.1019840839202734e-03 |   1.1019840839202734e-03 | 1
 31,  9 |   3.0075063299650879e-03 |   3.0075063299650879e-03 | 1
 31, 10 |   1.4320616344917104e-03 |   1.4320616344917104e-03 | 1
 31, 11 |   1.6999841824394608e-03 |   1.6999841824394608e-03 | 1
 31, 12 |   1.6310001044901614e-03 |   1.6310001044901614e-03 | 1
 31, 13 |   1.5512484962752382e-03 |   1.5512484962752382e-03 | 1
 31, 14 |   3.2139666324693065e-03 |   3.2139666324693065e-03 | 1
 31, 15 |   6.8014148900425440e-04 |   6.8014148900425440e-04 | 1
 31, 16 |   8.8287485789045167e-04 |   8.8287485789045167e-04 | 1
 31, 17 |   1.6136667564988032e-03 |   1.6136667564988032e-03 | 1
 31, 18 |   2.5067289591265687e-03 |   2.5067289591265687e-03 | 1
 31, 19 |   2.4845070073983852e-03 |   2.4845070073983852e-03 | 1
 31, 20 |   1.5597594898810177e-03 |   1.5597594898810177e-03 | 1
 31, 21 |   2.1636640785889557e-03 |   2.1636640785889557e-03 | 1
 31, 22 |   4.6338929549674581e-03 |   4.6338929549674581e-03 | 1
 31, 23 |  -2.6134886847609503e-04 |  -2.6134886847609503e-04 | 1
 31, 24 |   1.2602803375355463e-03 |   1.2602803375355463e-03 | 1
 31, 25 |   2.3554830934762829e-03 |   2.3554830934762829e-03 | 1
 31, 26 |  -3.6679612120255002e-04 |  -3.6679612120255002e-04 | 1
 31, 27 |   1.3011270828212089e-03 |   1.3011270828212089e-03 | 1
 31, 28 |   1.4510653095803111e-03 |   1.4510653095803111e-03 | 1
 31, 29 |   1.7250559242683238e-03 |   1.7250559242683238e-03 | 1
 31, 30 |   1.1125300745858399e-03 |   1.1125300745858399e-03 | 1
 31, 31 |   6.6750060217963770e-03 |   6.6750060217963770e-03 | 1
 31, 32 |  -1.0661238619598121e-03 |  -1.0661238619598121e-03 | 1
 31, 33 |   1.0811936277823182e-02 |   1.0811936277823182e-02 | 1
 31, 34 |   1.3657492960808945e-03 |   1.3657492960808945e-03 | 1
 31, 35 |   8.0274394029312285e-04 |   8.0274394029312285e-04 | 1
 31, 36 |   1.3709629757720763e-03 |   1.3709629757720763e-03 | 1
 32,  1 |  -7.8898534613032847e-04 |  -7.8898534613032847e-04 | 1
 32,  2 |  -1.7154529037112704e-03 |  -1.7154529037112704e-03 | 1
 32,  3 |   4.4414072233113256e-04 |   4.4414072233113256e-04 | 1
 32,  4 |   9.0808210263828063e-04 |   9.0808210263828063e-04 | 1
 32,  5 |   1.7134062897167348e-03 |   1.7134062897167348e-03 | 1
 32,  6 |  -6.4655492537978596e-04 |  -6.4655492537978596e-04 | 1
 32,  7 |   2.0227265993461060e-03 |   2.0227265993461060e-03 | 1
 32,  8 |   8.8607082583512173e-04 |   8.8607082583512173e-04 | 1
 32,  9 |   3.8067719558489415e-04 |   3.8067719558489415e-04 | 1
 32, 10 |   1.1374651043720772e-03 |   1.1374651043720772e-03 | 1
 32, 11 |   5.8408220402010461e-04 |   5.8408220402010461e-04 | 1
 32, 12 |  -1.4328541085506456e-03 |  -1.4328541085506456e-03 | 1
 32, 13 |   1.8486516724871053e-03 |   1.8486516724871053e-03 | 1
 32, 14 |  -5.9787341948080563e-04 |  -5.9787341948080563e-04 | 1
 32, 15 |   6.0896207029404587e-04 |   6.0896207029404587e-04 | 1
 32, 16 |   5.0950492412157021e-05 |   5.0950492412157021e-05 | 1
 32, 17 |   8.4971171406317205e-04 |   8.4971171406317205e-04 | 1
 32, 18 |  -2.8985518453553350e-04 |  -2.8985518453553350e-04 | 1
 32, 19 |   1.8793856128298402e-03 |   1.8793856128298402e-03 | 1
 32, 20 |  -1.8828862992036877e-04 |  -1.8828862992036877e-04 | 1
 32, 21 |   1.2386511178519655e-03 |   1.2386511178519655e-03 | 1
 32, 22 |  -2.0674925884636248e-03 |  -2.0674925884636248e-03 | 1
 32, 23 |   1.7931869792742051e-03 |   1.7931869792742051e-03 | 1
 32, 24 |   9.6348032530484010e-05 |   9.6348032530484010e-05 | 1
 32, 25 |   8.8390763075612308e-04 |   8.8390763075612308e-04 | 1
 32, 26 |   3.9391543275513231e-03 |   3.9391543275513231e-03 | 1
 32, 27 |   2.8731950062026658e-03 |   2.8731950062026658e-03 | 1
 32, 28 |  -1.7974063863211858e-04 |  -1.7974063863211858e-04 | 1
 32, 29 |  -4.4912808331252000e-04 |  -4.4912808331252000e-04 | 1
 32, 30 |  -7.9580572600366876e-04 |  -7.9580572600366876e-04 | 1
 32, 31 |  -1.0661238619598121e-03 |  -1.0661238619598121e-03 | 1
 32, 32 |   5.0956916981424938e-03 |   5.0956916981424938e-03 | 1
 32, 33 |   5.2107222043621254e-03 |   5.2107222043621254e-03 | 1
 32, 34 |  -4.7516498161663458e-04 |  -4.7516498161663458e-04 | 1
 32, 35 |   4.6211763330129845e-04 |   4.6211763330129845e-04 | 1
 32, 36 |  -4.4203184238134231e-03 |  -4.4203184238134231e-03 | 1
 33,  1 |   8.7713387198263305e-03 |   8.7713387198263305e-03 | 1
 33,  2 |  -1.6427160576661271e-03 |  -1.6427160576661271e-03 | 1
 33,  3 |   7.6324873107154172e-03 |   7.6324873107154172e-03 | 1
 33,  4 |   4.1644067349814202e-03 |   4.1644067349814202e-03 | 1
 33,  5 |   1.1127825372655931e-02 |   1.1127825372655931e-02 | 1
 33,  6 |  -2.3838004672540620e-03 |  -2.3838004672540620e-03 | 1
 33,  7 |   8.3062886849554589e-03 |   8.3062886849554589e-03 | 1
 33,  8 |   6.7397369025172333e-03 |   6.7397369025172333e-03 | 1
 33,  9 |   2.3543637139476145e-02 |   2.3543637139476145e-02 | 1
 33, 10 |   1.3181792220158337e-02 |   1.3181792220158337e-02 | 1
 33, 11 |   1.1297733720018681e-02 |   1.1297733720018681e-02 | 1
 33, 12 |   4.7971679614945582e-03 |   4.7971679614945582e-03 | 1
 33, 13 |   2.0373888448229346e-02 |   2.0373888448229346e-02 | 1
 33, 14 |   1.0519302321181855e-02 |   1.0519302321181855e-02 | 1
 33, 15 |   1.1128566562555422e-02 |   1.1128566562555422e-02 | 1
 33, 16 |   6.1628826884634526e-03 |   6.1628826884634526e-03 | 1
 33, 17 |   1.3768250434510285e-02 |   1.3768250434510285e-02 | 1
 33, 18 |   1.3588382514683431e-02 |   1.3588382514683431e-02 | 1
 33, 19 |   1.9849386323806874e-02 |   1.9849386323806874e-02 | 1
 33, 20 |   8.3707416925042875e-03 |   8.3707416925042875e-03 | 1
 33, 21 |   1.9212416528035271e-02 |   1.9212416528035271e-02 | 1
 33, 22 |   1.0114804660777438e-02 |   1.0114804660777438e-02 | 1
 33, 23 |  -3.6683850228875603e-04 |  -3.6683850228875603e-04 | 1
 33, 24 |   5.7393249447231752e-03 |   5.7393249447231752e-03 | 1
 33, 25 |   9.9520440565320691e-03 |   9.9520440565320691e-03 | 1
 33, 26 |   1.5168507365981847e-02 |   1.5168507365981847e-02 | 1
 33, 27 |   1.7551280420963711e-02 |   1.7551280420963711e-02 | 1
 33, 28 |   2.4986551207875178e-03 |   2.4986551207875178e-03 | 1
 33, 29 |   1.1337520309133483e-02 |   1.1337520309133483e-02 | 1
 33, 30 |   4.9503662217243215e-03 |   4.9503662217243215e-03 | 1
 33, 31 |   1.0811936277823182e-02 |   1.0811936277823182e-02 | 1
 33, 32 |   5.2107222043621254e-03 |   5.2107222043621254e-03 | 1
 33, 33 |   1.1209556213990884e-01 |   1.1209556213990884e-01 | 1
 33, 34 |   4.9275156938159877e-03 |   4.9275156938159877e-03 | 1
 33, 35 |   7.1186896519084639e-03 |   7.1186896519084639e-03 | 1
 33, 36 |  -6.4643773023857192e-03 |  -6.4643773023857192e-03 | 1
 34,  1 |   4.6791295924425213e-04 |   4.6791295924425213e-04 | 1
 34,  2 |   4.2992183612032520e-04 |   4.2992183612032520e-04 | 1
 34,  3 |   6.8667404346051011e-04 |   6.8667404346051011e-04 | 1
 34,  4 |   2.1619192650129804e-04 |   2.1619192650129804e-04 | 1
 34,  5 |   2.6687534632437458e-04 |   2.6687534632437458e-04 | 1
 34,  6 |   5.1856022094912200e-04 |   5.1856022094912200e-04 | 1
 34,  7 |   5.2251433534719117e-04 |   5.2251433534719117e-04 | 1
 34,  8 |   5.2683014152991024e-04 |   5.2683014152991024e-04 | 1
 34,  9 |   1.5097002348831330e-03 |   1.5097002348831330e-03 | 1
 34, 10 |   4.4555129037108360e-04 |   4.4555129037108360e-04 | 1
 34, 11 |   7.7198321379218920e-04 |   7.7198321379218920e-04 | 1
 34, 12 |   7.4901922880396511e-04 |   7.4901922880396511e-04 | 1
 34, 13 |   9.2746211996527338e-04 |   9.2746211996527338e-04 | 1
 34, 14 |   1.2929065846974414e-03 |   1.2929065846974414e-03 | 1
 34, 15 |   7.5567459149550927e-04 |   7.5567459149550927e-04 | 1
 34, 16 |   6.8874849886680365e-04 |   6.8874849886680365e-04 | 1
 34, 17 |   6.9771291186662590e-04 |   6.9771291186662590e-04 | 1
 34, 18 |   1.0384333052265034e-03 |   1.0384333052265034e-03 | 1
 34, 19 |   1.0532975483319507e-03 |   1.0532975483319507e-03 | 1
 34, 20 |   5.8357709440036345e-04 |   5.8357709440036345e-04 | 1
 34, 21 |   1.5707172513558818e-03 |   1.5707172513558818e-03 | 1
 34, 22 |   1.3514330901797452e-03 |   1.3514330901797452e-03 | 1
 34, 23 |   2.9882147082966022e-05 |   2.9882147082966022e-05 | 1
 34, 24 |   4.2300120961791119e-04 |   4.2300120961791119e-04 | 1
 34, 25 |   6.8640025248130365e-04 |   6.8640025248130365e-04 | 1
 34, 26 |  -1.7813970734106594e-04 |  -1.7813970734106594e-04 | 1
 34, 27 |   6.3796774407413783e-04 |   6.3796774407413783e-04 | 1
 34, 28 |   4.0947289762119875e-04 |   4.0947289762119875e-04 | 1
 34, 29 |   8.7726955414974971e-04 |   8.7726955414974971e-04 | 1
 34, 30 |   6.9741326086938536e-04 |   6.9741326086938536e-04 | 1
 34, 31 |   1.3657492960808945e-03 |   1.3657492960808945e-03 | 1
 34, 32 |  -4.7516498161663458e-04 |  -4.7516498161663458e-04 | 1
 34, 33 |   4.9275156938159877e-03 |   4.9275156938159877e-03 | 1
 34, 34 |   6.1884863476941181e-04 |   6.1884863476941181e-04 | 1
 34, 35 |   4.5825399191538923e-04 |   4.5825399191538923e-04 | 1
 34, 36 |   4.8150640861433750e-04 |   4.8150640861433750e-04 | 1
 35,  1 |   8.9178245221150927e-04 |   8.9178245221150927e-04 | 1
 35,  2 |   3.9579695466090006e-05 |   3.9579695466090006e-05 | 1
 35,  3 |   5.7441405870872785e-04 |   5.7441405870872785e-04 | 1
 35,  4 |   4.2788873082743223e-04 |   4.2788873082743223e-04 | 1
 35,  5 |   7.6866310458920172e-04 |   7.6866310458920172e-04 | 1
 35,  6 |   1.1656026255754448e-04 |   1.1656026255754448e-04 | 1
 35,  7 |   7.4499902034347461e-04 |   7.4499902034347461e-04 | 1
 35,  8 |   5.2266824125105321e-04 |   5.2266824125105321e-04 | 1
 35,  9 |   1.7034775562806154e-03 |   1.7034775562806154e-03 | 1
 35, 10 |   8.9184338101410592e-04 |   8.9184338101410592e-04 | 1
 35, 11 |   9.1991044739181578e-04 |   9.1991044739181578e-04 | 1
 35, 12 |   5.5247818517044659e-04 |   5.5247818517044659e-04 | 1
 35, 13 |   1.5594431727584126e-03 |   1.5594431727584126e-03 | 1
 35, 14 |   8.9058252241072449e-04 |   8.9058252241072449e-04 | 1
 35, 15 |   9.4957412824147333e-04 |   9.4957412824147333e-04 | 1
 35, 16 |   6.4080480449218535e-04 |   6.4080480449218535e-04 | 1
 35, 17 |   9.0003233169425696e-04 |   9.0003233169425696e-04 | 1
 35, 18 |   7.6947054054508760e-04 |   7.6947054054508760e-04 | 1
 35, 19 |   1.4822489326614952e-03 |   1.4822489326614952e-03 | 1
 35, 20 |   4.9124353576043812e-04 |   4.9124353576043812e-04 | 1
 35, 21 |   1.5088028438561161e-03 |   1.5088028438561161e-03 | 1
 35, 22 |   7.9384006373262267e-04 |   7.9384006373262267e-04 | 1
 35, 23 |   9.5285381955514926e-04 |   9.5285381955514926e-04 | 1
 35, 24 |   5.2556757586189593e-04 |   5.2556757586189593e-04 | 1
 35, 25 |   7.8325131994434402e-04 |   7.8325131994434402e-04 | 1
 35, 26 |   1.1931926894388251e-03 |   1.1931926894388251e-03 | 1
 35, 27 |   1.4875959624845237e-03 |   1.4875959624845237e-03 | 1
 35, 28 |   1.9459072890936052e-04 |   1.9459072890936052e-04 | 1
 35, 29 |   1.2013859027655085e-03 |   1.2013859027655085e-03 | 1
 35, 30 |   5.1928448468911790e-04 |   5.1928448468911790e-04 | 1
 35, 31 |   8.0274394029312285e-04 |   8.0274394029312285e-04 | 1
 35, 32 |   4.6211763330129845e-04 |   4.6211763330129845e-04 | 1
 35, 33 |   7.1186896519084639e-03 |   7.1186896519084639e-03 | 1
 35, 34 |   4.5825399191538923e-04 |   4.5825399191538923e-04 | 1
 35, 35 |   7.7028935807343089e-04 |   7.7028935807343089e-04 | 1
 35, 36 |  -6.3534357227554555e-04 |  -6.3534357227554555e-04 | 1
 36,  1 |  -4.7751564389407860e-05 |  -4.7751564389407860e-05 | 1
 36,  2 |   1.7234231295460195e-03 |   1.7234231295460195e-03 | 1
 36,  3 |  -1.0563868272813399e-04 |  -1.0563868272813399e-04 | 1
 36,  4 |  -5.9429874385386776e-04 |  -5.9429874385386776e-04 | 1
 36,  5 |  -1.5897487502087751e-03 |  -1.5897487502087751e-03 | 1
 36,  6 |   8.7896625182830605e-04 |   8.7896625182830605e-04 | 1
 36,  7 |  -1.8480740263585754e-03 |  -1.8480740263585754e-03 | 1
 36,  8 |  -4.5217785428432709e-04 |  -4.5217785428432709e-04 | 1
 36,  9 |  -8.6203839677536655e-04 |  -8.6203839677536655e-04 | 1
 36, 10 |  -1.0993788476817046e-03 |  -1.0993788476817046e-03 | 1
 36, 11 |  -4.4652422039366990e-04 |  -4.4652422039366990e-04 | 1
 36, 12 |   1.4233868142629739e-03 |   1.4233868142629739e-03 | 1
 36, 13 |  -1.8896749227079591e-03 |  -1.8896749227079591e-03 | 1
 36, 14 |   9.7541723456017848e-04 |   9.7541723456017848e-04 | 1
 36, 15 |  -5.1387711486905333e-04 |  -5.1387711486905333e-04 | 1
 36, 16 |   1.1868994734186443e-04 |   1.1868994734186443e-04 | 1
 36, 17 |  -7.5964604463390930e-04 |  -7.5964604463390930e-04 | 1
 36, 18 |   3.0813383834409953e-04 |   3.0813383834409953e-04 | 1
 36, 19 |  -1.7903486194364516e-03 |  -1.7903486194364516e-03 | 1
 36, 20 |   2.2251691097041927e-04 |   2.2251691097041927e-04 | 1
 36, 21 |   3.9799901443903017e-04 |   3.9799901443903017e-04 | 1
 36, 22 |   2.8418479552019056e-03 |   2.8418479552019056e-03 | 1
 36, 23 |  -2.0419961570555438e-03 |  -2.0419961570555438e-03 | 1
 36, 24 |  -7.4697957614044931e-04 |  -7.4697957614044931e-04 | 1
 36, 25 |  -1.1910950829532160e-03 |  -1.1910950829532160e-03 | 1
 36, 26 |  -3.6689369867745998e-03 |  -3.6689369867745998e-03 | 1
 36, 27 |  -2.6008592948000013e-03 |  -2.6008592948000013e-03 | 1
 36, 28 |   4.8698085828417266e-04 |   4.8698085828417266e-04 | 1
 36, 29 |  -9.4030336068832163e-04 |  -9.4030336068832163e-04 | 1
 36, 30 |  -8.6299997668438119e-05 |  -8.6299997668438119e-05 | 1
 36, 31 |   1.3709629757720763e-03 |   1.3709629757720763e-03 | 1
 36, 32 |  -4.4203184238134231e-03 |  -4.4203184238134231e-03 | 1
 36, 33 |  -6.4643773023857192e-03 |  -6.4643773023857192e-03 | 1
 36, 34 |   4.8150640861433750e-04 |   4.8150640861433750e-04 | 1
 36, 35 |  -6.3534357227554555e-04 |  -6.3534357227554555e-04 | 1
 36, 36 |   4.7514117604910994e-03 |   4.7514117604910994e-03 | 1
