row,col | V_base                   | V_new                    | equal
  1,  1 |   5.0956916981422249e-03 |   5.0956916981422249e-03 | 1
  1,  2 |   4.2890811406673434e-04 |   4.2890811406673434e-04 | 1
  1,  3 |  -2.1032557501814782e-03 |  -2.1032557501814782e-03 | 1
  1,  4 |  -2.8933028374743793e-03 |  -2.8933028374743793e-03 | 1
  1,  5 |   2.2147217510271105e-03 |   2.2147217510271105e-03 | 1
  1,  6 |  -4.2489290213722532e-03 |  -4.2489290213722532e-03 | 1
  1,  7 |  -1.7914255019819297e-03 |  -1.7914255019819297e-03 | 1
  1,  8 |   9.2629614550956258e-04 |   9.2629614550956258e-04 | 1
  1,  9 |  -2.2391387552155879e-03 |  -2.2391387552155879e-03 | 1
  1, 10 |  -8.5887841273216061e-05 |  -8.5887841273216061e-05 | 1
  1, 11 |   5.0309416305399125e-03 |   5.0309416305399125e-03 | 1
  1, 12 |  -3.0490954515720887e-03 |  -3.0490954515720887e-03 | 1
  1, 13 |   2.8675175704622460e-03 |   2.8675175704622460e-03 | 1
  1, 14 |   2.1299883291165312e-05 |   2.1299883291165312e-05 | 1
  1, 15 |   7.5913154641222853e-04 |   7.5913154641222853e-04 | 1
  1, 16 |   3.9043763192410076e-04 |   3.9043763192410076e-04 | 1
  1, 17 |   2.6827726530821465e-03 |   2.6827726530821465e-03 | 1
  1, 18 |  -3.5848180629786757e-03 |  -3.5848180629786757e-03 | 1
  1, 19 |   1.5456138697863035e-03 |   1.5456138697863035e-03 | 1
  1, 20 |  -1.6028214993622654e-03 |  -1.6028214993622654e-03 | 1
  1, 21 |   7.3077199732346915e-03 |   7.3077199732346915e-03 | 1
  1, 22 |  -3.5901653447089656e-03 |  -3.5901653447089656e-03 | 1
  1, 23 |   9.7121201123408761e-04 |   9.7121201123408761e-04 | 1
  1, 24 |   1.6901219170757171e-04 |   1.6901219170757171e-04 | 1
  1, 25 |  -9.5906728403590946e-03 |  -9.5906728403590946e-03 | 1
  1, 26 |  -6.6673114307820086e-03 |  -6.6673114307820086e-03 | 1
  1, 27 |   1.4910061245543272e-03 |   1.4910061245543272e-03 | 1
  1, 28 |   4.2003298032818230e-03 |   4.2003298032818230e-03 | 1
  1, 29 |   3.6104699203601568e-03 |   3.6104699203601568e-03 | 1
  1, 30 |   4.4993232995614689e-03 |   4.4993232995614689e-03 | 1
  2,  1 |   4.2890811406673434e-04 |   4.2890811406673434e-04 | 1
  2,  2 |   4.2518224215981702e-03 |   4.2518224215981702e-03 | 1
  2,  3 |  -1.0903008082952404e-03 |  -1.0903008082952404e-03 | 1
  2,  4 |  -2.4857256828130685e-04 |  -2.4857256828130685e-04 | 1
  2,  5 |   1.1745517309928984e-03 |   1.1745517309928984e-03 | 1
  2,  6 |   1.1693964429315361e-03 |   1.1693964429315361e-03 | 1
  2,  7 |   5.4869337721016192e-04 |   5.4869337721016192e-04 | 1
  2,  8 |  -2.7344806198285609e-03 |  -2.7344806198285609e-03 | 1
  2,  9 |  -3.0096306927619321e-03 |  -3.0096306927619321e-03 | 1
  2, 10 |  -1.8574342030791200e-04 |  -1.8574342030791200e-04 | 1
  2, 11 |   1.5205670295057229e-04 |   1.5205670295057229e-04 | 1
  2, 12 |  -2.9354155327135515e-03 |  -2.9354155327135515e-03 | 1
  2, 13 |   3.9565365766356456e-03 |   3.9565365766356456e-03 | 1
  2, 14 |  -4.2197460698422442e-04 |  -4.2197460698422442e-04 | 1
  2, 15 |  -8.8363781019023136e-04 |  -8.8363781019023136e-04 | 1
  2, 16 |   2.0851996644142288e-03 |   2.0851996644142288e-03 | 1
  2, 17 |   1.2952618787158989e-03 |   1.2952618787158989e-03 | 1
  2, 18 |  -3.1394624841817593e-03 |  -3.1394624841817593e-03 | 1
  2, 19 |  -3.8436163138160331e-04 |  -3.8436163138160331e-04 | 1
  2, 20 |   7.4285095317731895e-06 |   7.4285095317731895e-06 | 1
  2, 21 |  -5.9929461614199354e-04 |  -5.9929461614199354e-04 | 1
  2, 22 |  -1.1805841003524909e-02 |  -1.1805841003524909e-02 | 1
  2, 23 |   9.6766554652993864e-05 |   9.6766554652993864e-05 | 1
  2, 24 |   5.0858841923328742e-03 |   5.0858841923328742e-03 | 1
  2, 25 |  -4.7645797612340200e-03 |  -4.7645797612340200e-03 | 1
  2, 26 |  -2.2125851641651810e-03 |  -2.2125851641651810e-03 | 1
  2, 27 |   2.8361541597383272e-04 |   2.8361541597383272e-04 | 1
  2, 28 |  -1.7961259001144916e-03 |  -1.7961259001144916e-03 | 1
  2, 29 |   9.3897407700931990e-04 |   9.3897407700931990e-04 | 1
  2, 30 |   1.3990389465081891e-03 |   1.3990389465081891e-03 | 1
  3,  1 |  -2.1032557501814782e-03 |  -2.1032557501814782e-03 | 1
  3,  2 |  -1.0903008082952404e-03 |  -1.0903008082952404e-03 | 1
  3,  3 |   1.9041393965701699e-03 |   1.9041393965701699e-03 | 1
  3,  4 |   1.6794522670692564e-03 |   1.6794522670692564e-03 | 1
  3,  5 |  -2.2561082662622936e-03 |  -2.2561082662622936e-03 | 1
  3,  6 |   4.5389283516299791e-04 |   4.5389283516299791e-04 | 1
  3,  7 |   1.1080733030648655e-03 |   1.1080733030648655e-03 | 1
  3,  8 |  -7.0612003988719226e-04 |  -7.0612003988719226e-04 | 1
  3,  9 |   2.7987010012122961e-03 |   2.7987010012122961e-03 | 1
  3, 10 |   3.7487290246041477e-05 |   3.7487290246041477e-05 | 1
  3, 11 |  -2.1076441774538018e-03 |  -2.1076441774538018e-03 | 1
  3, 12 |   1.6458028999740419e-03 |   1.6458028999740419e-03 | 1
  3, 13 |  -1.9137100174543573e-03 |  -1.9137100174543573e-03 | 1
  3, 14 |  -4.2306155473619380e-04 |  -4.2306155473619380e-04 | 1
  3, 15 |  -7.3408315095977177e-04 |  -7.3408315095977177e-04 | 1
  3, 16 |  -1.4432908943017752e-04 |  -1.4432908943017752e-04 | 1
  3, 17 |  -1.7593344545436202e-03 |  -1.7593344545436202e-03 | 1
  3, 18 |   1.1582112260765430e-03 |   1.1582112260765430e-03 | 1
  3, 19 |  -4.3567514154336140e-04 |  -4.3567514154336140e-04 | 1
  3, 20 |  -1.8435229708520728e-05 |  -1.8435229708520728e-05 | 1
  3, 21 |  -2.4544453510538375e-03 |  -2.4544453510538375e-03 | 1
  3, 22 |   3.0336880107004944e-03 |   3.0336880107004944e-03 | 1
  3, 23 |  -8.1592457336297915e-04 |  -8.1592457336297915e-04 | 1
  3, 24 |  -2.1643821505959383e-03 |  -2.1643821505959383e-03 | 1
  3, 25 |   7.3404939972620369e-03 |   7.3404939972620369e-03 | 1
  3, 26 |   3.7886322761915446e-03 |   3.7886322761915446e-03 | 1
  3, 27 |  -6.9304247868795499e-04 |  -6.9304247868795499e-04 | 1
  3, 28 |  -3.0132881477124111e-03 |  -3.0132881477124111e-03 | 1
  3, 29 |  -3.3376986452580111e-03 |  -3.3376986452580111e-03 | 1
  3, 30 |  -1.6438202933408744e-03 |  -1.6438202933408744e-03 | 1
  4,  1 |  -2.8933028374743793e-03 |  -2.8933028374743793e-03 | 1
  4,  2 |  -2.4857256828130685e-04 |  -2.4857256828130685e-04 | 1
  4,  3 |   1.6794522670692564e-03 |   1.6794522670692564e-03 | 1
  4,  4 |   1.5663846767393460e-02 |   1.5663846767393460e-02 | 1
  4,  5 |  -4.7403587369208517e-03 |  -4.7403587369208517e-03 | 1
  4,  6 |  -7.6725035567181601e-03 |  -7.6725035567181601e-03 | 1
  4,  7 |   1.4365079563682817e-04 |   1.4365079563682817e-04 | 1
  4,  8 |  -5.7263372235443902e-03 |  -5.7263372235443902e-03 | 1
  4,  9 |  -7.3330107417084883e-04 |  -7.3330107417084883e-04 | 1
  4, 10 |  -2.2793995744373088e-04 |  -2.2793995744373088e-04 | 1
  4, 11 |  -9.5983790803520807e-04 |  -9.5983790803520807e-04 | 1
  4, 12 |   3.0223388352683973e-03 |   3.0223388352683973e-03 | 1
  4, 13 |   2.0543764136267319e-04 |   2.0543764136267319e-04 | 1
  4, 14 |   1.5042748730773377e-03 |   1.5042748730773377e-03 | 1
  4, 15 |  -2.5940075476420452e-03 |  -2.5940075476420452e-03 | 1
  4, 16 |   3.3243473560431031e-03 |   3.3243473560431031e-03 | 1
  4, 17 |  -1.9862082505411487e-03 |  -1.9862082505411487e-03 | 1
  4, 18 |   2.7832672163925552e-03 |   2.7832672163925552e-03 | 1
  4, 19 |  -2.4687435668481767e-03 |  -2.4687435668481767e-03 | 1
  4, 20 |  -3.4134025518379333e-03 |  -3.4134025518379333e-03 | 1
  4, 21 |  -4.6333449329349378e-03 |  -4.6333449329349378e-03 | 1
  4, 22 |   2.8579248258304361e-03 |   2.8579248258304361e-03 | 1
  4, 23 |  -6.0613036175996571e-04 |  -6.0613036175996571e-04 | 1
  4, 24 |  -8.9867663546700405e-04 |  -8.9867663546700405e-04 | 1
  4, 25 |   2.8091419410181645e-02 |   2.8091419410181645e-02 | 1
  4, 26 |   4.1465312894275134e-03 |   4.1465312894275134e-03 | 1
  4, 27 |  -3.1106695171842407e-03 |  -3.1106695171842407e-03 | 1
  4, 28 |   1.2940583415712538e-03 |   1.2940583415712538e-03 | 1
  4, 29 |  -4.1092807014427163e-03 |  -4.1092807014427163e-03 | 1
  4, 30 |  -1.4557474451612051e-02 |  -1.4557474451612051e-02 | 1
  5,  1 |   2.2147217510271105e-03 |   2.2147217510271105e-03 | 1
  5,  2 |   1.1745517309928984e-03 |   1.1745517309928984e-03 | 1
  5,  3 |  -2.2561082662622936e-03 |  -2.2561082662622936e-03 | 1
  5,  4 |  -4.7403587369208517e-03 |  -4.7403587369208517e-03 | 1
  5,  5 |   1.0866231775569854e-02 |   1.0866231775569854e-02 | 1
  5,  6 |   1.2863174571987502e-02 |   1.2863174571987502e-02 | 1
  5,  7 |   1.1159048499863964e-03 |   1.1159048499863964e-03 | 1
  5,  8 |  -8.5650304118983518e-04 |  -8.5650304118983518e-04 | 1
  5,  9 |  -1.0240996908330559e-02 |  -1.0240996908330559e-02 | 1
  5, 10 |  -1.1422124061892801e-04 |  -1.1422124061892801e-04 | 1
  5, 11 |   4.4891456386067412e-03 |   4.4891456386067412e-03 | 1
  5, 12 |  -5.5889172186136052e-03 |  -5.5889172186136052e-03 | 1
  5, 13 |  -5.9618702872628760e-03 |  -5.9618702872628760e-03 | 1
  5, 14 |   3.4046021540755722e-03 |   3.4046021540755722e-03 | 1
  5, 15 |   2.4903155996568171e-03 |   2.4903155996568171e-03 | 1
  5, 16 |   3.4331626924382220e-05 |   3.4331626924382220e-05 | 1
  5, 17 |   4.4598734044254606e-03 |   4.4598734044254606e-03 | 1
  5, 18 |  -2.9057490671217170e-03 |  -2.9057490671217170e-03 | 1
  5, 19 |   3.4501072203987054e-03 |   3.4501072203987054e-03 | 1
  5, 20 |   1.7470831532392372e-03 |   1.7470831532392372e-03 | 1
  5, 21 |  -2.9381882789673184e-03 |  -2.9381882789673184e-03 | 1
  5, 22 |  -1.0439352801167789e-03 |  -1.0439352801167789e-03 | 1
  5, 23 |   2.7337935703287530e-03 |   2.7337935703287530e-03 | 1
  5, 24 |  -7.2973520399398297e-04 |  -7.2973520399398297e-04 | 1
  5, 25 |  -1.4074239254193259e-02 |  -1.4074239254193259e-02 | 1
  5, 26 |  -7.4107812449963192e-03 |  -7.4107812449963192e-03 | 1
  5, 27 |   6.1798128277691794e-03 |   6.1798128277691794e-03 | 1
  5, 28 |  -3.4966069475302888e-06 |  -3.4966069475302888e-06 | 1
  5, 29 |   9.2651730565294146e-03 |   9.2651730565294146e-03 | 1
  5, 30 |   4.7598404887402414e-03 |   4.7598404887402414e-03 | 1
  6,  1 |  -4.2489290213722532e-03 |  -4.2489290213722532e-03 | 1
  6,  2 |   1.1693964429315361e-03 |   1.1693964429315361e-03 | 1
  6,  3 |   4.5389283516299791e-04 |   4.5389283516299791e-04 | 1
  6,  4 |  -7.6725035567181601e-03 |  -7.6725035567181601e-03 | 1
  6,  5 |   1.2863174571987502e-02 |   1.2863174571987502e-02 | 1
  6,  6 |   4.7569414992445526e-02 |   4.7569414992445526e-02 | 1
  6,  7 |   6.2809230982487042e-03 |   6.2809230982487042e-03 | 1
  6,  8 |   9.8711589385946236e-04 |   9.8711589385946236e-04 | 1
  6,  9 |  -6.1187688946081308e-03 |  -6.1187688946081308e-03 | 1
  6, 10 |  -2.4614309801052292e-04 |  -2.4614309801052292e-04 | 1
  6, 11 |  -3.7587505981737991e-03 |  -3.7587505981737991e-03 | 1
  6, 12 |  -3.6436356290054988e-03 |  -3.6436356290054988e-03 | 1
  6, 13 |  -2.1175361022183932e-02 |  -2.1175361022183932e-02 | 1
  6, 14 |   5.4565396860194182e-03 |   5.4565396860194182e-03 | 1
  6, 15 |   6.6849530257918326e-03 |   6.6849530257918326e-03 | 1
  6, 16 |  -6.1104119726681757e-04 |  -6.1104119726681757e-04 | 1
  6, 17 |   2.0744817908626085e-03 |   2.0744817908626085e-03 | 1
  6, 18 |  -5.6310178100579204e-03 |  -5.6310178100579204e-03 | 1
  6, 19 |   3.5273742406000674e-03 |   3.5273742406000674e-03 | 1
  6, 20 |   7.8894571041381069e-03 |   7.8894571041381069e-03 | 1
  6, 21 |  -3.2304755637658937e-02 |  -3.2304755637658937e-02 | 1
  6, 22 |   8.4290777285624431e-03 |   8.4290777285624431e-03 | 1
  6, 23 |   4.1300787396952258e-03 |   4.1300787396952258e-03 | 1
  6, 24 |  -4.9849872749038772e-03 |  -4.9849872749038772e-03 | 1
  6, 25 |  -2.3418157233768694e-02 |  -2.3418157233768694e-02 | 1
  6, 26 |  -2.0495730143786418e-03 |  -2.0495730143786418e-03 | 1
  6, 27 |   5.1763572942174893e-03 |   5.1763572942174893e-03 | 1
  6, 28 |  -7.3983812849147679e-03 |  -7.3983812849147679e-03 | 1
  6, 29 |   1.2790026894939702e-02 |   1.2790026894939702e-02 | 1
  6, 30 |  -1.3291165305459670e-02 |  -1.3291165305459670e-02 | 1
  7,  1 |  -1.7914255019819297e-03 |  -1.7914255019819297e-03 | 1
  7,  2 |   5.4869337721016192e-04 |   5.4869337721016192e-04 | 1
  7,  3 |   1.1080733030648655e-03 |   1.1080733030648655e-03 | 1
  7,  4 |   1.4365079563682817e-04 |   1.4365079563682817e-04 | 1
  7,  5 |   1.1159048499863964e-03 |   1.1159048499863964e-03 | 1
  7,  6 |   6.2809230982487042e-03 |   6.2809230982487042e-03 | 1
  7,  7 |   3.4593915780991450e-03 |   3.4593915780991450e-03 | 1
  7,  8 |   8.0826383080059025e-04 |   8.0826383080059025e-04 | 1
  7,  9 |  -3.1316776422003615e-04 |  -3.1316776422003615e-04 | 1
  7, 10 |   1.2906236027692542e-04 |   1.2906236027692542e-04 | 1
  7, 11 |  -1.5730638755080371e-03 |  -1.5730638755080371e-03 | 1
  7, 12 |  -2.4884542756248372e-04 |  -2.4884542756248372e-04 | 1
  7, 13 |   7.7637080641099578e-04 |   7.7637080641099578e-04 | 1
  7, 14 |   4.1856991769643082e-04 |   4.1856991769643082e-04 | 1
  7, 15 |   6.6460677850734668e-04 |   6.6460677850734668e-04 | 1
  7, 16 |  -5.7609198660339386e-04 |  -5.7609198660339386e-04 | 1
  7, 17 |   1.0869442499112729e-03 |   1.0869442499112729e-03 | 1
  7, 18 |   5.1348984841118441e-04 |   5.1348984841118441e-04 | 1
  7, 19 |   4.0022767339195408e-04 |   4.0022767339195408e-04 | 1
  7, 20 |   4.1035139994812474e-03 |   4.1035139994812474e-03 | 1
  7, 21 |  -4.1079821496855361e-03 |  -4.1079821496855361e-03 | 1
  7, 22 |  -2.7888758383286198e-03 |  -2.7888758383286198e-03 | 1
  7, 23 |  -8.9846106867710624e-04 |  -8.9846106867710624e-04 | 1
  7, 24 |  -3.7369644425025760e-03 |  -3.7369644425025760e-03 | 1
  7, 25 |   1.2152939772690052e-03 |   1.2152939772690052e-03 | 1
  7, 26 |   1.5666139386614889e-03 |   1.5666139386614889e-03 | 1
  7, 27 |   9.1511343867579443e-05 |   9.1511343867579443e-05 | 1
  7, 28 |  -5.9852446268998591e-03 |  -5.9852446268998591e-03 | 1
  7, 29 |  -8.3767744753653701e-04 |  -8.3767744753653701e-04 | 1
  7, 30 |  -5.4874744969510226e-04 |  -5.4874744969510226e-04 | 1
  8,  1 |   9.2629614550956258e-04 |   9.2629614550956258e-04 | 1
  8,  2 |  -2.7344806198285609e-03 |  -2.7344806198285609e-03 | 1
  8,  3 |  -7.0612003988719226e-04 |  -7.0612003988719226e-04 | 1
  8,  4 |  -5.7263372235443902e-03 |  -5.7263372235443902e-03 | 1
  8,  5 |  -8.5650304118983518e-04 |  -8.5650304118983518e-04 | 1
  8,  6 |   9.8711589385946236e-04 |   9.8711589385946236e-04 | 1
  8,  7 |   8.0826383080059025e-04 |   8.0826383080059025e-04 | 1
  8,  8 |   1.2418048897947530e-02 |   1.2418048897947530e-02 | 1
  8,  9 |   4.3871675027763127e-03 |   4.3871675027763127e-03 | 1
  8, 10 |   5.2378359891217603e-04 |   5.2378359891217603e-04 | 1
  8, 11 |  -2.1861306344188348e-03 |  -2.1861306344188348e-03 | 1
  8, 12 |   4.4672540671616993e-03 |   4.4672540671616993e-03 | 1
  8, 13 |   4.3305368693714163e-03 |   4.3305368693714163e-03 | 1
  8, 14 |   1.2925595670111485e-03 |   1.2925595670111485e-03 | 1
  8, 15 |   2.8777560684930962e-03 |   2.8777560684930962e-03 | 1
  8, 16 |  -4.6400895534397853e-03 |  -4.6400895534397853e-03 | 1
  8, 17 |   2.1367636067671589e-03 |   2.1367636067671589e-03 | 1
  8, 18 |   5.1290305280274244e-03 |   5.1290305280274244e-03 | 1
  8, 19 |   1.8579622155518356e-03 |   1.8579622155518356e-03 | 1
  8, 20 |   3.1967828340672116e-04 |   3.1967828340672116e-04 | 1
  8, 21 |   1.3981712876790264e-03 |   1.3981712876790264e-03 | 1
  8, 22 |  -8.5350567631302604e-04 |  -8.5350567631302604e-04 | 1
  8, 23 |   1.3125696260211902e-03 |   1.3125696260211902e-03 | 1
  8, 24 |  -3.2312591849643800e-03 |  -3.2312591849643800e-03 | 1
  8, 25 |  -9.8657707716051993e-03 |  -9.8657707716051993e-03 | 1
  8, 26 |   1.3772072409509507e-03 |   1.3772072409509507e-03 | 1
  8, 27 |  -1.3345479191062769e-03 |  -1.3345479191062769e-03 | 1
  8, 28 |   3.7716499398734987e-03 |   3.7716499398734987e-03 | 1
  8, 29 |   3.9943939520749906e-03 |   3.9943939520749906e-03 | 1
  8, 30 |   2.0498610584707361e-03 |   2.0498610584707361e-03 | 1
  9,  1 |  -2.2391387552155879e-03 |  -2.2391387552155879e-03 | 1
  9,  2 |  -3.0096306927619321e-03 |  -3.0096306927619321e-03 | 1
  9,  3 |   2.7987010012122961e-03 |   2.7987010012122961e-03 | 1
  9,  4 |  -7.3330107417084883e-04 |  -7.3330107417084883e-04 | 1
  9,  5 |  -1.0240996908330559e-02 |  -1.0240996908330559e-02 | 1
  9,  6 |  -6.1187688946081308e-03 |  -6.1187688946081308e-03 | 1
  9,  7 |  -3.1316776422003615e-04 |  -3.1316776422003615e-04 | 1
  9,  8 |   4.3871675027763127e-03 |   4.3871675027763127e-03 | 1
  9,  9 |   1.4984553592005531e-02 |   1.4984553592005531e-02 | 1
  9, 10 |   2.0187919290808420e-04 |   2.0187919290808420e-04 | 1
  9, 11 |  -4.9967919672786985e-03 |  -4.9967919672786985e-03 | 1
  9, 12 |   4.9635584756898381e-03 |   4.9635584756898381e-03 | 1
  9, 13 |   4.5417499853918197e-03 |   4.5417499853918197e-03 | 1
  9, 14 |  -6.5640590076580536e-03 |  -6.5640590076580536e-03 | 1
  9, 15 |  -1.3108001106636315e-03 |  -1.3108001106636315e-03 | 1
  9, 16 |  -2.1607138752900794e-03 |  -2.1607138752900794e-03 | 1
  9, 17 |  -3.4469541284215320e-03 |  -3.4469541284215320e-03 | 1
  9, 18 |   2.2239696171913433e-03 |   2.2239696171913433e-03 | 1
  9, 19 |  -1.8518651526427340e-03 |  -1.8518651526427340e-03 | 1
  9, 20 |  -1.6284349737747780e-03 |  -1.6284349737747780e-03 | 1
  9, 21 |  -5.2812111365389868e-04 |  -5.2812111365389868e-04 | 1
  9, 22 |   9.1090987406108118e-03 |   9.1090987406108118e-03 | 1
  9, 23 |  -1.0885210729125823e-03 |  -1.0885210729125823e-03 | 1
  9, 24 |  -2.8650925167710254e-03 |  -2.8650925167710254e-03 | 1
  9, 25 |   5.4156420952803340e-03 |   5.4156420952803340e-03 | 1
  9, 26 |   6.3740968459964813e-03 |   6.3740968459964813e-03 | 1
  9, 27 |  -6.4015364982704199e-03 |  -6.4015364982704199e-03 | 1
  9, 28 |  -3.1175296147122316e-04 |  -3.1175296147122316e-04 | 1
  9, 29 |  -7.4591357609886657e-03 |  -7.4591357609886657e-03 | 1
  9, 30 |  -8.4672020758804834e-04 |  -8.4672020758804834e-04 | 1
 10,  1 |  -8.5887841273216061e-05 |  -8.5887841273216061e-05 | 1
 10,  2 |  -1.8574342030791200e-04 |  -1.8574342030791200e-04 | 1
 10,  3 |   3.7487290246041477e-05 |   3.7487290246041477e-05 | 1
 10,  4 |  -2.2793995744373088e-04 |  -2.2793995744373088e-04 | 1
 10,  5 |  -1.1422124061892801e-04 |  -1.1422124061892801e-04 | 1
 10,  6 |  -2.4614309801052292e-04 |  -2.4614309801052292e-04 | 1
 10,  7 |   1.2906236027692542e-04 |   1.2906236027692542e-04 | 1
 10,  8 |   5.2378359891217603e-04 |   5.2378359891217603e-04 | 1
 10,  9 |   2.0187919290808420e-04 |   2.0187919290808420e-04 | 1
 10, 10 |   5.0012708402998908e-05 |   5.0012708402998908e-05 | 1
 10, 11 |  -3.5552642450399738e-05 |  -3.5552642450399738e-05 | 1
 10, 12 |   2.5497309697007338e-04 |   2.5497309697007338e-04 | 1
 10, 13 |   4.0661724605282488e-04 |   4.0661724605282488e-04 | 1
 10, 14 |  -1.0577652214019775e-05 |  -1.0577652214019775e-05 | 1
 10, 15 |   1.0078865284610298e-04 |   1.0078865284610298e-04 | 1
 10, 16 |  -3.8653623604102862e-04 |  -3.8653623604102862e-04 | 1
 10, 17 |   1.5728937162789926e-05 |   1.5728937162789926e-05 | 1
 10, 18 |   4.7068506856343676e-04 |   4.7068506856343676e-04 | 1
 10, 19 |  -1.7307880589031126e-05 |  -1.7307880589031126e-05 | 1
 10, 20 |   6.8320076543127383e-04 |   6.8320076543127383e-04 | 1
 10, 21 |   3.9561217622866046e-04 |   3.9561217622866046e-04 | 1
 10, 22 |  -3.5392297567679966e-04 |  -3.5392297567679966e-04 | 1
 10, 23 |  -2.7672942134780384e-04 |  -2.7672942134780384e-04 | 1
 10, 24 |  -4.9355103563679240e-04 |  -4.9355103563679240e-04 | 1
 10, 25 |   5.1538178577245392e-05 |   5.1538178577245392e-05 | 1
 10, 26 |   3.5993733049537337e-04 |   3.5993733049537337e-04 | 1
 10, 27 |  -2.0107286597696736e-04 |  -2.0107286597696736e-04 | 1
 10, 28 |  -4.8667929839859658e-04 |  -4.8667929839859658e-04 | 1
 10, 29 |  -3.0378912591155088e-04 |  -3.0378912591155088e-04 | 1
 10, 30 |   2.3762189710465102e-04 |   2.3762189710465102e-04 | 1
 11,  1 |   5.0309416305399125e-03 |   5.0309416305399125e-03 | 1
 11,  2 |   1.5205670295057229e-04 |   1.5205670295057229e-04 | 1
 11,  3 |  -2.1076441774538018e-03 |  -2.1076441774538018e-03 | 1
 11,  4 |  -9.5983790803520807e-04 |  -9.5983790803520807e-04 | 1
 11,  5 |   4.4891456386067412e-03 |   4.4891456386067412e-03 | 1
 11,  6 |  -3.7587505981737991e-03 |  -3.7587505981737991e-03 | 1
 11,  7 |  -1.5730638755080371e-03 |  -1.5730638755080371e-03 | 1
 11,  8 |  -2.1861306344188348e-03 |  -2.1861306344188348e-03 | 1
 11,  9 |  -4.9967919672786985e-03 |  -4.9967919672786985e-03 | 1
 11, 10 |  -3.5552642450399738e-05 |  -3.5552642450399738e-05 | 1
 11, 11 |   1.2495614418823998e-02 |   1.2495614418823998e-02 | 1
 11, 12 |  -7.3368345033984813e-03 |  -7.3368345033984813e-03 | 1
 11, 13 |   1.4258605308923320e-04 |   1.4258605308923320e-04 | 1
 11, 14 |  -3.4663782176873100e-03 |  -3.4663782176873100e-03 | 1
 11, 15 |  -8.6884882101805798e-04 |  -8.6884882101805798e-04 | 1
 11, 16 |  -1.1290964403193103e-03 |  -1.1290964403193103e-03 | 1
 11, 17 |   4.9077289557567065e-03 |   4.9077289557567065e-03 | 1
 11, 18 |  -3.1988223112054447e-03 |  -3.1988223112054447e-03 | 1
 11, 19 |   2.8877037806673339e-03 |   2.8877037806673339e-03 | 1
 11, 20 |   1.0176643613162744e-03 |   1.0176643613162744e-03 | 1
 11, 21 |   3.3746389224557846e-03 |   3.3746389224557846e-03 | 1
 11, 22 |  -1.7557852960031928e-02 |  -1.7557852960031928e-02 | 1
 11, 23 |   1.6514701384427767e-03 |   1.6514701384427767e-03 | 1
 11, 24 |  -3.1542671014239778e-03 |  -3.1542671014239778e-03 | 1
 11, 25 |  -3.0618607725639273e-03 |  -3.0618607725639273e-03 | 1
 11, 26 |  -6.7238352000485099e-03 |  -6.7238352000485099e-03 | 1
 11, 27 |  -6.8259432001658064e-04 |  -6.8259432001658064e-04 | 1
 11, 28 |  -4.6730516952737042e-03 |  -4.6730516952737042e-03 | 1
 11, 29 |   4.0597563546237517e-03 |   4.0597563546237517e-03 | 1
 11, 30 |   5.1391312696809095e-03 |   5.1391312696809095e-03 | 1
 12,  1 |  -3.0490954515720887e-03 |  -3.0490954515720887e-03 | 1
 12,  2 |  -2.9354155327135515e-03 |  -2.9354155327135515e-03 | 1
 12,  3 |   1.6458028999740419e-03 |   1.6458028999740419e-03 | 1
 12,  4 |   3.0223388352683973e-03 |   3.0223388352683973e-03 | 1
 12,  5 |  -5.5889172186136052e-03 |  -5.5889172186136052e-03 | 1
 12,  6 |  -3.6436356290054988e-03 |  -3.6436356290054988e-03 | 1
 12,  7 |  -2.4884542756248372e-04 |  -2.4884542756248372e-04 | 1
 12,  8 |   4.4672540671616993e-03 |   4.4672540671616993e-03 | 1
 12,  9 |   4.9635584756898381e-03 |   4.9635584756898381e-03 | 1
 12, 10 |   2.5497309697007338e-04 |   2.5497309697007338e-04 | 1
 12, 11 |  -7.3368345033984813e-03 |  -7.3368345033984813e-03 | 1
 12, 12 |   8.7841459511509932e-03 |   8.7841459511509932e-03 | 1
 12, 13 |   3.4255882166591171e-04 |   3.4255882166591171e-04 | 1
 12, 14 |   4.4903263839014959e-03 |   4.4903263839014959e-03 | 1
 12, 15 |   6.6447061432237217e-04 |   6.6447061432237217e-04 | 1
 12, 16 |  -1.4773567696855462e-03 |  -1.4773567696855462e-03 | 1
 12, 17 |  -4.5550588734938630e-03 |  -4.5550588734938630e-03 | 1
 12, 18 |   6.0290282386971442e-03 |   6.0290282386971442e-03 | 1
 12, 19 |  -1.3866214312271189e-03 |  -1.3866214312271189e-03 | 1
 12, 20 |   3.4881724718581648e-04 |   3.4881724718581648e-04 | 1
 12, 21 |   1.0995181827963187e-03 |   1.0995181827963187e-03 | 1
 12, 22 |   1.1696123934746627e-02 |   1.1696123934746627e-02 | 1
 12, 23 |  -2.7983532672406926e-03 |  -2.7983532672406926e-03 | 1
 12, 24 |  -2.2296094505624997e-03 |  -2.2296094505624997e-03 | 1
 12, 25 |   9.4296589790103975e-03 |   9.4296589790103975e-03 | 1
 12, 26 |   7.6509436925147290e-03 |   7.6509436925147290e-03 | 1
 12, 27 |  -1.0675281230121518e-03 |  -1.0675281230121518e-03 | 1
 12, 28 |   3.4092399204796579e-03 |   3.4092399204796579e-03 | 1
 12, 29 |  -4.7645852463732742e-03 |  -4.7645852463732742e-03 | 1
 12, 30 |  -8.0931609719643340e-03 |  -8.0931609719643340e-03 | 1
 13,  1 |   2.8675175704622460e-03 |   2.8675175704622460e-03 | 1
 13,  2 |   3.9565365766356456e-03 |   3.9565365766356456e-03 | 1
 13,  3 |  -1.9137100174543573e-03 |  -1.9137100174543573e-03 | 1
 13,  4 |   2.0543764136267319e-04 |   2.0543764136267319e-04 | 1
 13,  5 |  -5.9618702872628760e-03 |  -5.9618702872628760e-03 | 1
 13,  6 |  -2.1175361022183932e-02 |  -2.1175361022183932e-02 | 1
 13,  7 |   7.7637080641099578e-04 |   7.7637080641099578e-04 | 1
 13,  8 |   4.3305368693714163e-03 |   4.3305368693714163e-03 | 1
 13,  9 |   4.5417499853918197e-03 |   4.5417499853918197e-03 | 1
 13, 10 |   4.0661724605282488e-04 |   4.0661724605282488e-04 | 1
 13, 11 |   1.4258605308923320e-04 |   1.4258605308923320e-04 | 1
 13, 12 |   3.4255882166591171e-04 |   3.4255882166591171e-04 | 1
 13, 13 |   3.9551111447308517e-02 |   3.9551111447308517e-02 | 1
 13, 14 |  -5.4503003644946115e-03 |  -5.4503003644946115e-03 | 1
 13, 15 |  -2.4222380670825827e-03 |  -2.4222380670825827e-03 | 1
 13, 16 |  -2.9058239716502959e-03 |  -2.9058239716502959e-03 | 1
 13, 17 |   1.7310642156199123e-04 |   1.7310642156199123e-04 | 1
 13, 18 |  -1.3514778953790235e-03 |  -1.3514778953790235e-03 | 1
 13, 19 |  -3.6160275785315343e-03 |  -3.6160275785315343e-03 | 1
 13, 20 |   2.8216519463690024e-03 |   2.8216519463690024e-03 | 1
 13, 21 |   1.8277882862038540e-02 |   1.8277882862038540e-02 | 1
 13, 22 |   3.2089247668323296e-03 |   3.2089247668323296e-03 | 1
 13, 23 |  -4.6056505060883251e-03 |  -4.6056505060883251e-03 | 1
 13, 24 |  -4.9759971335257974e-03 |  -4.9759971335257974e-03 | 1
 13, 25 |   9.3245036673953135e-04 |   9.3245036673953135e-04 | 1
 13, 26 |  -1.9676039391402066e-03 |  -1.9676039391402066e-03 | 1
 13, 27 |  -7.7505284067302133e-03 |  -7.7505284067302133e-03 | 1
 13, 28 |   5.1741502589570353e-03 |   5.1741502589570353e-03 | 1
 13, 29 |  -6.9048022763301062e-03 |  -6.9048022763301062e-03 | 1
 13, 30 |   1.0140577527181931e-02 |   1.0140577527181931e-02 | 1
 14,  1 |   2.1299883291165312e-05 |   2.1299883291165312e-05 | 1
 14,  2 |  -4.2197460698422442e-04 |  -4.2197460698422442e-04 | 1
 14,  3 |  -4.2306155473619380e-04 |  -4.2306155473619380e-04 | 1
 14,  4 |   1.5042748730773377e-03 |   1.5042748730773377e-03 | 1
 14,  5 |   3.4046021540755722e-03 |   3.4046021540755722e-03 | 1
 14,  6 |   5.4565396860194182e-03 |   5.4565396860194182e-03 | 1
 14,  7 |   4.1856991769643082e-04 |   4.1856991769643082e-04 | 1
 14,  8 |   1.2925595670111485e-03 |   1.2925595670111485e-03 | 1
 14,  9 |  -6.5640590076580536e-03 |  -6.5640590076580536e-03 | 1
 14, 10 |  -1.0577652214019775e-05 |  -1.0577652214019775e-05 | 1
 14, 11 |  -3.4663782176873100e-03 |  -3.4663782176873100e-03 | 1
 14, 12 |   4.4903263839014959e-03 |   4.4903263839014959e-03 | 1
 14, 13 |  -5.4503003644946115e-03 |  -5.4503003644946115e-03 | 1
 14, 14 |   1.1587772432220015e-02 |   1.1587772432220015e-02 | 1
 14, 15 |   2.5044973575054346e-03 |   2.5044973575054346e-03 | 1
 14, 16 |   6.3597671082931935e-04 |   6.3597671082931935e-04 | 1
 14, 17 |  -1.4346243647236072e-03 |  -1.4346243647236072e-03 | 1
 14, 18 |   1.6488825266503596e-03 |   1.6488825266503596e-03 | 1
 14, 19 |   2.1275018590097162e-03 |   2.1275018590097162e-03 | 1
 14, 20 |   1.9911651817725129e-03 |   1.9911651817725129e-03 | 1
 14, 21 |   1.2033283428496957e-03 |   1.2033283428496957e-03 | 1
 14, 22 |   3.9759626791645228e-03 |   3.9759626791645228e-03 | 1
 14, 23 |  -2.3872727850408190e-03 |  -2.3872727850408190e-03 | 1
 14, 24 |  -2.1869101643411833e-03 |  -2.1869101643411833e-03 | 1
 14, 25 |  -3.5521507016977833e-04 |  -3.5521507016977833e-04 | 1
 14, 26 |   1.0124304746955786e-03 |   1.0124304746955786e-03 | 1
 14, 27 |   6.2540463136378146e-03 |   6.2540463136378146e-03 | 1
 14, 28 |   2.3139196939655458e-03 |   2.3139196939655458e-03 | 1
 14, 29 |   1.7893817600851461e-03 |   1.7893817600851461e-03 | 1
 14, 30 |  -8.5152975916102727e-03 |  -8.5152975916102727e-03 | 1
 15,  1 |   7.5913154641222853e-04 |   7.5913154641222853e-04 | 1
 15,  2 |  -8.8363781019023136e-04 |  -8.8363781019023136e-04 | 1
 15,  3 |  -7.3408315095977177e-04 |  -7.3408315095977177e-04 | 1
 15,  4 |  -2.5940075476420452e-03 |  -2.5940075476420452e-03 | 1
 15,  5 |   2.4903155996568171e-03 |   2.4903155996568171e-03 | 1
 15,  6 |   6.6849530257918326e-03 |   6.6849530257918326e-03 | 1
 15,  7 |   6.6460677850734668e-04 |   6.6460677850734668e-04 | 1
 15,  8 |   2.8777560684930962e-03 |   2.8777560684930962e-03 | 1
 15,  9 |  -1.3108001106636315e-03 |  -1.3108001106636315e-03 | 1
 15, 10 |   1.0078865284610298e-04 |   1.0078865284610298e-04 | 1
 15, 11 |  -8.6884882101805798e-04 |  -8.6884882101805798e-04 | 1
 15, 12 |   6.6447061432237217e-04 |   6.6447061432237217e-04 | 1
 15, 13 |  -2.4222380670825827e-03 |  -2.4222380670825827e-03 | 1
 15, 14 |   2.5044973575054346e-03 |   2.5044973575054346e-03 | 1
 15, 15 |   3.2770245004992392e-03 |   3.2770245004992392e-03 | 1
 15, 16 |  -7.3249903086567260e-04 |  -7.3249903086567260e-04 | 1
 15, 17 |   4.4274271304558469e-04 |   4.4274271304558469e-04 | 1
 15, 18 |  -4.5477003267981644e-04 |  -4.5477003267981644e-04 | 1
 15, 19 |  -3.4813981559791583e-04 |  -3.4813981559791583e-04 | 1
 15, 20 |   4.8187455307214105e-03 |   4.8187455307214105e-03 | 1
 15, 21 |  -9.1694349910910401e-04 |  -9.1694349910910401e-04 | 1
 15, 22 |   7.0276704533201798e-03 |   7.0276704533201798e-03 | 1
 15, 23 |  -6.2814032728549744e-04 |  -6.2814032728549744e-04 | 1
 15, 24 |  -2.2270416335596721e-03 |  -2.2270416335596721e-03 | 1
 15, 25 |  -8.6205001949063997e-03 |  -8.6205001949063997e-03 | 1
 15, 26 |  -1.8584403231521776e-03 |  -1.8584403231521776e-03 | 1
 15, 27 |   1.0357916556380138e-03 |   1.0357916556380138e-03 | 1
 15, 28 |   1.9636522842083328e-03 |   1.9636522842083328e-03 | 1
 15, 29 |   2.3563516101816023e-03 |   2.3563516101816023e-03 | 1
 15, 30 |  -2.9523785261936987e-03 |  -2.9523785261936987e-03 | 1
 16,  1 |   3.9043763192410076e-04 |   3.9043763192410076e-04 | 1
 16,  2 |   2.0851996644142288e-03 |   2.0851996644142288e-03 | 1
 16,  3 |  -1.4432908943017752e-04 |  -1.4432908943017752e-04 | 1
 16,  4 |   3.3243473560431031e-03 |   3.3243473560431031e-03 | 1
 16,  5 |   3.4331626924382220e-05 |   3.4331626924382220e-05 | 1
 16,  6 |  -6.1104119726681757e-04 |  -6.1104119726681757e-04 | 1
 16,  7 |  -5.7609198660339386e-04 |  -5.7609198660339386e-04 | 1
 16,  8 |  -4.6400895534397853e-03 |  -4.6400895534397853e-03 | 1
 16,  9 |  -2.1607138752900794e-03 |  -2.1607138752900794e-03 | 1
 16, 10 |  -3.8653623604102862e-04 |  -3.8653623604102862e-04 | 1
 16, 11 |  -1.1290964403193103e-03 |  -1.1290964403193103e-03 | 1
 16, 12 |  -1.4773567696855462e-03 |  -1.4773567696855462e-03 | 1
 16, 13 |  -2.9058239716502959e-03 |  -2.9058239716502959e-03 | 1
 16, 14 |   6.3597671082931935e-04 |   6.3597671082931935e-04 | 1
 16, 15 |  -7.3249903086567260e-04 |  -7.3249903086567260e-04 | 1
 16, 16 |   4.2944868862352641e-03 |   4.2944868862352641e-03 | 1
 16, 17 |  -9.8647001130520366e-05 |  -9.8647001130520366e-05 | 1
 16, 18 |  -3.0574315126298559e-03 |  -3.0574315126298559e-03 | 1
 16, 19 |  -1.1022874705106885e-03 |  -1.1022874705106885e-03 | 1
 16, 20 |  -4.7077866802324184e-03 |  -4.7077866802324184e-03 | 1
 16, 21 |  -1.0656326099491497e-03 |  -1.0656326099491497e-03 | 1
 16, 22 |   7.7307655901378333e-04 |   7.7307655901378333e-04 | 1
 16, 23 |   1.4411506901589935e-03 |   1.4411506901589935e-03 | 1
 16, 24 |   6.0616697798415529e-03 |   6.0616697798415529e-03 | 1
 16, 25 |   1.6259688941400721e-03 |   1.6259688941400721e-03 | 1
 16, 26 |  -2.4403825053997867e-03 |  -2.4403825053997867e-03 | 1
 16, 27 |   1.7916361788930177e-03 |   1.7916361788930177e-03 | 1
 16, 28 |   3.9481233228478288e-03 |   3.9481233228478288e-03 | 1
 16, 29 |   1.0531553994146659e-03 |   1.0531553994146659e-03 | 1
 16, 30 |  -1.8601751000865065e-03 |  -1.8601751000865065e-03 | 1
 17,  1 |   2.6827726530821465e-03 |   2.6827726530821465e-03 | 1
 17,  2 |   1.2952618787158989e-03 |   1.2952618787158989e-03 | 1
 17,  3 |  -1.7593344545436202e-03 |  -1.7593344545436202e-03 | 1
 17,  4 |  -1.9862082505411487e-03 |  -1.9862082505411487e-03 | 1
 17,  5 |   4.4598734044254606e-03 |   4.4598734044254606e-03 | 1
 17,  6 |   2.0744817908626085e-03 |   2.0744817908626085e-03 | 1
 17,  7 |   1.0869442499112729e-03 |   1.0869442499112729e-03 | 1
 17,  8 |   2.1367636067671589e-03 |   2.1367636067671589e-03 | 1
 17,  9 |  -3.4469541284215320e-03 |  -3.4469541284215320e-03 | 1
 17, 10 |   1.5728937162789926e-05 |   1.5728937162789926e-05 | 1
 17, 11 |   4.9077289557567065e-03 |   4.9077289557567065e-03 | 1
 17, 12 |  -4.5550588734938630e-03 |  -4.5550588734938630e-03 | 1
 17, 13 |   1.7310642156199123e-04 |   1.7310642156199123e-04 | 1
 17, 14 |  -1.4346243647236072e-03 |  -1.4346243647236072e-03 | 1
 17, 15 |   4.4274271304558469e-04 |   4.4274271304558469e-04 | 1
 17, 16 |  -9.8647001130520366e-05 |  -9.8647001130520366e-05 | 1
 17, 17 |   7.0759440105647876e-03 |   7.0759440105647876e-03 | 1
 17, 18 |  -1.0999027756071218e-04 |  -1.0999027756071218e-04 | 1
 17, 19 |   4.0350862171618339e-03 |   4.0350862171618339e-03 | 1
 17, 20 |   3.8755151261432596e-05 |   3.8755151261432596e-05 | 1
 17, 21 |   5.2678177278585011e-04 |   5.2678177278585011e-04 | 1
 17, 22 |  -1.7128601390042218e-02 |  -1.7128601390042218e-02 | 1
 17, 23 |   2.7421346268024899e-03 |   2.7421346268024899e-03 | 1
 17, 24 |   2.4237113590595415e-04 |   2.4237113590595415e-04 | 1
 17, 25 |  -8.4172355260806221e-03 |  -8.4172355260806221e-03 | 1
 17, 26 |  -6.0700440175326551e-03 |  -6.0700440175326551e-03 | 1
 17, 27 |   2.0173712633284810e-03 |   2.0173712633284810e-03 | 1
 17, 28 |  -3.3588330815994393e-03 |  -3.3588330815994393e-03 | 1
 17, 29 |   6.0060876254845012e-03 |   6.0060876254845012e-03 | 1
 17, 30 |   6.2193927489613519e-03 |   6.2193927489613519e-03 | 1
 18,  1 |  -3.5848180629786757e-03 |  -3.5848180629786757e-03 | 1
 18,  2 |  -3.1394624841817593e-03 |  -3.1394624841817593e-03 | 1
 18,  3 |   1.1582112260765430e-03 |   1.1582112260765430e-03 | 1
 18,  4 |   2.7832672163925552e-03 |   2.7832672163925552e-03 | 1
 18,  5 |  -2.9057490671217170e-03 |  -2.9057490671217170e-03 | 1
 18,  6 |  -5.6310178100579204e-03 |  -5.6310178100579204e-03 | 1
 18,  7 |   5.1348984841118441e-04 |   5.1348984841118441e-04 | 1
 18,  8 |   5.1290305280274244e-03 |   5.1290305280274244e-03 | 1
 18,  9 |   2.2239696171913433e-03 |   2.2239696171913433e-03 | 1
 18, 10 |   4.7068506856343676e-04 |   4.7068506856343676e-04 | 1
 18, 11 |  -3.1988223112054447e-03 |  -3.1988223112054447e-03 | 1
 18, 12 |   6.0290282386971442e-03 |   6.0290282386971442e-03 | 1
 18, 13 |  -1.3514778953790235e-03 |  -1.3514778953790235e-03 | 1
 18, 14 |   1.6488825266503596e-03 |   1.6488825266503596e-03 | 1
 18, 15 |  -4.5477003267981644e-04 |  -4.5477003267981644e-04 | 1
 18, 16 |  -3.0574315126298559e-03 |  -3.0574315126298559e-03 | 1
 18, 17 |  -1.0999027756071218e-04 |  -1.0999027756071218e-04 | 1
 18, 18 |   1.0414917867851382e-02 |   1.0414917867851382e-02 | 1
 18, 19 |   7.9347249708914408e-04 |   7.9347249708914408e-04 | 1
 18, 20 |   1.8556804621583643e-03 |   1.8556804621583643e-03 | 1
 18, 21 |   1.7038131118805701e-03 |   1.7038131118805701e-03 | 1
 18, 22 |  -4.4570405533576156e-03 |  -4.4570405533576156e-03 | 1
 18, 23 |  -1.3459296088153701e-03 |  -1.3459296088153701e-03 | 1
 18, 24 |  -1.6131586259863105e-03 |  -1.6131586259863105e-03 | 1
 18, 25 |   1.1647476825095690e-02 |   1.1647476825095690e-02 | 1
 18, 26 |   7.2776688321894156e-03 |   7.2776688321894156e-03 | 1
 18, 27 |  -8.4731895708334043e-04 |  -8.4731895708334043e-04 | 1
 18, 28 |  -3.4188716528005744e-03 |  -3.4188716528005744e-03 | 1
 18, 29 |  -3.0225018393366322e-03 |  -3.0225018393366322e-03 | 1
 18, 30 |  -5.2613766346039197e-04 |  -5.2613766346039197e-04 | 1
 19,  1 |   1.5456138697863035e-03 |   1.5456138697863035e-03 | 1
 19,  2 |  -3.8436163138160331e-04 |  -3.8436163138160331e-04 | 1
 19,  3 |  -4.3567514154336140e-04 |  -4.3567514154336140e-04 | 1
 19,  4 |  -2.4687435668481767e-03 |  -2.4687435668481767e-03 | 1
 19,  5 |   3.4501072203987054e-03 |   3.4501072203987054e-03 | 1
 19,  6 |   3.5273742406000674e-03 |   3.5273742406000674e-03 | 1
 19,  7 |   4.0022767339195408e-04 |   4.0022767339195408e-04 | 1
 19,  8 |   1.8579622155518356e-03 |   1.8579622155518356e-03 | 1
 19,  9 |  -1.8518651526427340e-03 |  -1.8518651526427340e-03 | 1
 19, 10 |  -1.7307880589031126e-05 |  -1.7307880589031126e-05 | 1
 19, 11 |   2.8877037806673339e-03 |   2.8877037806673339e-03 | 1
 19, 12 |  -1.3866214312271189e-03 |  -1.3866214312271189e-03 | 1
 19, 13 |  -3.6160275785315343e-03 |  -3.6160275785315343e-03 | 1
 19, 14 |   2.1275018590097162e-03 |   2.1275018590097162e-03 | 1
 19, 15 |  -3.4813981559791583e-04 |  -3.4813981559791583e-04 | 1
 19, 16 |  -1.1022874705106885e-03 |  -1.1022874705106885e-03 | 1
 19, 17 |   4.0350862171618339e-03 |   4.0350862171618339e-03 | 1
 19, 18 |   7.9347249708914408e-04 |   7.9347249708914408e-04 | 1
 19, 19 |   6.4125607847869337e-03 |   6.4125607847869337e-03 | 1
 19, 20 |  -1.7514330178278147e-03 |  -1.7514330178278147e-03 | 1
 19, 21 |   1.6052548442768483e-04 |   1.6052548442768483e-04 | 1
 19, 22 |  -1.1836382372514800e-02 |  -1.1836382372514800e-02 | 1
 19, 23 |   1.3281313527732678e-03 |   1.3281313527732678e-03 | 1
 19, 24 |  -3.2540812856953227e-03 |  -3.2540812856953227e-03 | 1
 19, 25 |  -4.5346309001325497e-03 |  -4.5346309001325497e-03 | 1
 19, 26 |  -2.4000402476782243e-03 |  -2.4000402476782243e-03 | 1
 19, 27 |   4.4513249761380484e-03 |   4.4513249761380484e-03 | 1
 19, 28 |  -4.8580463366150210e-03 |  -4.8580463366150210e-03 | 1
 19, 29 |   3.6939543283545776e-03 |   3.6939543283545776e-03 | 1
 19, 30 |   3.6676977257997451e-03 |   3.6676977257997451e-03 | 1
 20,  1 |  -1.6028214993622654e-03 |  -1.6028214993622654e-03 | 1
 20,  2 |   7.4285095317731895e-06 |   7.4285095317731895e-06 | 1
 20,  3 |  -1.8435229708520728e-05 |  -1.8435229708520728e-05 | 1
 20,  4 |  -3.4134025518379333e-03 |  -3.4134025518379333e-03 | 1
 20,  5 |   1.7470831532392372e-03 |   1.7470831532392372e-03 | 1
 20,  6 |   7.8894571041381069e-03 |   7.8894571041381069e-03 | 1
 20,  7 |   4.1035139994812474e-03 |   4.1035139994812474e-03 | 1
 20,  8 |   3.1967828340672116e-04 |   3.1967828340672116e-04 | 1
 20,  9 |  -1.6284349737747780e-03 |  -1.6284349737747780e-03 | 1
 20, 10 |   6.8320076543127383e-04 |   6.8320076543127383e-04 | 1
 20, 11 |   1.0176643613162744e-03 |   1.0176643613162744e-03 | 1
 20, 12 |   3.4881724718581648e-04 |   3.4881724718581648e-04 | 1
 20, 13 |   2.8216519463690024e-03 |   2.8216519463690024e-03 | 1
 20, 14 |   1.9911651817725129e-03 |   1.9911651817725129e-03 | 1
 20, 15 |   4.8187455307214105e-03 |   4.8187455307214105e-03 | 1
 20, 16 |  -4.7077866802324184e-03 |  -4.7077866802324184e-03 | 1
 20, 17 |   3.8755151261432596e-05 |   3.8755151261432596e-05 | 1
 20, 18 |   1.8556804621583643e-03 |   1.8556804621583643e-03 | 1
 20, 19 |  -1.7514330178278147e-03 |  -1.7514330178278147e-03 | 1
 20, 20 |   3.5605717719784977e-02 |   3.5605717719784977e-02 | 1
 20, 21 |   7.2618163432551282e-03 |   7.2618163432551282e-03 | 1
 20, 22 |  -9.0290821375681087e-03 |  -9.0290821375681087e-03 | 1
 20, 23 |  -1.4544885521107302e-02 |  -1.4544885521107302e-02 | 1
 20, 24 |  -1.5228813455525715e-02 |  -1.5228813455525715e-02 | 1
 20, 25 |  -7.6731193115396473e-03 |  -7.6731193115396473e-03 | 1
 20, 26 |   2.3178221347406542e-03 |   2.3178221347406542e-03 | 1
 20, 27 |  -1.9678964452731805e-03 |  -1.9678964452731805e-03 | 1
 20, 28 |  -2.4488255400815045e-02 |  -2.4488255400815045e-02 | 1
 20, 29 |  -1.2977734008174547e-02 |  -1.2977734008174547e-02 | 1
 20, 30 |  -6.5695672019816832e-03 |  -6.5695672019816832e-03 | 1
 21,  1 |   7.3077199732346915e-03 |   7.3077199732346915e-03 | 1
 21,  2 |  -5.9929461614199354e-04 |  -5.9929461614199354e-04 | 1
 21,  3 |  -2.4544453510538375e-03 |  -2.4544453510538375e-03 | 1
 21,  4 |  -4.6333449329349378e-03 |  -4.6333449329349378e-03 | 1
 21,  5 |  -2.9381882789673184e-03 |  -2.9381882789673184e-03 | 1
 21,  6 |  -3.2304755637658937e-02 |  -3.2304755637658937e-02 | 1
 21,  7 |  -4.1079821496855361e-03 |  -4.1079821496855361e-03 | 1
 21,  8 |   1.3981712876790264e-03 |   1.3981712876790264e-03 | 1
 21,  9 |  -5.2812111365389868e-04 |  -5.2812111365389868e-04 | 1
 21, 10 |   3.9561217622866046e-04 |   3.9561217622866046e-04 | 1
 21, 11 |   3.3746389224557846e-03 |   3.3746389224557846e-03 | 1
 21, 12 |   1.0995181827963187e-03 |   1.0995181827963187e-03 | 1
 21, 13 |   1.8277882862038540e-02 |   1.8277882862038540e-02 | 1
 21, 14 |   1.2033283428496957e-03 |   1.2033283428496957e-03 | 1
 21, 15 |  -9.1694349910910401e-04 |  -9.1694349910910401e-04 | 1
 21, 16 |  -1.0656326099491497e-03 |  -1.0656326099491497e-03 | 1
 21, 17 |   5.2678177278585011e-04 |   5.2678177278585011e-04 | 1
 21, 18 |   1.7038131118805701e-03 |   1.7038131118805701e-03 | 1
 21, 19 |   1.6052548442768483e-04 |   1.6052548442768483e-04 | 1
 21, 20 |   7.2618163432551282e-03 |   7.2618163432551282e-03 | 1
 21, 21 |   4.0260955723214829e-02 |   4.0260955723214829e-02 | 1
 21, 22 |  -6.4555928934762450e-04 |  -6.4555928934762450e-04 | 1
 21, 23 |  -9.1316939044504830e-03 |  -9.1316939044504830e-03 | 1
 21, 24 |  -2.0040655855814264e-03 |  -2.0040655855814264e-03 | 1
 21, 25 |  -5.0264842269908978e-03 |  -5.0264842269908978e-03 | 1
 21, 26 |  -5.4387569850602221e-03 |  -5.4387569850602221e-03 | 1
 21, 27 |   3.9506981127236229e-03 |   3.9506981127236229e-03 | 1
 21, 28 |   2.2534960760659524e-03 |   2.2534960760659524e-03 | 1
 21, 29 |  -1.0774520679991552e-02 |  -1.0774520679991552e-02 | 1
 21, 30 |   2.0213801612631536e-02 |   2.0213801612631536e-02 | 1
 22,  1 |  -3.5901653447089656e-03 |  -3.5901653447089656e-03 | 1
 22,  2 |  -1.1805841003524909e-02 |  -1.1805841003524909e-02 | 1
 22,  3 |   3.0336880107004944e-03 |   3.0336880107004944e-03 | 1
 22,  4 |   2.8579248258304361e-03 |   2.8579248258304361e-03 | 1
 22,  5 |  -1.0439352801167789e-03 |  -1.0439352801167789e-03 | 1
 22,  6 |   8.4290777285624431e-03 |   8.4290777285624431e-03 | 1
 22,  7 |  -2.7888758383286198e-03 |  -2.7888758383286198e-03 | 1
 22,  8 |  -8.5350567631302604e-04 |  -8.5350567631302604e-04 | 1
 22,  9 |   9.1090987406108118e-03 |   9.1090987406108118e-03 | 1
 22, 10 |  -3.5392297567679966e-04 |  -3.5392297567679966e-04 | 1
 22, 11 |  -1.7557852960031928e-02 |  -1.7557852960031928e-02 | 1
 22, 12 |   1.1696123934746627e-02 |   1.1696123934746627e-02 | 1
 22, 13 |   3.2089247668323296e-03 |   3.2089247668323296e-03 | 1
 22, 14 |   3.9759626791645228e-03 |   3.9759626791645228e-03 | 1
 22, 15 |   7.0276704533201798e-03 |   7.0276704533201798e-03 | 1
 22, 16 |   7.7307655901378333e-04 |   7.7307655901378333e-04 | 1
 22, 17 |  -1.7128601390042218e-02 |  -1.7128601390042218e-02 | 1
 22, 18 |  -4.4570405533576156e-03 |  -4.4570405533576156e-03 | 1
 22, 19 |  -1.1836382372514800e-02 |  -1.1836382372514800e-02 | 1
 22, 20 |  -9.0290821375681087e-03 |  -9.0290821375681087e-03 | 1
 22, 21 |  -6.4555928934762450e-04 |  -6.4555928934762450e-04 | 1
 22, 22 |   1.5119616565073143e-01 |   1.5119616565073143e-01 | 1
 22, 23 |   1.0412759826609124e-03 |   1.0412759826609124e-03 | 1
 22, 24 |  -1.3685598031502962e-02 |  -1.3685598031502962e-02 | 1
 22, 25 |   6.7010987361728492e-03 |   6.7010987361728492e-03 | 1
 22, 26 |  -1.9202587929909140e-03 |  -1.9202587929909140e-03 | 1
 22, 27 |   1.8892482364632249e-03 |   1.8892482364632249e-03 | 1
 22, 28 |   4.8480532706128648e-02 |   4.8480532706128648e-02 | 1
 22, 29 |  -1.3130917386067090e-03 |  -1.3130917386067090e-03 | 1
 22, 30 |  -1.0640341860837003e-02 |  -1.0640341860837003e-02 | 1
 23,  1 |   9.7121201123408761e-04 |   9.7121201123408761e-04 | 1
 23,  2 |   9.6766554652993864e-05 |   9.6766554652993864e-05 | 1
 23,  3 |  -8.1592457336297915e-04 |  -8.1592457336297915e-04 | 1
 23,  4 |  -6.0613036175996571e-04 |  -6.0613036175996571e-04 | 1
 23,  5 |   2.7337935703287530e-03 |   2.7337935703287530e-03 | 1
 23,  6 |   4.1300787396952258e-03 |   4.1300787396952258e-03 | 1
 23,  7 |  -8.9846106867710624e-04 |  -8.9846106867710624e-04 | 1
 23,  8 |   1.3125696260211902e-03 |   1.3125696260211902e-03 | 1
 23,  9 |  -1.0885210729125823e-03 |  -1.0885210729125823e-03 | 1
 23, 10 |  -2.7672942134780384e-04 |  -2.7672942134780384e-04 | 1
 23, 11 |   1.6514701384427767e-03 |   1.6514701384427767e-03 | 1
 23, 12 |  -2.7983532672406926e-03 |  -2.7983532672406926e-03 | 1
 23, 13 |  -4.6056505060883251e-03 |  -4.6056505060883251e-03 | 1
 23, 14 |  -2.3872727850408190e-03 |  -2.3872727850408190e-03 | 1
 23, 15 |  -6.2814032728549744e-04 |  -6.2814032728549744e-04 | 1
 23, 16 |   1.4411506901589935e-03 |   1.4411506901589935e-03 | 1
 23, 17 |   2.7421346268024899e-03 |   2.7421346268024899e-03 | 1
 23, 18 |  -1.3459296088153701e-03 |  -1.3459296088153701e-03 | 1
 23, 19 |   1.3281313527732678e-03 |   1.3281313527732678e-03 | 1
 23, 20 |  -1.4544885521107302e-02 |  -1.4544885521107302e-02 | 1
 23, 21 |  -9.1316939044504830e-03 |  -9.1316939044504830e-03 | 1
 23, 22 |   1.0412759826609124e-03 |   1.0412759826609124e-03 | 1
 23, 23 |   9.0064803788533539e-03 |   9.0064803788533539e-03 | 1
 23, 24 |   7.0176172692347806e-03 |   7.0176172692347806e-03 | 1
 23, 25 |  -3.4687817089709022e-03 |  -3.4687817089709022e-03 | 1
 23, 26 |  -3.5552408436059068e-03 |  -3.5552408436059068e-03 | 1
 23, 27 |   5.4197969018881858e-04 |   5.4197969018881858e-04 | 1
 23, 28 |   1.0202103734305933e-02 |   1.0202103734305933e-02 | 1
 23, 29 |   1.0761037442930162e-02 |   1.0761037442930162e-02 | 1
 23, 30 |   3.3662856117245149e-03 |   3.3662856117245149e-03 | 1
 24,  1 |   1.6901219170757171e-04 |   1.6901219170757171e-04 | 1
 24,  2 |   5.0858841923328742e-03 |   5.0858841923328742e-03 | 1
 24,  3 |  -2.1643821505959383e-03 |  -2.1643821505959383e-03 | 1
 24,  4 |  -8.9867663546700405e-04 |  -8.9867663546700405e-04 | 1
 24,  5 |  -7.2973520399398297e-04 |  -7.2973520399398297e-04 | 1
 24,  6 |  -4.9849872749038772e-03 |  -4.9849872749038772e-03 | 1
 24,  7 |  -3.7369644425025760e-03 |  -3.7369644425025760e-03 | 1
 24,  8 |  -3.2312591849643800e-03 |  -3.2312591849643800e-03 | 1
 24,  9 |  -2.8650925167710254e-03 |  -2.8650925167710254e-03 | 1
 24, 10 |  -4.9355103563679240e-04 |  -4.9355103563679240e-04 | 1
 24, 11 |  -3.1542671014239778e-03 |  -3.1542671014239778e-03 | 1
 24, 12 |  -2.2296094505624997e-03 |  -2.2296094505624997e-03 | 1
 24, 13 |  -4.9759971335257974e-03 |  -4.9759971335257974e-03 | 1
 24, 14 |  -2.1869101643411833e-03 |  -2.1869101643411833e-03 | 1
 24, 15 |  -2.2270416335596721e-03 |  -2.2270416335596721e-03 | 1
 24, 16 |   6.0616697798415529e-03 |   6.0616697798415529e-03 | 1
 24, 17 |   2.4237113590595415e-04 |   2.4237113590595415e-04 | 1
 24, 18 |  -1.6131586259863105e-03 |  -1.6131586259863105e-03 | 1
 24, 19 |  -3.2540812856953227e-03 |  -3.2540812856953227e-03 | 1
 24, 20 |  -1.5228813455525715e-02 |  -1.5228813455525715e-02 | 1
 24, 21 |  -2.0040655855814264e-03 |  -2.0040655855814264e-03 | 1
 24, 22 |  -1.3685598031502962e-02 |  -1.3685598031502962e-02 | 1
 24, 23 |   7.0176172692347806e-03 |   7.0176172692347806e-03 | 1
 24, 24 |   2.4525085885948164e-02 |   2.4525085885948164e-02 | 1
 24, 25 |  -7.8142795293063387e-03 |  -7.8142795293063387e-03 | 1
 24, 26 |  -2.2881127700617142e-03 |  -2.2881127700617142e-03 | 1
 24, 27 |   1.0528805087718363e-03 |   1.0528805087718363e-03 | 1
 24, 28 |   1.2121028477944697e-02 |   1.2121028477944697e-02 | 1
 24, 29 |   6.8982252989304967e-03 |   6.8982252989304967e-03 | 1
 24, 30 |   6.1225715865607447e-03 |   6.1225715865607447e-03 | 1
 25,  1 |  -9.5906728403590946e-03 |  -9.5906728403590946e-03 | 1
 25,  2 |  -4.7645797612340200e-03 |  -4.7645797612340200e-03 | 1
 25,  3 |   7.3404939972620369e-03 |   7.3404939972620369e-03 | 1
 25,  4 |   2.8091419410181645e-02 |   2.8091419410181645e-02 | 1
 25,  5 |  -1.4074239254193259e-02 |  -1.4074239254193259e-02 | 1
 25,  6 |  -2.3418157233768694e-02 |  -2.3418157233768694e-02 | 1
 25,  7 |   1.2152939772690052e-03 |   1.2152939772690052e-03 | 1
 25,  8 |  -9.8657707716051993e-03 |  -9.8657707716051993e-03 | 1
 25,  9 |   5.4156420952803340e-03 |   5.4156420952803340e-03 | 1
 25, 10 |   5.1538178577245392e-05 |   5.1538178577245392e-05 | 1
 25, 11 |  -3.0618607725639273e-03 |  -3.0618607725639273e-03 | 1
 25, 12 |   9.4296589790103975e-03 |   9.4296589790103975e-03 | 1
 25, 13 |   9.3245036673953135e-04 |   9.3245036673953135e-04 | 1
 25, 14 |  -3.5521507016977833e-04 |  -3.5521507016977833e-04 | 1
 25, 15 |  -8.6205001949063997e-03 |  -8.6205001949063997e-03 | 1
 25, 16 |   1.6259688941400721e-03 |   1.6259688941400721e-03 | 1
 25, 17 |  -8.4172355260806221e-03 |  -8.4172355260806221e-03 | 1
 25, 18 |   1.1647476825095690e-02 |   1.1647476825095690e-02 | 1
 25, 19 |  -4.5346309001325497e-03 |  -4.5346309001325497e-03 | 1
 25, 20 |  -7.6731193115396473e-03 |  -7.6731193115396473e-03 | 1
 25, 21 |  -5.0264842269908978e-03 |  -5.0264842269908978e-03 | 1
 25, 22 |   6.7010987361728492e-03 |   6.7010987361728492e-03 | 1
 25, 23 |  -3.4687817089709022e-03 |  -3.4687817089709022e-03 | 1
 25, 24 |  -7.8142795293063387e-03 |  -7.8142795293063387e-03 | 1
 25, 25 |   7.0772766239913035e-02 |   7.0772766239913035e-02 | 1
 25, 26 |   1.9175881080152016e-02 |   1.9175881080152016e-02 | 1
 25, 27 |  -7.9371257719775129e-03 |  -7.9371257719775129e-03 | 1
 25, 28 |  -6.6542771084689770e-03 |  -6.6542771084689770e-03 | 1
 25, 29 |  -1.7250678848809632e-02 |  -1.7250678848809632e-02 | 1
 25, 30 |  -1.7944901708287248e-02 |  -1.7944901708287248e-02 | 1
 26,  1 |  -6.6673114307820086e-03 |  -6.6673114307820086e-03 | 1
 26,  2 |  -2.2125851641651810e-03 |  -2.2125851641651810e-03 | 1
 26,  3 |   3.7886322761915446e-03 |   3.7886322761915446e-03 | 1
 26,  4 |   4.1465312894275134e-03 |   4.1465312894275134e-03 | 1
 26,  5 |  -7.4107812449963192e-03 |  -7.4107812449963192e-03 | 1
 26,  6 |  -2.0495730143786418e-03 |  -2.0495730143786418e-03 | 1
 26,  7 |   1.5666139386614889e-03 |   1.5666139386614889e-03 | 1
 26,  8 |   1.3772072409509507e-03 |   1.3772072409509507e-03 | 1
 26,  9 |   6.3740968459964813e-03 |   6.3740968459964813e-03 | 1
 26, 10 |   3.5993733049537337e-04 |   3.5993733049537337e-04 | 1
 26, 11 |  -6.7238352000485099e-03 |  -6.7238352000485099e-03 | 1
 26, 12 |   7.6509436925147290e-03 |   7.6509436925147290e-03 | 1
 26, 13 |  -1.9676039391402066e-03 |  -1.9676039391402066e-03 | 1
 26, 14 |   1.0124304746955786e-03 |   1.0124304746955786e-03 | 1
 26, 15 |  -1.8584403231521776e-03 |  -1.8584403231521776e-03 | 1
 26, 16 |  -2.4403825053997867e-03 |  -2.4403825053997867e-03 | 1
 26, 17 |  -6.0700440175326551e-03 |  -6.0700440175326551e-03 | 1
 26, 18 |   7.2776688321894156e-03 |   7.2776688321894156e-03 | 1
 26, 19 |  -2.4000402476782243e-03 |  -2.4000402476782243e-03 | 1
 26, 20 |   2.3178221347406542e-03 |   2.3178221347406542e-03 | 1
 26, 21 |  -5.4387569850602221e-03 |  -5.4387569850602221e-03 | 1
 26, 22 |  -1.9202587929909140e-03 |  -1.9202587929909140e-03 | 1
 26, 23 |  -3.5552408436059068e-03 |  -3.5552408436059068e-03 | 1
 26, 24 |  -2.2881127700617142e-03 |  -2.2881127700617142e-03 | 1
 26, 25 |   1.9175881080152016e-02 |   1.9175881080152016e-02 | 1
 26, 26 |   1.4001680602804101e-02 |   1.4001680602804101e-02 | 1
 26, 27 |  -4.2322085552471845e-03 |  -4.2322085552471845e-03 | 1
 26, 28 |  -7.8395535746937361e-03 |  -7.8395535746937361e-03 | 1
 26, 29 |  -9.1308423352075268e-03 |  -9.1308423352075268e-03 | 1
 26, 30 |  -7.5799006263072635e-03 |  -7.5799006263072635e-03 | 1
 27,  1 |   1.4910061245543272e-03 |   1.4910061245543272e-03 | 1
 27,  2 |   2.8361541597383272e-04 |   2.8361541597383272e-04 | 1
 27,  3 |  -6.9304247868795499e-04 |  -6.9304247868795499e-04 | 1
 27,  4 |  -3.1106695171842407e-03 |  -3.1106695171842407e-03 | 1
 27,  5 |   6.1798128277691794e-03 |   6.1798128277691794e-03 | 1
 27,  6 |   5.1763572942174893e-03 |   5.1763572942174893e-03 | 1
 27,  7 |   9.1511343867579443e-05 |   9.1511343867579443e-05 | 1
 27,  8 |  -1.3345479191062769e-03 |  -1.3345479191062769e-03 | 1
 27,  9 |  -6.4015364982704199e-03 |  -6.4015364982704199e-03 | 1
 27, 10 |  -2.0107286597696736e-04 |  -2.0107286597696736e-04 | 1
 27, 11 |  -6.8259432001658064e-04 |  -6.8259432001658064e-04 | 1
 27, 12 |  -1.0675281230121518e-03 |  -1.0675281230121518e-03 | 1
 27, 13 |  -7.7505284067302133e-03 |  -7.7505284067302133e-03 | 1
 27, 14 |   6.2540463136378146e-03 |   6.2540463136378146e-03 | 1
 27, 15 |   1.0357916556380138e-03 |   1.0357916556380138e-03 | 1
 27, 16 |   1.7916361788930177e-03 |   1.7916361788930177e-03 | 1
 27, 17 |   2.0173712633284810e-03 |   2.0173712633284810e-03 | 1
 27, 18 |  -8.4731895708334043e-04 |  -8.4731895708334043e-04 | 1
 27, 19 |   4.4513249761380484e-03 |   4.4513249761380484e-03 | 1
 27, 20 |  -1.9678964452731805e-03 |  -1.9678964452731805e-03 | 1
 27, 21 |   3.9506981127236229e-03 |   3.9506981127236229e-03 | 1
 27, 22 |   1.8892482364632249e-03 |   1.8892482364632249e-03 | 1
 27, 23 |   5.4197969018881858e-04 |   5.4197969018881858e-04 | 1
 27, 24 |   1.0528805087718363e-03 |   1.0528805087718363e-03 | 1
 27, 25 |  -7.9371257719775129e-03 |  -7.9371257719775129e-03 | 1
 27, 26 |  -4.2322085552471845e-03 |  -4.2322085552471845e-03 | 1
 27, 27 |   9.2710833334605017e-03 |   9.2710833334605017e-03 | 1
 27, 28 |   9.8217031239463412e-04 |   9.8217031239463412e-04 | 1
 27, 29 |   3.8962744917511857e-03 |   3.8962744917511857e-03 | 1
 27, 30 |   5.2835720689999519e-03 |   5.2835720689999519e-03 | 1
 28,  1 |   4.2003298032818230e-03 |   4.2003298032818230e-03 | 1
 28,  2 |  -1.7961259001144916e-03 |  -1.7961259001144916e-03 | 1
 28,  3 |  -3.0132881477124111e-03 |  -3.0132881477124111e-03 | 1
 28,  4 |   1.2940583415712538e-03 |   1.2940583415712538e-03 | 1
 28,  5 |  -3.4966069475302888e-06 |  -3.4966069475302888e-06 | 1
 28,  6 |  -7.3983812849147679e-03 |  -7.3983812849147679e-03 | 1
 28,  7 |  -5.9852446268998591e-03 |  -5.9852446268998591e-03 | 1
 28,  8 |   3.7716499398734987e-03 |   3.7716499398734987e-03 | 1
 28,  9 |  -3.1175296147122316e-04 |  -3.1175296147122316e-04 | 1
 28, 10 |  -4.8667929839859658e-04 |  -4.8667929839859658e-04 | 1
 28, 11 |  -4.6730516952737042e-03 |  -4.6730516952737042e-03 | 1
 28, 12 |   3.4092399204796579e-03 |   3.4092399204796579e-03 | 1
 28, 13 |   5.1741502589570353e-03 |   5.1741502589570353e-03 | 1
 28, 14 |   2.3139196939655458e-03 |   2.3139196939655458e-03 | 1
 28, 15 |   1.9636522842083328e-03 |   1.9636522842083328e-03 | 1
 28, 16 |   3.9481233228478288e-03 |   3.9481233228478288e-03 | 1
 28, 17 |  -3.3588330815994393e-03 |  -3.3588330815994393e-03 | 1
 28, 18 |  -3.4188716528005744e-03 |  -3.4188716528005744e-03 | 1
 28, 19 |  -4.8580463366150210e-03 |  -4.8580463366150210e-03 | 1
 28, 20 |  -2.4488255400815045e-02 |  -2.4488255400815045e-02 | 1
 28, 21 |   2.2534960760659524e-03 |   2.2534960760659524e-03 | 1
 28, 22 |   4.8480532706128648e-02 |   4.8480532706128648e-02 | 1
 28, 23 |   1.0202103734305933e-02 |   1.0202103734305933e-02 | 1
 28, 24 |   1.2121028477944697e-02 |   1.2121028477944697e-02 | 1
 28, 25 |  -6.6542771084689770e-03 |  -6.6542771084689770e-03 | 1
 28, 26 |  -7.8395535746937361e-03 |  -7.8395535746937361e-03 | 1
 28, 27 |   9.8217031239463412e-04 |   9.8217031239463412e-04 | 1
 28, 28 |   4.1279269066368460e-02 |   4.1279269066368460e-02 | 1
 28, 29 |   1.3376604185000588e-02 |   1.3376604185000588e-02 | 1
 28, 30 |  -3.7476827451436224e-04 |  -3.7476827451436224e-04 | 1
 29,  1 |   3.6104699203601568e-03 |   3.6104699203601568e-03 | 1
 29,  2 |   9.3897407700931990e-04 |   9.3897407700931990e-04 | 1
 29,  3 |  -3.3376986452580111e-03 |  -3.3376986452580111e-03 | 1
 29,  4 |  -4.1092807014427163e-03 |  -4.1092807014427163e-03 | 1
 29,  5 |   9.2651730565294146e-03 |   9.2651730565294146e-03 | 1
 29,  6 |   1.2790026894939702e-02 |   1.2790026894939702e-02 | 1
 29,  7 |  -8.3767744753653701e-04 |  -8.3767744753653701e-04 | 1
 29,  8 |   3.9943939520749906e-03 |   3.9943939520749906e-03 | 1
 29,  9 |  -7.4591357609886657e-03 |  -7.4591357609886657e-03 | 1
 29, 10 |  -3.0378912591155088e-04 |  -3.0378912591155088e-04 | 1
 29, 11 |   4.0597563546237517e-03 |   4.0597563546237517e-03 | 1
 29, 12 |  -4.7645852463732742e-03 |  -4.7645852463732742e-03 | 1
 29, 13 |  -6.9048022763301062e-03 |  -6.9048022763301062e-03 | 1
 29, 14 |   1.7893817600851461e-03 |   1.7893817600851461e-03 | 1
 29, 15 |   2.3563516101816023e-03 |   2.3563516101816023e-03 | 1
 29, 16 |   1.0531553994146659e-03 |   1.0531553994146659e-03 | 1
 29, 17 |   6.0060876254845012e-03 |   6.0060876254845012e-03 | 1
 29, 18 |  -3.0225018393366322e-03 |  -3.0225018393366322e-03 | 1
 29, 19 |   3.6939543283545776e-03 |   3.6939543283545776e-03 | 1
 29, 20 |  -1.2977734008174547e-02 |  -1.2977734008174547e-02 | 1
 29, 21 |  -1.0774520679991552e-02 |  -1.0774520679991552e-02 | 1
 29, 22 |  -1.3130917386067090e-03 |  -1.3130917386067090e-03 | 1
 29, 23 |   1.0761037442930162e-02 |   1.0761037442930162e-02 | 1
 29, 24 |   6.8982252989304967e-03 |   6.8982252989304967e-03 | 1
 29, 25 |  -1.7250678848809632e-02 |  -1.7250678848809632e-02 | 1
 29, 26 |  -9.1308423352075268e-03 |  -9.1308423352075268e-03 | 1
 29, 27 |   3.8962744917511857e-03 |   3.8962744917511857e-03 | 1
 29, 28 |   1.3376604185000588e-02 |   1.3376604185000588e-02 | 1
 29, 29 |   1.8723629793447414e-02 |   1.8723629793447414e-02 | 1
 29, 30 |   2.2966808948197458e-03 |   2.2966808948197458e-03 | 1
 30,  1 |   4.4993232995614689e-03 |   4.4993232995614689e-03 | 1
 30,  2 |   1.3990389465081891e-03 |   1.3990389465081891e-03 | 1
 30,  3 |  -1.6438202933408744e-03 |  -1.6438202933408744e-03 | 1
 30,  4 |  -1.4557474451612051e-02 |  -1.4557474451612051e-02 | 1
 30,  5 |   4.7598404887402414e-03 |   4.7598404887402414e-03 | 1
 30,  6 |  -1.3291165305459670e-02 |  -1.3291165305459670e-02 | 1
 30,  7 |  -5.4874744969510226e-04 |  -5.4874744969510226e-04 | 1
 30,  8 |   2.0498610584707361e-03 |   2.0498610584707361e-03 | 1
 30,  9 |  -8.4672020758804834e-04 |  -8.4672020758804834e-04 | 1
 30, 10 |   2.3762189710465102e-04 |   2.3762189710465102e-04 | 1
 30, 11 |   5.1391312696809095e-03 |   5.1391312696809095e-03 | 1
 30, 12 |  -8.0931609719643340e-03 |  -8.0931609719643340e-03 | 1
 30, 13 |   1.0140577527181931e-02 |   1.0140577527181931e-02 | 1
 30, 14 |  -8.5152975916102727e-03 |  -8.5152975916102727e-03 | 1
 30, 15 |  -2.9523785261936987e-03 |  -2.9523785261936987e-03 | 1
 30, 16 |  -1.8601751000865065e-03 |  -1.8601751000865065e-03 | 1
 30, 17 |   6.2193927489613519e-03 |   6.2193927489613519e-03 | 1
 30, 18 |  -5.2613766346039197e-04 |  -5.2613766346039197e-04 | 1
 30, 19 |   3.6676977257997451e-03 |   3.6676977257997451e-03 | 1
 30, 20 |  -6.5695672019816832e-03 |  -6.5695672019816832e-03 | 1
 30, 21 |   2.0213801612631536e-02 |   2.0213801612631536e-02 | 1
 30, 22 |  -1.0640341860837003e-02 |  -1.0640341860837003e-02 | 1
 30, 23 |   3.3662856117245149e-03 |   3.3662856117245149e-03 | 1
 30, 24 |   6.1225715865607447e-03 |   6.1225715865607447e-03 | 1
 30, 25 |  -1.7944901708287248e-02 |  -1.7944901708287248e-02 | 1
 30, 26 |  -7.5799006263072635e-03 |  -7.5799006263072635e-03 | 1
 30, 27 |   5.2835720689999519e-03 |   5.2835720689999519e-03 | 1
 30, 28 |  -3.7476827451436224e-04 |  -3.7476827451436224e-04 | 1
 30, 29 |   2.2966808948197458e-03 |   2.2966808948197458e-03 | 1
 30, 30 |   3.9314975201852113e-02 |   3.9314975201852113e-02 | 1
