row,col | V_base                   | V_new                    | equal
  1,  1 |   5.8404807030386519e-03 |   5.8404807030386519e-03 | 1
  1,  2 |   4.4174467672150677e-03 |   4.4174467672150677e-03 | 1
  1,  3 |   4.2774361785105882e-03 |   4.2774361785105882e-03 | 1
  1,  4 |   8.9055785378980741e-03 |   8.9055785378980741e-03 | 1
  1,  5 |  -1.9100119110040162e-03 |  -1.9100119110040162e-03 | 1
  1,  6 |   7.3753414197565408e-03 |   7.3753414197565408e-03 | 1
  1,  7 |   8.5568272817347982e-03 |   8.5568272817347982e-03 | 1
  1,  8 |  -1.1892293819473210e+00 |  -1.1892293819473210e+00 | 1
  1,  9 |   4.1676651718573687e-03 |   4.1676651718573687e-03 | 1
  1, 10 |  -1.8805839947206222e-03 |  -1.8805839947206222e-03 | 1
  1, 11 |   3.2964802945301195e-04 |   3.2964802945301195e-04 | 1
  1, 12 |   5.6572086363934314e-03 |   5.6572086363934314e-03 | 1
  2,  1 |   4.4174467672150677e-03 |   4.4174467672150677e-03 | 1
  2,  2 |   3.7572250125197330e-03 |   3.7572250125197330e-03 | 1
  2,  3 |   3.6651048449209698e-03 |   3.6651048449209698e-03 | 1
  2,  4 |   6.1530749936761376e-03 |   6.1530749936761376e-03 | 1
  2,  5 |  -2.7875350656713094e-03 |  -2.7875350656713094e-03 | 1
  2,  6 |   6.3291603070788002e-03 |   6.3291603070788002e-03 | 1
  2,  7 |   5.9490508373057239e-03 |   5.9490508373057239e-03 | 1
  2,  8 |  -8.6159817120434368e-01 |  -8.6159817120434368e-01 | 1
  2,  9 |   4.2844396947205408e-03 |   4.2844396947205408e-03 | 1
  2, 10 |   1.1083520330264483e-03 |   1.1083520330264483e-03 | 1
  2, 11 |   1.5229738627480821e-03 |   1.5229738627480821e-03 | 1
  2, 12 |   4.2661826304115531e-03 |   4.2661826304115531e-03 | 1
  3,  1 |   4.2774361785105882e-03 |   4.2774361785105882e-03 | 1
  3,  2 |   3.6651048449209698e-03 |   3.6651048449209698e-03 | 1
  3,  3 |   3.6267904798155557e-03 |   3.6267904798155557e-03 | 1
  3,  4 |   5.9073113925135028e-03 |   5.9073113925135028e-03 | 1
  3,  5 |  -2.8144955422950728e-03 |  -2.8144955422950728e-03 | 1
  3,  6 |   6.2223567819334087e-03 |   6.2223567819334087e-03 | 1
  3,  7 |   5.7132419114218789e-03 |   5.7132419114218789e-03 | 1
  3,  8 |  -8.3241439719191046e-01 |  -8.3241439719191046e-01 | 1
  3,  9 |   4.2875924273989138e-03 |   4.2875924273989138e-03 | 1
  3, 10 |   1.3079437589024914e-03 |   1.3079437589024914e-03 | 1
  3, 11 |   1.6259265734658867e-03 |   1.6259265734658867e-03 | 1
  3, 12 |   4.1582783100141008e-03 |   4.1582783100141008e-03 | 1
  4,  1 |   8.9055785378980741e-03 |   8.9055785378980741e-03 | 1
  4,  2 |   6.1530749936761376e-03 |   6.1530749936761376e-03 | 1
  4,  3 |   5.9073113925135028e-03 |   5.9073113925135028e-03 | 1
  4,  4 |   1.5328679542385568e-02 |   1.5328679542385568e-02 | 1
  4,  5 |  -1.6940360895864323e-03 |  -1.6940360895864323e-03 | 1
  4,  6 |   1.0356913006386409e-02 |   1.0356913006386409e-02 | 1
  4,  7 |   1.4163261093299562e-02 |   1.4163261093299562e-02 | 1
  4,  8 |  -1.9544081338492716e+00 |  -1.9544081338492716e+00 | 1
  4,  9 |   4.6770242214005091e-03 |   4.6770242214005091e-03 | 1
  4, 10 |  -7.4189445974820727e-03 |  -7.4189445974820727e-03 | 1
  4, 11 |  -1.7833307460600769e-03 |  -1.7833307460600769e-03 | 1
  4, 12 |   8.4839638242633596e-03 |   8.4839638242633596e-03 | 1
  5,  1 |  -1.9100119110040162e-03 |  -1.9100119110040162e-03 | 1
  5,  2 |  -2.7875350656713094e-03 |  -2.7875350656713094e-03 | 1
  5,  3 |  -2.8144955422950728e-03 |  -2.8144955422950728e-03 | 1
  5,  4 |  -1.6940360895864323e-03 |  -1.6940360895864323e-03 | 1
  5,  5 |   6.4140571606005239e-02 |   6.4140571606005239e-02 | 1
  5,  6 |  -1.0636273411598032e-02 |  -1.0636273411598032e-02 | 1
  5,  7 |   5.6681770053811586e-04 |   5.6681770053811586e-04 | 1
  5,  8 |   1.4450836393500683e+00 |   1.4450836393500683e+00 | 1
  5,  9 |  -1.0252900526783631e-02 |  -1.0252900526783631e-02 | 1
  5, 10 |  -6.5158297645039158e-03 |  -6.5158297645039158e-03 | 1
  5, 11 |  -5.3357579978620430e-03 |  -5.3357579978620430e-03 | 1
  5, 12 |  -1.3124730461079146e-03 |  -1.3124730461079146e-03 | 1
  6,  1 |   7.3753414197565408e-03 |   7.3753414197565408e-03 | 1
  6,  2 |   6.3291603070788002e-03 |   6.3291603070788002e-03 | 1
  6,  3 |   6.2223567819334087e-03 |   6.2223567819334087e-03 | 1
  6,  4 |   1.0356913006386409e-02 |   1.0356913006386409e-02 | 1
  6,  5 |  -1.0636273411598032e-02 |  -1.0636273411598032e-02 | 1
  6,  6 |   1.1569442726671994e-02 |   1.1569442726671994e-02 | 1
  6,  7 |   9.8616885154792777e-03 |   9.8616885154792777e-03 | 1
  6,  8 |  -1.6111954823684302e+00 |  -1.6111954823684302e+00 | 1
  6,  9 |   7.9401745111129102e-03 |   7.9401745111129102e-03 | 1
  6, 10 |   2.0301385489988992e-03 |   2.0301385489988992e-03 | 1
  6, 11 |   2.8177812968234375e-03 |   2.8177812968234375e-03 | 1
  6, 12 |   6.9194045390272765e-03 |   6.9194045390272765e-03 | 1
  7,  1 |   8.5568272817347982e-03 |   8.5568272817347982e-03 | 1
  7,  2 |   5.9490508373057239e-03 |   5.9490508373057239e-03 | 1
  7,  3 |   5.7132419114218789e-03 |   5.7132419114218789e-03 | 1
  7,  4 |   1.4163261093299562e-02 |   1.4163261093299562e-02 | 1
  7,  5 |   5.6681770053811586e-04 |   5.6681770053811586e-04 | 1
  7,  6 |   9.8616885154792777e-03 |   9.8616885154792777e-03 | 1
  7,  7 |   1.3602886120667981e-02 |   1.3602886120667981e-02 | 1
  7,  8 |  -1.8216581930830182e+00 |  -1.8216581930830182e+00 | 1
  7,  9 |   4.4794116328970247e-03 |   4.4794116328970247e-03 | 1
  7, 10 |  -6.5808124926427618e-03 |  -6.5808124926427618e-03 | 1
  7, 11 |  -1.4265089820115549e-03 |  -1.4265089820115549e-03 | 1
  7, 12 |   8.2246179500916634e-03 |   8.2246179500916634e-03 | 1
  8,  1 |  -1.1892293819473210e+00 |  -1.1892293819473210e+00 | 1
  8,  2 |  -8.6159817120434368e-01 |  -8.6159817120434368e-01 | 1
  8,  3 |  -8.3241439719191046e-01 |  -8.3241439719191046e-01 | 1
  8,  4 |  -1.9544081338492716e+00 |  -1.9544081338492716e+00 | 1
  8,  5 |   1.4450836393500683e+00 |   1.4450836393500683e+00 | 1
  8,  6 |  -1.6111954823684302e+00 |  -1.6111954823684302e+00 | 1
  8,  7 |  -1.8216581930830182e+00 |  -1.8216581930830182e+00 | 1
  8,  8 |   2.8860928956048122e+02 |   2.8860928956048122e+02 | 1
  8,  9 |  -8.6520072795174496e-01 |  -8.6520072795174496e-01 | 1
  8, 10 |   7.8495160087344074e-01 |   7.8495160087344074e-01 | 1
  8, 11 |   8.1529531573483208e-02 |   8.1529531573483208e-02 | 1
  8, 12 |  -1.1029575863518928e+00 |  -1.1029575863518928e+00 | 1
  9,  1 |   4.1676651718573687e-03 |   4.1676651718573687e-03 | 1
  9,  2 |   4.2844396947205408e-03 |   4.2844396947205408e-03 | 1
  9,  3 |   4.2875924273989138e-03 |   4.2875924273989138e-03 | 1
  9,  4 |   4.6770242214005091e-03 |   4.6770242214005091e-03 | 1
  9,  5 |  -1.0252900526783631e-02 |  -1.0252900526783631e-02 | 1
  9,  6 |   7.9401745111129102e-03 |   7.9401745111129102e-03 | 1
  9,  7 |   4.4794116328970247e-03 |   4.4794116328970247e-03 | 1
  9,  8 |  -8.6520072795174496e-01 |  -8.6520072795174496e-01 | 1
  9,  9 |   7.0620554545452888e-03 |   7.0620554545452888e-03 | 1
  9, 10 |   5.4426082905856994e-03 |   5.4426082905856994e-03 | 1
  9, 11 |   3.9623259767219152e-03 |   3.9623259767219152e-03 | 1
  9, 12 |   4.0830808828501864e-03 |   4.0830808828501864e-03 | 1
 10,  1 |  -1.8805839947206222e-03 |  -1.8805839947206222e-03 | 1
 10,  2 |   1.1083520330264483e-03 |   1.1083520330264483e-03 | 1
 10,  3 |   1.3079437589024914e-03 |   1.3079437589024914e-03 | 1
 10,  4 |  -7.4189445974820727e-03 |  -7.4189445974820727e-03 | 1
 10,  5 |  -6.5158297645039158e-03 |  -6.5158297645039158e-03 | 1
 10,  6 |   2.0301385489988992e-03 |   2.0301385489988992e-03 | 1
 10,  7 |  -6.5808124926427618e-03 |  -6.5808124926427618e-03 | 1
 10,  8 |   7.8495160087344074e-01 |   7.8495160087344074e-01 | 1
 10,  9 |   5.4426082905856994e-03 |   5.4426082905856994e-03 | 1
 10, 10 |   1.9167129560140130e-02 |   1.9167129560140130e-02 | 1
 10, 11 |   8.4178582623131715e-03 |   8.4178582623131715e-03 | 1
 10, 12 |  -1.7793123479226596e-03 |  -1.7793123479226596e-03 | 1
 11,  1 |   3.2964802945301195e-04 |   3.2964802945301195e-04 | 1
 11,  2 |   1.5229738627480821e-03 |   1.5229738627480821e-03 | 1
 11,  3 |   1.6259265734658867e-03 |   1.6259265734658867e-03 | 1
 11,  4 |  -1.7833307460600769e-03 |  -1.7833307460600769e-03 | 1
 11,  5 |  -5.3357579978620430e-03 |  -5.3357579978620430e-03 | 1
 11,  6 |   2.8177812968234375e-03 |   2.8177812968234375e-03 | 1
 11,  7 |  -1.4265089820115549e-03 |  -1.4265089820115549e-03 | 1
 11,  8 |   8.1529531573483208e-02 |   8.1529531573483208e-02 | 1
 11,  9 |   3.9623259767219152e-03 |   3.9623259767219152e-03 | 1
 11, 10 |   8.4178582623131715e-03 |   8.4178582623131715e-03 | 1
 11, 11 |   4.4062457792724986e-03 |   4.4062457792724986e-03 | 1
 11, 12 |   3.9643307769073770e-04 |   3.9643307769073770e-04 | 1
 12,  1 |   5.6572086363934314e-03 |   5.6572086363934314e-03 | 1
 12,  2 |   4.2661826304115531e-03 |   4.2661826304115531e-03 | 1
 12,  3 |   4.1582783100141008e-03 |   4.1582783100141008e-03 | 1
 12,  4 |   8.4839638242633596e-03 |   8.4839638242633596e-03 | 1
 12,  5 |  -1.3124730461079146e-03 |  -1.3124730461079146e-03 | 1
 12,  6 |   6.9194045390272765e-03 |   6.9194045390272765e-03 | 1
 12,  7 |   8.2246179500916634e-03 |   8.2246179500916634e-03 | 1
 12,  8 |  -1.1029575863518928e+00 |  -1.1029575863518928e+00 | 1
 12,  9 |   4.0830808828501864e-03 |   4.0830808828501864e-03 | 1
 12, 10 |  -1.7793123479226596e-03 |  -1.7793123479226596e-03 | 1
 12, 11 |   3.9643307769073770e-04 |   3.9643307769073770e-04 | 1
 12, 12 |   5.7679574303809364e-03 |   5.7679574303809364e-03 | 1
