row,col | V_base                   | V_new                    | equal
  1,  1 |   1.0198923635680287e-03 |   1.0198923635680287e-03 | 1
  1,  2 |   1.1284581376066749e-03 |   1.1284581376066749e-03 | 1
  1,  3 |   8.6528342017182767e-04 |   8.6528342017182767e-04 | 1
  1,  4 |   1.0143709339292283e-03 |   1.0143709339292283e-03 | 1
  1,  5 |   5.0172824584859669e-04 |   5.0172824584859669e-04 | 1
  1,  6 |  -1.4424671526327048e-02 |  -1.4424671526327048e-02 | 1
  1,  7 |  -9.1307225476338402e-03 |  -9.1307225476338402e-03 | 1
  1,  8 |  -2.8546589881063816e-04 |  -2.8546589881063816e-04 | 1
  1,  9 |  -6.6378920641445017e-05 |  -6.6378920641445017e-05 | 1
  1, 10 |   2.5181506964464637e-03 |   2.5181506964464637e-03 | 1
  1, 11 |   4.2329156349028146e-03 |   4.2329156349028146e-03 | 1
  1, 12 |   6.5089928153662076e-04 |   6.5089928153662076e-04 | 1
  1, 13 |   6.5451833873408373e-04 |   6.5451833873408373e-04 | 1
  1, 14 |  -9.5666928125749909e-05 |  -9.5666928125749909e-05 | 1
  1, 15 |  -1.8015179374584560e-03 |  -1.8015179374584560e-03 | 1
  1, 16 |   1.7860337629232322e-03 |   1.7860337629232322e-03 | 1
  1, 17 |  -3.5751854416548516e-04 |  -3.5751854416548516e-04 | 1
  1, 18 |  -2.8984838593173242e-04 |  -2.8984838593173242e-04 | 1
  1, 19 |  -2.2996628851778590e-04 |  -2.2996628851778590e-04 | 1
  1, 20 |   1.1229563737511794e-03 |   1.1229563737511794e-03 | 1
  1, 21 |   9.6306193234930467e-05 |   9.6306193234930467e-05 | 1
  2,  1 |   1.1284581376066749e-03 |   1.1284581376066749e-03 | 1
  2,  2 |   2.9110983429944909e-03 |   2.9110983429944909e-03 | 1
  2,  3 |   6.1385136525674976e-04 |   6.1385136525674976e-04 | 1
  2,  4 |   1.1957025580978430e-03 |   1.1957025580978430e-03 | 1
  2,  5 |   7.4220472663180063e-04 |   7.4220472663180063e-04 | 1
  2,  6 |  -2.7702278991328100e-02 |  -2.7702278991328100e-02 | 1
  2,  7 |  -1.3187659980797080e-02 |  -1.3187659980797080e-02 | 1
  2,  8 |   2.0012117275875673e-04 |   2.0012117275875673e-04 | 1
  2,  9 |  -4.4246493995634187e-04 |  -4.4246493995634187e-04 | 1
  2, 10 |   4.3869492233189200e-03 |   4.3869492233189200e-03 | 1
  2, 11 |   6.3617609901998138e-03 |   6.3617609901998138e-03 | 1
  2, 12 |   1.1704330960591028e-03 |   1.1704330960591028e-03 | 1
  2, 13 |   1.7122884152600843e-03 |   1.7122884152600843e-03 | 1
  2, 14 |  -4.1341251573801668e-04 |  -4.1341251573801668e-04 | 1
  2, 15 |  -4.2476910258284284e-03 |  -4.2476910258284284e-03 | 1
  2, 16 |   2.4351937701141847e-03 |   2.4351937701141847e-03 | 1
  2, 17 |  -6.3535495518205734e-04 |  -6.3535495518205734e-04 | 1
  2, 18 |  -7.0152029854501734e-04 |  -7.0152029854501734e-04 | 1
  2, 19 |  -2.5556603042980357e-04 |  -2.5556603042980357e-04 | 1
  2, 20 |   1.4067435702155105e-03 |   1.4067435702155105e-03 | 1
  2, 21 |  -2.0852273128799538e-04 |  -2.0852273128799538e-04 | 1
  3,  1 |   8.6528342017182767e-04 |   8.6528342017182767e-04 | 1
  3,  2 |   6.1385136525674976e-04 |   6.1385136525674976e-04 | 1
  3,  3 |   1.9381166864571610e-03 |   1.9381166864571610e-03 | 1
  3,  4 |   1.1367790554868557e-03 |   1.1367790554868557e-03 | 1
  3,  5 |   4.4103334358856555e-04 |   4.4103334358856555e-04 | 1
  3,  6 |  -7.8430499715698397e-03 |  -7.8430499715698397e-03 | 1
  3,  7 |  -2.5480445009153408e-02 |  -2.5480445009153408e-02 | 1
  3,  8 |  -4.9184220448291154e-04 |  -4.9184220448291154e-04 | 1
  3,  9 |   2.8428994489263729e-04 |   2.8428994489263729e-04 | 1
  3, 10 |   2.5791903320870574e-03 |   2.5791903320870574e-03 | 1
  3, 11 |   3.1391682500275788e-03 |   3.1391682500275788e-03 | 1
  3, 12 |   9.1788748854096879e-04 |   9.1788748854096879e-04 | 1
  3, 13 |   8.6584305294348134e-05 |   8.6584305294348134e-05 | 1
  3, 14 |  -1.1928104684692494e-04 |  -1.1928104684692494e-04 | 1
  3, 15 |  -2.2612893726822935e-03 |  -2.2612893726822935e-03 | 1
  3, 16 |   2.1808059731421121e-03 |   2.1808059731421121e-03 | 1
  3, 17 |  -3.8023353996327407e-04 |  -3.8023353996327407e-04 | 1
  3, 18 |  -2.3291813967636545e-04 |  -2.3291813967636545e-04 | 1
  3, 19 |  -3.8630147887163725e-04 |  -3.8630147887163725e-04 | 1
  3, 20 |   1.0796503103801766e-03 |   1.0796503103801766e-03 | 1
  3, 21 |   3.5661887715898407e-04 |   3.5661887715898407e-04 | 1
  4,  1 |   1.0143709339292283e-03 |   1.0143709339292283e-03 | 1
  4,  2 |   1.1957025580978430e-03 |   1.1957025580978430e-03 | 1
  4,  3 |   1.1367790554868557e-03 |   1.1367790554868557e-03 | 1
  4,  4 |   2.2189901291878949e-03 |   2.2189901291878949e-03 | 1
  4,  5 |   6.3189965597960281e-05 |   6.3189965597960281e-05 | 1
  4,  6 |   3.7121953478913721e-03 |   3.7121953478913721e-03 | 1
  4,  7 |  -3.6444669293376003e-02 |  -3.6444669293376003e-02 | 1
  4,  8 |   9.4584314880796858e-04 |   9.4584314880796858e-04 | 1
  4,  9 |   1.8947363489012374e-04 |   1.8947363489012374e-04 | 1
  4, 10 |   2.7210956384854665e-03 |   2.7210956384854665e-03 | 1
  4, 11 |   3.4631514648735292e-03 |   3.4631514648735292e-03 | 1
  4, 12 |   1.4621495969877048e-03 |   1.4621495969877048e-03 | 1
  4, 13 |   2.0580595671546416e-04 |   2.0580595671546416e-04 | 1
  4, 14 |   1.7312640835053540e-05 |   1.7312640835053540e-05 | 1
  4, 15 |  -2.7424611688847030e-03 |  -2.7424611688847030e-03 | 1
  4, 16 |   2.0701317700407224e-03 |   2.0701317700407224e-03 | 1
  4, 17 |  -6.9836370378243860e-04 |  -6.9836370378243860e-04 | 1
  4, 18 |  -3.3510276380709672e-04 |  -3.3510276380709672e-04 | 1
  4, 19 |  -4.1703470191277789e-04 |  -4.1703470191277789e-04 | 1
  4, 20 |   1.2577179504643082e-03 |   1.2577179504643082e-03 | 1
  4, 21 |   1.6147932158148222e-04 |   1.6147932158148222e-04 | 1
  5,  1 |   5.0172824584859669e-04 |   5.0172824584859669e-04 | 1
  5,  2 |   7.4220472663180063e-04 |   7.4220472663180063e-04 | 1
  5,  3 |   4.4103334358856555e-04 |   4.4103334358856555e-04 | 1
  5,  4 |   6.3189965597960281e-05 |   6.3189965597960281e-05 | 1
  5,  5 |   5.8362323610217648e-03 |   5.8362323610217648e-03 | 1
  5,  6 |  -6.7990617611847104e-02 |  -6.7990617611847104e-02 | 1
  5,  7 |  -1.5642069346375555e-02 |  -1.5642069346375555e-02 | 1
  5,  8 |  -1.6434363827660837e-03 |  -1.6434363827660837e-03 | 1
  5,  9 |   8.8993598317935359e-04 |   8.8993598317935359e-04 | 1
  5, 10 |   6.2745611944036370e-03 |   6.2745611944036370e-03 | 1
  5, 11 |   6.1995954971903206e-03 |   6.1995954971903206e-03 | 1
  5, 12 |   4.5426806025719363e-04 |   4.5426806025719363e-04 | 1
  5, 13 |  -2.0569222643053208e-03 |  -2.0569222643053208e-03 | 1
  5, 14 |  -1.0748618634943692e-04 |  -1.0748618634943692e-04 | 1
  5, 15 |  -7.3327284909179861e-03 |  -7.3327284909179861e-03 | 1
  5, 16 |   3.8872823488627158e-03 |   3.8872823488627158e-03 | 1
  5, 17 |   2.1907205441802426e-04 |   2.1907205441802426e-04 | 1
  5, 18 |  -3.0016388473147341e-04 |  -3.0016388473147341e-04 | 1
  5, 19 |  -2.8124156667643375e-04 |  -2.8124156667643375e-04 | 1
  5, 20 |   6.3465356496372326e-04 |   6.3465356496372326e-04 | 1
  5, 21 |   7.3957176348517776e-05 |   7.3957176348517776e-05 | 1
  6,  1 |  -1.4424671526327048e-02 |  -1.4424671526327048e-02 | 1
  6,  2 |  -2.7702278991328100e-02 |  -2.7702278991328100e-02 | 1
  6,  3 |  -7.8430499715698397e-03 |  -7.8430499715698397e-03 | 1
  6,  4 |   3.7121953478913721e-03 |   3.7121953478913721e-03 | 1
  6,  5 |  -6.7990617611847104e-02 |  -6.7990617611847104e-02 | 1
  6,  6 |   2.5912430231228369e+00 |   2.5912430231228369e+00 | 1
  6,  7 |   5.9146104213391150e-02 |   5.9146104213391150e-02 | 1
  6,  8 |   6.8305640038938825e-02 |   6.8305640038938825e-02 | 1
  6,  9 |  -1.0079215034532874e-02 |  -1.0079215034532874e-02 | 1
  6, 10 |  -1.4023427593794699e-01 |  -1.4023427593794699e-01 | 1
  6, 11 |  -1.8955525926431505e-02 |  -1.8955525926431505e-02 | 1
  6, 12 |  -2.0904264399280597e-02 |  -2.0904264399280597e-02 | 1
  6, 13 |   3.5446956788228165e-02 |   3.5446956788228165e-02 | 1
  6, 14 |  -2.2534138430533181e-02 |  -2.2534138430533181e-02 | 1
  6, 15 |   1.2166148570535666e-01 |   1.2166148570535666e-01 | 1
  6, 16 |  -6.6772504289896978e-02 |  -6.6772504289896978e-02 | 1
  6, 17 |  -7.6501688595387585e-03 |  -7.6501688595387585e-03 | 1
  6, 18 |   5.6025229092378859e-03 |   5.6025229092378859e-03 | 1
  6, 19 |  -4.4288928477393612e-04 |  -4.4288928477393612e-04 | 1
  6, 20 |  -2.2164574208012496e-02 |  -2.2164574208012496e-02 | 1
  6, 21 |   5.6612610030113558e-04 |   5.6612610030113558e-04 | 1
  7,  1 |  -9.1307225476338402e-03 |  -9.1307225476338402e-03 | 1
  7,  2 |  -1.3187659980797080e-02 |  -1.3187659980797080e-02 | 1
  7,  3 |  -2.5480445009153408e-02 |  -2.5480445009153408e-02 | 1
  7,  4 |  -3.6444669293376003e-02 |  -3.6444669293376003e-02 | 1
  7,  5 |  -1.5642069346375555e-02 |  -1.5642069346375555e-02 | 1
  7,  6 |   5.9146104213391150e-02 |   5.9146104213391150e-02 | 1
  7,  7 |   1.7308595443982435e+00 |   1.7308595443982435e+00 | 1
  7,  8 |  -2.3068595244499820e-02 |  -2.3068595244499820e-02 | 1
  7,  9 |  -1.6206858069335351e-02 |  -1.6206858069335351e-02 | 1
  7, 10 |  -7.5682158219172596e-02 |  -7.5682158219172596e-02 | 1
  7, 11 |  -1.1694136882082345e-01 |  -1.1694136882082345e-01 | 1
  7, 12 |  -1.5446491809424234e-02 |  -1.5446491809424234e-02 | 1
  7, 13 |   7.8066889258356933e-02 |   7.8066889258356933e-02 | 1
  7, 14 |  -1.5776340179954897e-03 |  -1.5776340179954897e-03 | 1
  7, 15 |   1.2672641336570500e-01 |   1.2672641336570500e-01 | 1
  7, 16 |  -5.1147374813553456e-02 |  -5.1147374813553456e-02 | 1
  7, 17 |   1.4726016258711349e-02 |   1.4726016258711349e-02 | 1
  7, 18 |   9.5008050096585389e-03 |   9.5008050096585389e-03 | 1
  7, 19 |   1.5102963354356357e-02 |   1.5102963354356357e-02 | 1
  7, 20 |  -1.5892200497504984e-02 |  -1.5892200497504984e-02 | 1
  7, 21 |   2.9591034233513534e-03 |   2.9591034233513534e-03 | 1
  8,  1 |  -2.8546589881063816e-04 |  -2.8546589881063816e-04 | 1
  8,  2 |   2.0012117275875673e-04 |   2.0012117275875673e-04 | 1
  8,  3 |  -4.9184220448291154e-04 |  -4.9184220448291154e-04 | 1
  8,  4 |   9.4584314880796858e-04 |   9.4584314880796858e-04 | 1
  8,  5 |  -1.6434363827660837e-03 |  -1.6434363827660837e-03 | 1
  8,  6 |   6.8305640038938825e-02 |   6.8305640038938825e-02 | 1
  8,  7 |  -2.3068595244499820e-02 |  -2.3068595244499820e-02 | 1
  8,  8 |   5.9836973064006484e-03 |   5.9836973064006484e-03 | 1
  8,  9 |  -7.6120188499795381e-04 |  -7.6120188499795381e-04 | 1
  8, 10 |  -1.7947554852363297e-03 |  -1.7947554852363297e-03 | 1
  8, 11 |   4.5036651341631082e-03 |   4.5036651341631082e-03 | 1
  8, 12 |   7.2023438717599671e-04 |   7.2023438717599671e-04 | 1
  8, 13 |   1.6809629195432361e-03 |   1.6809629195432361e-03 | 1
  8, 14 |  -7.1589950634659712e-04 |  -7.1589950634659712e-04 | 1
  8, 15 |   4.9262686528502117e-04 |   4.9262686528502117e-04 | 1
  8, 16 |  -3.1944011239573187e-04 |  -3.1944011239573187e-04 | 1
  8, 17 |  -1.6733766068924378e-04 |  -1.6733766068924378e-04 | 1
  8, 18 |   1.0421270253533122e-04 |   1.0421270253533122e-04 | 1
  8, 19 |   3.6093124257013053e-04 |   3.6093124257013053e-04 | 1
  8, 20 |  -7.1421848865481146e-04 |  -7.1421848865481146e-04 | 1
  8, 21 |   6.2980383651374896e-04 |   6.2980383651374896e-04 | 1
  9,  1 |  -6.6378920641445017e-05 |  -6.6378920641445017e-05 | 1
  9,  2 |  -4.4246493995634187e-04 |  -4.4246493995634187e-04 | 1
  9,  3 |   2.8428994489263729e-04 |   2.8428994489263729e-04 | 1
  9,  4 |   1.8947363489012374e-04 |   1.8947363489012374e-04 | 1
  9,  5 |   8.8993598317935359e-04 |   8.8993598317935359e-04 | 1
  9,  6 |  -1.0079215034532874e-02 |  -1.0079215034532874e-02 | 1
  9,  7 |  -1.6206858069335351e-02 |  -1.6206858069335351e-02 | 1
  9,  8 |  -7.6120188499795381e-04 |  -7.6120188499795381e-04 | 1
  9,  9 |   6.8962434102130224e-04 |   6.8962434102130224e-04 | 1
  9, 10 |   1.5866071909224140e-03 |   1.5866071909224140e-03 | 1
  9, 11 |  -1.2757497726836146e-03 |  -1.2757497726836146e-03 | 1
  9, 12 |   2.8106987093013308e-04 |   2.8106987093013308e-04 | 1
  9, 13 |  -1.8148808760957019e-03 |  -1.8148808760957019e-03 | 1
  9, 14 |   3.2730243410062016e-04 |   3.2730243410062016e-04 | 1
  9, 15 |  -1.6379801460882531e-03 |  -1.6379801460882531e-03 | 1
  9, 16 |   3.8274000838994814e-04 |   3.8274000838994814e-04 | 1
  9, 17 |  -6.7714074135492581e-05 |  -6.7714074135492581e-05 | 1
  9, 18 |  -7.0475555807856329e-05 |  -7.0475555807856329e-05 | 1
  9, 19 |  -3.2849057308639173e-04 |  -3.2849057308639173e-04 | 1
  9, 20 |   2.7429678685542625e-05 |   2.7429678685542625e-05 | 1
  9, 21 |  -2.2873053224986190e-04 |  -2.2873053224986190e-04 | 1
 10,  1 |   2.5181506964464637e-03 |   2.5181506964464637e-03 | 1
 10,  2 |   4.3869492233189200e-03 |   4.3869492233189200e-03 | 1
 10,  3 |   2.5791903320870574e-03 |   2.5791903320870574e-03 | 1
 10,  4 |   2.7210956384854665e-03 |   2.7210956384854665e-03 | 1
 10,  5 |   6.2745611944036370e-03 |   6.2745611944036370e-03 | 1
 10,  6 |  -1.4023427593794699e-01 |  -1.4023427593794699e-01 | 1
 10,  7 |  -7.5682158219172596e-02 |  -7.5682158219172596e-02 | 1
 10,  8 |  -1.7947554852363297e-03 |  -1.7947554852363297e-03 | 1
 10,  9 |   1.5866071909224140e-03 |   1.5866071909224140e-03 | 1
 10, 10 |   2.0264814398365288e-02 |   2.0264814398365288e-02 | 1
 10, 11 |   1.0928425319995407e-02 |   1.0928425319995407e-02 | 1
 10, 12 |   4.6972458915593611e-03 |   4.6972458915593611e-03 | 1
 10, 13 |  -1.7113334352511569e-03 |  -1.7113334352511569e-03 | 1
 10, 14 |   5.2879016219344814e-04 |   5.2879016219344814e-04 | 1
 10, 15 |  -1.7177758964796543e-02 |  -1.7177758964796543e-02 | 1
 10, 16 |   7.7344058664778675e-03 |   7.7344058664778675e-03 | 1
 10, 17 |  -1.2178719143019164e-03 |  -1.2178719143019164e-03 | 1
 10, 18 |  -1.6888253013785438e-03 |  -1.6888253013785438e-03 | 1
 10, 19 |  -1.5773090166982728e-03 |  -1.5773090166982728e-03 | 1
 10, 20 |   3.0966331958926464e-03 |   3.0966331958926464e-03 | 1
 10, 21 |  -1.2786321331575987e-03 |  -1.2786321331575987e-03 | 1
 11,  1 |   4.2329156349028146e-03 |   4.2329156349028146e-03 | 1
 11,  2 |   6.3617609901998138e-03 |   6.3617609901998138e-03 | 1
 11,  3 |   3.1391682500275788e-03 |   3.1391682500275788e-03 | 1
 11,  4 |   3.4631514648735292e-03 |   3.4631514648735292e-03 | 1
 11,  5 |   6.1995954971903206e-03 |   6.1995954971903206e-03 | 1
 11,  6 |  -1.8955525926431505e-02 |  -1.8955525926431505e-02 | 1
 11,  7 |  -1.1694136882082345e-01 |  -1.1694136882082345e-01 | 1
 11,  8 |   4.5036651341631082e-03 |   4.5036651341631082e-03 | 1
 11,  9 |  -1.2757497726836146e-03 |  -1.2757497726836146e-03 | 1
 11, 10 |   1.0928425319995407e-02 |   1.0928425319995407e-02 | 1
 11, 11 |   6.9325416650292931e-02 |   6.9325416650292931e-02 | 1
 11, 12 |  -4.3524916274150444e-03 |  -4.3524916274150444e-03 | 1
 11, 13 |  -4.4244884898068373e-03 |  -4.4244884898068373e-03 | 1
 11, 14 |  -3.1457229007474871e-03 |  -3.1457229007474871e-03 | 1
 11, 15 |  -2.0944620199858474e-02 |  -2.0944620199858474e-02 | 1
 11, 16 |   1.8103731118205332e-02 |   1.8103731118205332e-02 | 1
 11, 17 |  -1.8285905338652224e-03 |  -1.8285905338652224e-03 | 1
 11, 18 |  -1.4729483220298064e-03 |  -1.4729483220298064e-03 | 1
 11, 19 |  -6.6385900421506128e-04 |  -6.6385900421506128e-04 | 1
 11, 20 |   4.8342658035683177e-03 |   4.8342658035683177e-03 | 1
 11, 21 |   3.4588064389797796e-03 |   3.4588064389797796e-03 | 1
 12,  1 |   6.5089928153662076e-04 |   6.5089928153662076e-04 | 1
 12,  2 |   1.1704330960591028e-03 |   1.1704330960591028e-03 | 1
 12,  3 |   9.1788748854096879e-04 |   9.1788748854096879e-04 | 1
 12,  4 |   1.4621495969877048e-03 |   1.4621495969877048e-03 | 1
 12,  5 |   4.5426806025719363e-04 |   4.5426806025719363e-04 | 1
 12,  6 |  -2.0904264399280597e-02 |  -2.0904264399280597e-02 | 1
 12,  7 |  -1.5446491809424234e-02 |  -1.5446491809424234e-02 | 1
 12,  8 |   7.2023438717599671e-04 |   7.2023438717599671e-04 | 1
 12,  9 |   2.8106987093013308e-04 |   2.8106987093013308e-04 | 1
 12, 10 |   4.6972458915593611e-03 |   4.6972458915593611e-03 | 1
 12, 11 |  -4.3524916274150444e-03 |  -4.3524916274150444e-03 | 1
 12, 12 |   3.4480362067726639e-03 |   3.4480362067726639e-03 | 1
 12, 13 |   2.1693963745399217e-03 |   2.1693963745399217e-03 | 1
 12, 14 |   2.5237910154978351e-04 |   2.5237910154978351e-04 | 1
 12, 15 |  -2.4507500922744960e-03 |  -2.4507500922744960e-03 | 1
 12, 16 |   8.5780954111541600e-04 |   8.5780954111541600e-04 | 1
 12, 17 |  -3.2779034892307663e-04 |  -3.2779034892307663e-04 | 1
 12, 18 |  -2.8983292165249034e-04 |  -2.8983292165249034e-04 | 1
 12, 19 |  -2.9487822967686085e-04 |  -2.9487822967686085e-04 | 1
 12, 20 |   7.1700490954570723e-04 |   7.1700490954570723e-04 | 1
 12, 21 |  -2.3076900801572453e-04 |  -2.3076900801572453e-04 | 1
 13,  1 |   6.5451833873408373e-04 |   6.5451833873408373e-04 | 1
 13,  2 |   1.7122884152600843e-03 |   1.7122884152600843e-03 | 1
 13,  3 |   8.6584305294348134e-05 |   8.6584305294348134e-05 | 1
 13,  4 |   2.0580595671546416e-04 |   2.0580595671546416e-04 | 1
 13,  5 |  -2.0569222643053208e-03 |  -2.0569222643053208e-03 | 1
 13,  6 |   3.5446956788228165e-02 |   3.5446956788228165e-02 | 1
 13,  7 |   7.8066889258356933e-02 |   7.8066889258356933e-02 | 1
 13,  8 |   1.6809629195432361e-03 |   1.6809629195432361e-03 | 1
 13,  9 |  -1.8148808760957019e-03 |  -1.8148808760957019e-03 | 1
 13, 10 |  -1.7113334352511569e-03 |  -1.7113334352511569e-03 | 1
 13, 11 |  -4.4244884898068373e-03 |  -4.4244884898068373e-03 | 1
 13, 12 |   2.1693963745399217e-03 |   2.1693963745399217e-03 | 1
 13, 13 |   1.2544685213975873e-02 |   1.2544685213975873e-02 | 1
 13, 14 |  -1.3096634394976930e-03 |  -1.3096634394976930e-03 | 1
 13, 15 |   6.0824226691975555e-03 |   6.0824226691975555e-03 | 1
 13, 16 |  -2.3798332016767990e-03 |  -2.3798332016767990e-03 | 1
 13, 17 |   8.7908232878602022e-05 |   8.7908232878602022e-05 | 1
 13, 18 |   4.7990239884132427e-04 |   4.7990239884132427e-04 | 1
 13, 19 |   8.9525487419667789e-04 |   8.9525487419667789e-04 | 1
 13, 20 |   1.6386295584770857e-04 |   1.6386295584770857e-04 | 1
 13, 21 |  -1.5287903092906402e-04 |  -1.5287903092906402e-04 | 1
 14,  1 |  -9.5666928125749909e-05 |  -9.5666928125749909e-05 | 1
 14,  2 |  -4.1341251573801668e-04 |  -4.1341251573801668e-04 | 1
 14,  3 |  -1.1928104684692494e-04 |  -1.1928104684692494e-04 | 1
 14,  4 |   1.7312640835053540e-05 |   1.7312640835053540e-05 | 1
 14,  5 |  -1.0748618634943692e-04 |  -1.0748618634943692e-04 | 1
 14,  6 |  -2.2534138430533181e-02 |  -2.2534138430533181e-02 | 1
 14,  7 |  -1.5776340179954897e-03 |  -1.5776340179954897e-03 | 1
 14,  8 |  -7.1589950634659712e-04 |  -7.1589950634659712e-04 | 1
 14,  9 |   3.2730243410062016e-04 |   3.2730243410062016e-04 | 1
 14, 10 |   5.2879016219344814e-04 |   5.2879016219344814e-04 | 1
 14, 11 |  -3.1457229007474871e-03 |  -3.1457229007474871e-03 | 1
 14, 12 |   2.5237910154978351e-04 |   2.5237910154978351e-04 | 1
 14, 13 |  -1.3096634394976930e-03 |  -1.3096634394976930e-03 | 1
 14, 14 |   7.8586520122687486e-04 |   7.8586520122687486e-04 | 1
 14, 15 |  -1.1023652089182949e-04 |  -1.1023652089182949e-04 | 1
 14, 16 |  -2.3333456775185405e-04 |  -2.3333456775185405e-04 | 1
 14, 17 |   1.2447648673741165e-04 |   1.2447648673741165e-04 | 1
 14, 18 |   4.0532235569344343e-05 |   4.0532235569344343e-05 | 1
 14, 19 |  -1.2107457849288955e-05 |  -1.2107457849288955e-05 | 1
 14, 20 |  -3.6112359169656306e-05 |  -3.6112359169656306e-05 | 1
 14, 21 |  -1.3045992967738947e-04 |  -1.3045992967738947e-04 | 1
 15,  1 |  -1.8015179374584560e-03 |  -1.8015179374584560e-03 | 1
 15,  2 |  -4.2476910258284284e-03 |  -4.2476910258284284e-03 | 1
 15,  3 |  -2.2612893726822935e-03 |  -2.2612893726822935e-03 | 1
 15,  4 |  -2.7424611688847030e-03 |  -2.7424611688847030e-03 | 1
 15,  5 |  -7.3327284909179861e-03 |  -7.3327284909179861e-03 | 1
 15,  6 |   1.2166148570535666e-01 |   1.2166148570535666e-01 | 1
 15,  7 |   1.2672641336570500e-01 |   1.2672641336570500e-01 | 1
 15,  8 |   4.9262686528502117e-04 |   4.9262686528502117e-04 | 1
 15,  9 |  -1.6379801460882531e-03 |  -1.6379801460882531e-03 | 1
 15, 10 |  -1.7177758964796543e-02 |  -1.7177758964796543e-02 | 1
 15, 11 |  -2.0944620199858474e-02 |  -2.0944620199858474e-02 | 1
 15, 12 |  -2.4507500922744960e-03 |  -2.4507500922744960e-03 | 1
 15, 13 |   6.0824226691975555e-03 |   6.0824226691975555e-03 | 1
 15, 14 |  -1.1023652089182949e-04 |  -1.1023652089182949e-04 | 1
 15, 15 |   2.1194415647782849e-02 |   2.1194415647782849e-02 | 1
 15, 16 |  -1.0051564921263998e-02 |  -1.0051564921263998e-02 | 1
 15, 17 |   1.2567371072968138e-03 |   1.2567371072968138e-03 | 1
 15, 18 |   1.6624879851178304e-03 |   1.6624879851178304e-03 | 1
 15, 19 |   1.5292821033796675e-03 |   1.5292821033796675e-03 | 1
 15, 20 |  -2.6999946977917444e-03 |  -2.6999946977917444e-03 | 1
 15, 21 |   3.8174976920125111e-04 |   3.8174976920125111e-04 | 1
 16,  1 |   1.7860337629232322e-03 |   1.7860337629232322e-03 | 1
 16,  2 |   2.4351937701141847e-03 |   2.4351937701141847e-03 | 1
 16,  3 |   2.1808059731421121e-03 |   2.1808059731421121e-03 | 1
 16,  4 |   2.0701317700407224e-03 |   2.0701317700407224e-03 | 1
 16,  5 |   3.8872823488627158e-03 |   3.8872823488627158e-03 | 1
 16,  6 |  -6.6772504289896978e-02 |  -6.6772504289896978e-02 | 1
 16,  7 |  -5.1147374813553456e-02 |  -5.1147374813553456e-02 | 1
 16,  8 |  -3.1944011239573187e-04 |  -3.1944011239573187e-04 | 1
 16,  9 |   3.8274000838994814e-04 |   3.8274000838994814e-04 | 1
 16, 10 |   7.7344058664778675e-03 |   7.7344058664778675e-03 | 1
 16, 11 |   1.8103731118205332e-02 |   1.8103731118205332e-02 | 1
 16, 12 |   8.5780954111541600e-04 |   8.5780954111541600e-04 | 1
 16, 13 |  -2.3798332016767990e-03 |  -2.3798332016767990e-03 | 1
 16, 14 |  -2.3333456775185405e-04 |  -2.3333456775185405e-04 | 1
 16, 15 |  -1.0051564921263998e-02 |  -1.0051564921263998e-02 | 1
 16, 16 |   8.5179170123796510e-03 |   8.5179170123796510e-03 | 1
 16, 17 |  -5.4911318780611099e-04 |  -5.4911318780611099e-04 | 1
 16, 18 |  -6.1029926071085082e-04 |  -6.1029926071085082e-04 | 1
 16, 19 |  -4.4557725966378457e-04 |  -4.4557725966378457e-04 | 1
 16, 20 |   2.4187831136539412e-03 |   2.4187831136539412e-03 | 1
 16, 21 |   1.8568266704502327e-03 |   1.8568266704502327e-03 | 1
 17,  1 |  -3.5751854416548516e-04 |  -3.5751854416548516e-04 | 1
 17,  2 |  -6.3535495518205734e-04 |  -6.3535495518205734e-04 | 1
 17,  3 |  -3.8023353996327407e-04 |  -3.8023353996327407e-04 | 1
 17,  4 |  -6.9836370378243860e-04 |  -6.9836370378243860e-04 | 1
 17,  5 |   2.1907205441802426e-04 |   2.1907205441802426e-04 | 1
 17,  6 |  -7.6501688595387585e-03 |  -7.6501688595387585e-03 | 1
 17,  7 |   1.4726016258711349e-02 |   1.4726016258711349e-02 | 1
 17,  8 |  -1.6733766068924378e-04 |  -1.6733766068924378e-04 | 1
 17,  9 |  -6.7714074135492581e-05 |  -6.7714074135492581e-05 | 1
 17, 10 |  -1.2178719143019164e-03 |  -1.2178719143019164e-03 | 1
 17, 11 |  -1.8285905338652224e-03 |  -1.8285905338652224e-03 | 1
 17, 12 |  -3.2779034892307663e-04 |  -3.2779034892307663e-04 | 1
 17, 13 |   8.7908232878602022e-05 |   8.7908232878602022e-05 | 1
 17, 14 |   1.2447648673741165e-04 |   1.2447648673741165e-04 | 1
 17, 15 |   1.2567371072968138e-03 |   1.2567371072968138e-03 | 1
 17, 16 |  -5.4911318780611099e-04 |  -5.4911318780611099e-04 | 1
 17, 17 |   4.4334379077711313e-04 |   4.4334379077711313e-04 | 1
 17, 18 |   3.0129427312389613e-04 |   3.0129427312389613e-04 | 1
 17, 19 |   3.3356637459139424e-04 |   3.3356637459139424e-04 | 1
 17, 20 |  -4.8365196734662574e-04 |  -4.8365196734662574e-04 | 1
 17, 21 |   2.0996709134842056e-04 |   2.0996709134842056e-04 | 1
 18,  1 |  -2.8984838593173242e-04 |  -2.8984838593173242e-04 | 1
 18,  2 |  -7.0152029854501734e-04 |  -7.0152029854501734e-04 | 1
 18,  3 |  -2.3291813967636545e-04 |  -2.3291813967636545e-04 | 1
 18,  4 |  -3.3510276380709672e-04 |  -3.3510276380709672e-04 | 1
 18,  5 |  -3.0016388473147341e-04 |  -3.0016388473147341e-04 | 1
 18,  6 |   5.6025229092378859e-03 |   5.6025229092378859e-03 | 1
 18,  7 |   9.5008050096585389e-03 |   9.5008050096585389e-03 | 1
 18,  8 |   1.0421270253533122e-04 |   1.0421270253533122e-04 | 1
 18,  9 |  -7.0475555807856329e-05 |  -7.0475555807856329e-05 | 1
 18, 10 |  -1.6888253013785438e-03 |  -1.6888253013785438e-03 | 1
 18, 11 |  -1.4729483220298064e-03 |  -1.4729483220298064e-03 | 1
 18, 12 |  -2.8983292165249034e-04 |  -2.8983292165249034e-04 | 1
 18, 13 |   4.7990239884132427e-04 |   4.7990239884132427e-04 | 1
 18, 14 |   4.0532235569344343e-05 |   4.0532235569344343e-05 | 1
 18, 15 |   1.6624879851178304e-03 |   1.6624879851178304e-03 | 1
 18, 16 |  -6.1029926071085082e-04 |  -6.1029926071085082e-04 | 1
 18, 17 |   3.0129427312389613e-04 |   3.0129427312389613e-04 | 1
 18, 18 |   3.7542709087105478e-04 |   3.7542709087105478e-04 | 1
 18, 19 |   2.9426049427517945e-04 |   2.9426049427517945e-04 | 1
 18, 20 |  -3.9450147174374656e-04 |  -3.9450147174374656e-04 | 1
 18, 21 |   2.4642612840659623e-04 |   2.4642612840659623e-04 | 1
 19,  1 |  -2.2996628851778590e-04 |  -2.2996628851778590e-04 | 1
 19,  2 |  -2.5556603042980357e-04 |  -2.5556603042980357e-04 | 1
 19,  3 |  -3.8630147887163725e-04 |  -3.8630147887163725e-04 | 1
 19,  4 |  -4.1703470191277789e-04 |  -4.1703470191277789e-04 | 1
 19,  5 |  -2.8124156667643375e-04 |  -2.8124156667643375e-04 | 1
 19,  6 |  -4.4288928477393612e-04 |  -4.4288928477393612e-04 | 1
 19,  7 |   1.5102963354356357e-02 |   1.5102963354356357e-02 | 1
 19,  8 |   3.6093124257013053e-04 |   3.6093124257013053e-04 | 1
 19,  9 |  -3.2849057308639173e-04 |  -3.2849057308639173e-04 | 1
 19, 10 |  -1.5773090166982728e-03 |  -1.5773090166982728e-03 | 1
 19, 11 |  -6.6385900421506128e-04 |  -6.6385900421506128e-04 | 1
 19, 12 |  -2.9487822967686085e-04 |  -2.9487822967686085e-04 | 1
 19, 13 |   8.9525487419667789e-04 |   8.9525487419667789e-04 | 1
 19, 14 |  -1.2107457849288955e-05 |  -1.2107457849288955e-05 | 1
 19, 15 |   1.5292821033796675e-03 |   1.5292821033796675e-03 | 1
 19, 16 |  -4.4557725966378457e-04 |  -4.4557725966378457e-04 | 1
 19, 17 |   3.3356637459139424e-04 |   3.3356637459139424e-04 | 1
 19, 18 |   2.9426049427517945e-04 |   2.9426049427517945e-04 | 1
 19, 19 |   4.2184786098171961e-04 |   4.2184786098171961e-04 | 1
 19, 20 |  -3.3859023403330516e-04 |  -3.3859023403330516e-04 | 1
 19, 21 |   3.1198685426532617e-04 |   3.1198685426532617e-04 | 1
 20,  1 |   1.1229563737511794e-03 |   1.1229563737511794e-03 | 1
 20,  2 |   1.4067435702155105e-03 |   1.4067435702155105e-03 | 1
 20,  3 |   1.0796503103801766e-03 |   1.0796503103801766e-03 | 1
 20,  4 |   1.2577179504643082e-03 |   1.2577179504643082e-03 | 1
 20,  5 |   6.3465356496372326e-04 |   6.3465356496372326e-04 | 1
 20,  6 |  -2.2164574208012496e-02 |  -2.2164574208012496e-02 | 1
 20,  7 |  -1.5892200497504984e-02 |  -1.5892200497504984e-02 | 1
 20,  8 |  -7.1421848865481146e-04 |  -7.1421848865481146e-04 | 1
 20,  9 |   2.7429678685542625e-05 |   2.7429678685542625e-05 | 1
 20, 10 |   3.0966331958926464e-03 |   3.0966331958926464e-03 | 1
 20, 11 |   4.8342658035683177e-03 |   4.8342658035683177e-03 | 1
 20, 12 |   7.1700490954570723e-04 |   7.1700490954570723e-04 | 1
 20, 13 |   1.6386295584770857e-04 |   1.6386295584770857e-04 | 1
 20, 14 |  -3.6112359169656306e-05 |  -3.6112359169656306e-05 | 1
 20, 15 |  -2.6999946977917444e-03 |  -2.6999946977917444e-03 | 1
 20, 16 |   2.4187831136539412e-03 |   2.4187831136539412e-03 | 1
 20, 17 |  -4.8365196734662574e-04 |  -4.8365196734662574e-04 | 1
 20, 18 |  -3.9450147174374656e-04 |  -3.9450147174374656e-04 | 1
 20, 19 |  -3.3859023403330516e-04 |  -3.3859023403330516e-04 | 1
 20, 20 |   1.3912183373972857e-03 |   1.3912183373972857e-03 | 1
 20, 21 |   1.6861650263254758e-04 |   1.6861650263254758e-04 | 1
 21,  1 |   9.6306193234930467e-05 |   9.6306193234930467e-05 | 1
 21,  2 |  -2.0852273128799538e-04 |  -2.0852273128799538e-04 | 1
 21,  3 |   3.5661887715898407e-04 |   3.5661887715898407e-04 | 1
 21,  4 |   1.6147932158148222e-04 |   1.6147932158148222e-04 | 1
 21,  5 |   7.3957176348517776e-05 |   7.3957176348517776e-05 | 1
 21,  6 |   5.6612610030113558e-04 |   5.6612610030113558e-04 | 1
 21,  7 |   2.9591034233513534e-03 |   2.9591034233513534e-03 | 1
 21,  8 |   6.2980383651374896e-04 |   6.2980383651374896e-04 | 1
 21,  9 |  -2.2873053224986190e-04 |  -2.2873053224986190e-04 | 1
 21, 10 |  -1.2786321331575987e-03 |  -1.2786321331575987e-03 | 1
 21, 11 |   3.4588064389797796e-03 |   3.4588064389797796e-03 | 1
 21, 12 |  -2.3076900801572453e-04 |  -2.3076900801572453e-04 | 1
 21, 13 |  -1.5287903092906402e-04 |  -1.5287903092906402e-04 | 1
 21, 14 |  -1.3045992967738947e-04 |  -1.3045992967738947e-04 | 1
 21, 15 |   3.8174976920125111e-04 |   3.8174976920125111e-04 | 1
 21, 16 |   1.8568266704502327e-03 |   1.8568266704502327e-03 | 1
 21, 17 |   2.0996709134842056e-04 |   2.0996709134842056e-04 | 1
 21, 18 |   2.4642612840659623e-04 |   2.4642612840659623e-04 | 1
 21, 19 |   3.1198685426532617e-04 |   3.1198685426532617e-04 | 1
 21, 20 |   1.6861650263254758e-04 |   1.6861650263254758e-04 | 1
 21, 21 |   1.5204942647127802e-03 |   1.5204942647127802e-03 | 1
