row,col | V_base                   | V_new                    | equal
  1,  1 |   1.7873898586637888e-03 |   1.7873898586637888e-03 | 1
  1,  2 |   2.2792797634122244e-03 |   2.2792797634122244e-03 | 1
  1,  3 |   1.4766741398683655e-03 |   1.4766741398683655e-03 | 1
  1,  4 |   1.1202657764375053e-03 |   1.1202657764375053e-03 | 1
  1,  5 |  -5.4192765975767025e-04 |  -5.4192765975767025e-04 | 1
  1,  6 |   8.5304584321646733e-03 |   8.5304584321646733e-03 | 1
  1,  7 |   1.0292566915334227e+01 |   1.0292566915334227e+01 | 1
  1,  8 |   2.6493888318676449e-04 |   2.6493888318676449e-04 | 1
  1,  9 |   5.7949016685618989e-04 |   5.7949016685618989e-04 | 1
  1, 10 |   2.2923205975516970e-03 |   2.2923205975516970e-03 | 1
  1, 11 |   4.1623123397169833e-03 |   4.1623123397169833e-03 | 1
  1, 12 |   1.0157809901849984e-03 |   1.0157809901849984e-03 | 1
  1, 13 |   3.8925518491434168e-03 |   3.8925518491434168e-03 | 1
  1, 14 |  -2.7007820842481450e-04 |  -2.7007820842481450e-04 | 1
  1, 15 |  -8.7977402994228850e-04 |  -8.7977402994228850e-04 | 1
  1, 16 |   3.4383359588867173e-05 |   3.4383359588867173e-05 | 1
  1, 17 |  -1.2894451595994033e-03 |  -1.2894451595994033e-03 | 1
  1, 18 |  -1.1529413301364518e-03 |  -1.1529413301364518e-03 | 1
  1, 19 |  -9.3411334184273194e-04 |  -9.3411334184273194e-04 | 1
  1, 20 |   3.1395638511885651e-04 |   3.1395638511885651e-04 | 1
  1, 21 |  -3.8537070612587514e-08 |  -3.8537070612587514e-08 | 1
  1, 22 |   1.7642574572518908e-03 |   1.7642574572518908e-03 | 1
  1, 23 |  -6.9175450707626698e-04 |  -6.9175450707626698e-04 | 1
  2,  1 |   2.2792797634122244e-03 |   2.2792797634122244e-03 | 1
  2,  2 |   4.4769104805823497e-03 |   4.4769104805823497e-03 | 1
  2,  3 |   1.6199120399686187e-03 |   1.6199120399686187e-03 | 1
  2,  4 |   1.3113486050734774e-03 |   1.3113486050734774e-03 | 1
  2,  5 |  -3.4091352807494345e-04 |  -3.4091352807494345e-04 | 1
  2,  6 |   1.4542813175699703e-02 |   1.4542813175699703e-02 | 1
  2,  7 |   2.1190755691406000e+01 |   2.1190755691406000e+01 | 1
  2,  8 |   1.1508082259073763e-03 |   1.1508082259073763e-03 | 1
  2,  9 |   8.2887629998221581e-04 |   8.2887629998221581e-04 | 1
  2, 10 |   3.7041469622236560e-03 |   3.7041469622236560e-03 | 1
  2, 11 |   7.2966069122519274e-03 |   7.2966069122519274e-03 | 1
  2, 12 |   1.5500714100527989e-03 |   1.5500714100527989e-03 | 1
  2, 13 |   6.4191274583233135e-03 |   6.4191274583233135e-03 | 1
  2, 14 |  -6.5372250229906522e-04 |  -6.5372250229906522e-04 | 1
  2, 15 |  -3.1378042444233289e-03 |  -3.1378042444233289e-03 | 1
  2, 16 |   1.2465146203598232e-03 |   1.2465146203598232e-03 | 1
  2, 17 |  -1.9165594160786361e-03 |  -1.9165594160786361e-03 | 1
  2, 18 |  -1.8506932636068528e-03 |  -1.8506932636068528e-03 | 1
  2, 19 |  -1.1591790259879540e-03 |  -1.1591790259879540e-03 | 1
  2, 20 |   5.1026614232231777e-04 |   5.1026614232231777e-04 | 1
  2, 21 |  -1.0957523645124527e-07 |  -1.0957523645124527e-07 | 1
  2, 22 |   2.3093029685074761e-03 |   2.3093029685074761e-03 | 1
  2, 23 |  -8.5275507496167810e-04 |  -8.5275507496167810e-04 | 1
  3,  1 |   1.4766741398683655e-03 |   1.4766741398683655e-03 | 1
  3,  2 |   1.6199120399686187e-03 |   1.6199120399686187e-03 | 1
  3,  3 |   2.5124088362220246e-03 |   2.5124088362220246e-03 | 1
  3,  4 |   1.0875003265616180e-03 |   1.0875003265616180e-03 | 1
  3,  5 |  -1.3086948972924070e-03 |  -1.3086948972924070e-03 | 1
  3,  6 |   2.3523416117211954e-02 |   2.3523416117211954e-02 | 1
  3,  7 |   7.8568218008489410e+00 |   7.8568218008489410e+00 | 1
  3,  8 |   3.4060447426431824e-04 |   3.4060447426431824e-04 | 1
  3,  9 |   6.6343803045008595e-04 |   6.6343803045008595e-04 | 1
  3, 10 |  -6.0642480830226555e-04 |  -6.0642480830226555e-04 | 1
  3, 11 |   3.9181862058915960e-03 |   3.9181862058915960e-03 | 1
  3, 12 |   1.0542082441479745e-03 |   1.0542082441479745e-03 | 1
  3, 13 |   3.0773182302502216e-03 |   3.0773182302502216e-03 | 1
  3, 14 |  -2.3868420917471609e-04 |  -2.3868420917471609e-04 | 1
  3, 15 |  -1.5377897232073915e-04 |  -1.5377897232073915e-04 | 1
  3, 16 |  -1.2097062573010009e-04 |  -1.2097062573010009e-04 | 1
  3, 17 |  -1.5027253497506003e-03 |  -1.5027253497506003e-03 | 1
  3, 18 |  -1.2484640590024242e-03 |  -1.2484640590024242e-03 | 1
  3, 19 |  -1.2348389508025652e-03 |  -1.2348389508025652e-03 | 1
  3, 20 |   4.2772350961644596e-04 |   4.2772350961644596e-04 | 1
  3, 21 |   2.8347947521734817e-08 |   2.8347947521734817e-08 | 1
  3, 22 |   1.6001625622182102e-03 |   1.6001625622182102e-03 | 1
  3, 23 |  -6.9976530044519583e-05 |  -6.9976530044519583e-05 | 1
  4,  1 |   1.1202657764375053e-03 |   1.1202657764375053e-03 | 1
  4,  2 |   1.3113486050734774e-03 |   1.3113486050734774e-03 | 1
  4,  3 |   1.0875003265616180e-03 |   1.0875003265616180e-03 | 1
  4,  4 |   1.7581496016335664e-03 |   1.7581496016335664e-03 | 1
  4,  5 |  -1.0226179218045315e-03 |  -1.0226179218045315e-03 | 1
  4,  6 |   9.8313784604247070e-03 |   9.8313784604247070e-03 | 1
  4,  7 |  -7.7948174915361435e+00 |  -7.7948174915361435e+00 | 1
  4,  8 |   6.5612441290906296e-04 |   6.5612441290906296e-04 | 1
  4,  9 |   3.3522552778021729e-04 |   3.3522552778021729e-04 | 1
  4, 10 |   1.7015021477651848e-03 |   1.7015021477651848e-03 | 1
  4, 11 |   1.0541541634024470e-03 |   1.0541541634024470e-03 | 1
  4, 12 |   1.1596643716361792e-03 |   1.1596643716361792e-03 | 1
  4, 13 |   1.9424613366122055e-03 |   1.9424613366122055e-03 | 1
  4, 14 |  -8.6681385795079821e-05 |  -8.6681385795079821e-05 | 1
  4, 15 |  -6.9578491300209219e-04 |  -6.9578491300209219e-04 | 1
  4, 16 |   8.4070811259832857e-04 |   8.4070811259832857e-04 | 1
  4, 17 |  -6.3275821439699254e-04 |  -6.3275821439699254e-04 | 1
  4, 18 |  -2.8863802493036552e-04 |  -2.8863802493036552e-04 | 1
  4, 19 |  -2.5175537497227067e-04 |  -2.5175537497227067e-04 | 1
  4, 20 |   3.8684511075601311e-06 |   3.8684511075601311e-06 | 1
  4, 21 |  -7.2343146615376135e-08 |  -7.2343146615376135e-08 | 1
  4, 22 |   1.2568289690590446e-03 |   1.2568289690590446e-03 | 1
  4, 23 |  -2.1812096458819028e-04 |  -2.1812096458819028e-04 | 1
  5,  1 |  -5.4192765975767025e-04 |  -5.4192765975767025e-04 | 1
  5,  2 |  -3.4091352807494345e-04 |  -3.4091352807494345e-04 | 1
  5,  3 |  -1.3086948972924070e-03 |  -1.3086948972924070e-03 | 1
  5,  4 |  -1.0226179218045315e-03 |  -1.0226179218045315e-03 | 1
  5,  5 |   8.4800956952165319e-03 |   8.4800956952165319e-03 | 1
  5,  6 |  -8.8901829493175932e-02 |  -8.8901829493175932e-02 | 1
  5,  7 |  -7.7753984059867420e+00 |  -7.7753984059867420e+00 | 1
  5,  8 |  -3.9030696811815720e-03 |  -3.9030696811815720e-03 | 1
  5,  9 |  -6.9199940153162663e-04 |  -6.9199940153162663e-04 | 1
  5, 10 |   1.4017697260671470e-02 |   1.4017697260671470e-02 | 1
  5, 11 |   2.5995983905940977e-03 |   2.5995983905940977e-03 | 1
  5, 12 |  -1.5172345796501904e-03 |  -1.5172345796501904e-03 | 1
  5, 13 |  -2.6306789914798279e-03 |  -2.6306789914798279e-03 | 1
  5, 14 |  -4.5704129203735257e-04 |  -4.5704129203735257e-04 | 1
  5, 15 |  -4.0073549681854410e-03 |  -4.0073549681854410e-03 | 1
  5, 16 |   5.8460763349418498e-03 |   5.8460763349418498e-03 | 1
  5, 17 |   1.9667208719199576e-03 |   1.9667208719199576e-03 | 1
  5, 18 |   1.2107580463085240e-03 |   1.2107580463085240e-03 | 1
  5, 19 |   1.4579708644868645e-03 |   1.4579708644868645e-03 | 1
  5, 20 |  -5.1741169131948274e-04 |  -5.1741169131948274e-04 | 1
  5, 21 |   3.6991203824099622e-08 |   3.6991203824099622e-08 | 1
  5, 22 |  -4.3324784370280309e-04 |  -4.3324784370280309e-04 | 1
  5, 23 |   7.6090919394218158e-04 |   7.6090919394218158e-04 | 1
  6,  1 |   8.5304584321646733e-03 |   8.5304584321646733e-03 | 1
  6,  2 |   1.4542813175699703e-02 |   1.4542813175699703e-02 | 1
  6,  3 |   2.3523416117211954e-02 |   2.3523416117211954e-02 | 1
  6,  4 |   9.8313784604247070e-03 |   9.8313784604247070e-03 | 1
  6,  5 |  -8.8901829493175932e-02 |  -8.8901829493175932e-02 | 1
  6,  6 |   2.2628728480552374e+00 |   2.2628728480552374e+00 | 1
  6,  7 |   4.0075804462960264e+02 |   4.0075804462960264e+02 | 1
  6,  8 |   6.7346026261284053e-02 |   6.7346026261284053e-02 | 1
  6,  9 |   2.1902153287469278e-02 |   2.1902153287469278e-02 | 1
  6, 10 |  -2.9397169658578437e-01 |  -2.9397169658578437e-01 | 1
  6, 11 |   1.2831019178409633e-01 |   1.2831019178409633e-01 | 1
  6, 12 |  -1.1384902802620903e-03 |  -1.1384902802620903e-03 | 1
  6, 13 |   4.8981310063153663e-02 |   4.8981310063153663e-02 | 1
  6, 14 |  -5.2988840299128710e-03 |  -5.2988840299128710e-03 | 1
  6, 15 |   1.9586202715495341e-02 |   1.9586202715495341e-02 | 1
  6, 16 |  -1.0032468400816154e-01 |  -1.0032468400816154e-01 | 1
  6, 17 |  -5.9204796439057267e-02 |  -5.9204796439057267e-02 | 1
  6, 18 |  -4.7508559324305061e-02 |  -4.7508559324305061e-02 | 1
  6, 19 |  -5.1243241613212268e-02 |  -5.1243241613212268e-02 | 1
  6, 20 |   1.9290065758068783e-02 |   1.9290065758068783e-02 | 1
  6, 21 |   3.4575160640799728e-06 |   3.4575160640799728e-06 | 1
  6, 22 |   5.2189412801691842e-03 |   5.2189412801691842e-03 | 1
  6, 23 |  -2.1059064937593644e-02 |  -2.1059064937593644e-02 | 1
  7,  1 |   1.0292566915334227e+01 |   1.0292566915334227e+01 | 1
  7,  2 |   2.1190755691406000e+01 |   2.1190755691406000e+01 | 1
  7,  3 |   7.8568218008489410e+00 |   7.8568218008489410e+00 | 1
  7,  4 |  -7.7948174915361435e+00 |  -7.7948174915361435e+00 | 1
  7,  5 |  -7.7753984059867420e+00 |  -7.7753984059867420e+00 | 1
  7,  6 |   4.0075804462960264e+02 |   4.0075804462960264e+02 | 1
  7,  7 |   8.6319709792369977e+05 |   8.6319709792369977e+05 | 1
  7,  8 |   7.0917936902599443e+00 |   7.0917936902599443e+00 | 1
  7,  9 |   4.5104739219911494e+00 |   4.5104739219911494e+00 | 1
  7, 10 |  -1.3170968713130034e+02 |  -1.3170968713130034e+02 | 1
  7, 11 |   5.1866881822575834e+01 |   5.1866881822575834e+01 | 1
  7, 12 |  -2.8654877072015239e+00 |  -2.8654877072015239e+00 | 1
  7, 13 |   7.0950161328642537e+01 |   7.0950161328642537e+01 | 1
  7, 14 |  -4.3369156263876185e+00 |  -4.3369156263876185e+00 | 1
  7, 15 |   2.3087504244541748e+01 |   2.3087504244541748e+01 | 1
  7, 16 |  -4.8335290141252187e+01 |  -4.8335290141252187e+01 | 1
  7, 17 |  -2.1829665076983389e+01 |  -2.1829665076983389e+01 | 1
  7, 18 |  -2.2067915864233356e+01 |  -2.2067915864233356e+01 | 1
  7, 19 |  -1.9330725970093354e+01 |  -1.9330725970093354e+01 | 1
  7, 20 |   9.4615737558131485e+00 |   9.4615737558131485e+00 | 1
  7, 21 |   1.9442314424561176e-03 |   1.9442314424561176e-03 | 1
  7, 22 |   7.1120565282939552e+00 |   7.1120565282939552e+00 | 1
  7, 23 |  -9.2978164636953764e+00 |  -9.2978164636953764e+00 | 1
  8,  1 |   2.6493888318676449e-04 |   2.6493888318676449e-04 | 1
  8,  2 |   1.1508082259073763e-03 |   1.1508082259073763e-03 | 1
  8,  3 |   3.4060447426431824e-04 |   3.4060447426431824e-04 | 1
  8,  4 |   6.5612441290906296e-04 |   6.5612441290906296e-04 | 1
  8,  5 |  -3.9030696811815720e-03 |  -3.9030696811815720e-03 | 1
  8,  6 |   6.7346026261284053e-02 |   6.7346026261284053e-02 | 1
  8,  7 |   7.0917936902599443e+00 |   7.0917936902599443e+00 | 1
  8,  8 |   5.9276382191387703e-03 |   5.9276382191387703e-03 | 1
  8,  9 |   1.7967627133889794e-04 |   1.7967627133889794e-04 | 1
  8, 10 |  -7.8134667997647005e-03 |  -7.8134667997647005e-03 | 1
  8, 11 |   3.0832372256282673e-03 |   3.0832372256282673e-03 | 1
  8, 12 |   1.0236508855298184e-03 |   1.0236508855298184e-03 | 1
  8, 13 |   3.3814065558003931e-03 |   3.3814065558003931e-03 | 1
  8, 14 |  -3.3782892197956976e-04 |  -3.3782892197956976e-04 | 1
  8, 15 |   5.5635628418657394e-04 |   5.5635628418657394e-04 | 1
  8, 16 |  -2.1327547700382941e-03 |  -2.1327547700382941e-03 | 1
  8, 17 |  -9.9219144800379261e-04 |  -9.9219144800379261e-04 | 1
  8, 18 |  -6.7418040774574225e-04 |  -6.7418040774574225e-04 | 1
  8, 19 |  -3.2554792535615220e-04 |  -3.2554792535615220e-04 | 1
  8, 20 |   3.8249253878501639e-04 |   3.8249253878501639e-04 | 1
  8, 21 |  -5.7289012837540118e-08 |  -5.7289012837540118e-08 | 1
  8, 22 |  -1.9763390062923564e-04 |  -1.9763390062923564e-04 | 1
  8, 23 |  -1.2421611402962230e-04 |  -1.2421611402962230e-04 | 1
  9,  1 |   5.7949016685618989e-04 |   5.7949016685618989e-04 | 1
  9,  2 |   8.2887629998221581e-04 |   8.2887629998221581e-04 | 1
  9,  3 |   6.6343803045008595e-04 |   6.6343803045008595e-04 | 1
  9,  4 |   3.3522552778021729e-04 |   3.3522552778021729e-04 | 1
  9,  5 |  -6.9199940153162663e-04 |  -6.9199940153162663e-04 | 1
  9,  6 |   2.1902153287469278e-02 |   2.1902153287469278e-02 | 1
  9,  7 |   4.5104739219911494e+00 |   4.5104739219911494e+00 | 1
  9,  8 |   1.7967627133889794e-04 |   1.7967627133889794e-04 | 1
  9,  9 |   6.8652145871167785e-04 |   6.8652145871167785e-04 | 1
  9, 10 |  -1.7250686782679757e-04 |  -1.7250686782679757e-04 | 1
  9, 11 |   1.2818342456039685e-03 |   1.2818342456039685e-03 | 1
  9, 12 |   4.5480206277789424e-04 |   4.5480206277789424e-04 | 1
  9, 13 |   1.1596483443538036e-03 |   1.1596483443538036e-03 | 1
  9, 14 |  -9.3839571786624634e-05 |  -9.3839571786624634e-05 | 1
  9, 15 |  -7.6083562503053911e-04 |  -7.6083562503053911e-04 | 1
  9, 16 |  -8.7828630765174765e-04 |  -8.7828630765174765e-04 | 1
  9, 17 |  -1.1349581096545096e-03 |  -1.1349581096545096e-03 | 1
  9, 18 |  -1.0332103063087888e-03 |  -1.0332103063087888e-03 | 1
  9, 19 |  -1.0579941545149716e-03 |  -1.0579941545149716e-03 | 1
  9, 20 |   3.1783367261174126e-04 |   3.1783367261174126e-04 | 1
  9, 21 |  -1.8836558118673435e-08 |  -1.8836558118673435e-08 | 1
  9, 22 |   5.8507645542036236e-04 |   5.8507645542036236e-04 | 1
  9, 23 |  -7.4625421393128112e-04 |  -7.4625421393128112e-04 | 1
 10,  1 |   2.2923205975516970e-03 |   2.2923205975516970e-03 | 1
 10,  2 |   3.7041469622236560e-03 |   3.7041469622236560e-03 | 1
 10,  3 |  -6.0642480830226555e-04 |  -6.0642480830226555e-04 | 1
 10,  4 |   1.7015021477651848e-03 |   1.7015021477651848e-03 | 1
 10,  5 |   1.4017697260671470e-02 |   1.4017697260671470e-02 | 1
 10,  6 |  -2.9397169658578437e-01 |  -2.9397169658578437e-01 | 1
 10,  7 |  -1.3170968713130034e+02 |  -1.3170968713130034e+02 | 1
 10,  8 |  -7.8134667997647005e-03 |  -7.8134667997647005e-03 | 1
 10,  9 |  -1.7250686782679757e-04 |  -1.7250686782679757e-04 | 1
 10, 10 |   7.5446355714867852e-02 |   7.5446355714867852e-02 | 1
 10, 11 |  -5.6307556653688116e-03 |  -5.6307556653688116e-03 | 1
 10, 12 |   3.9284916783888756e-03 |   3.9284916783888756e-03 | 1
 10, 13 |  -2.6162582695939238e-03 |  -2.6162582695939238e-03 | 1
 10, 14 |   1.5629062689108755e-04 |   1.5629062689108755e-04 | 1
 10, 15 |  -1.6226529115714879e-02 |  -1.6226529115714879e-02 | 1
 10, 16 |   2.1206090396538903e-02 |   2.1206090396538903e-02 | 1
 10, 17 |   4.4470523723117682e-03 |   4.4470523723117682e-03 | 1
 10, 18 |   3.0197156710256102e-03 |   3.0197156710256102e-03 | 1
 10, 19 |   4.0472465185753927e-03 |   4.0472465185753927e-03 | 1
 10, 20 |  -1.8074686070311680e-03 |  -1.8074686070311680e-03 | 1
 10, 21 |  -7.3282806842140573e-07 |  -7.3282806842140573e-07 | 1
 10, 22 |   2.9053994918759704e-03 |   2.9053994918759704e-03 | 1
 10, 23 |   5.9721769355693729e-04 |   5.9721769355693729e-04 | 1
 11,  1 |   4.1623123397169833e-03 |   4.1623123397169833e-03 | 1
 11,  2 |   7.2966069122519274e-03 |   7.2966069122519274e-03 | 1
 11,  3 |   3.9181862058915960e-03 |   3.9181862058915960e-03 | 1
 11,  4 |   1.0541541634024470e-03 |   1.0541541634024470e-03 | 1
 11,  5 |   2.5995983905940977e-03 |   2.5995983905940977e-03 | 1
 11,  6 |   1.2831019178409633e-01 |   1.2831019178409633e-01 | 1
 11,  7 |   5.1866881822575834e+01 |   5.1866881822575834e+01 | 1
 11,  8 |   3.0832372256282673e-03 |   3.0832372256282673e-03 | 1
 11,  9 |   1.2818342456039685e-03 |   1.2818342456039685e-03 | 1
 11, 10 |  -5.6307556653688116e-03 |  -5.6307556653688116e-03 | 1
 11, 11 |   6.1181109386631190e-02 |   6.1181109386631190e-02 | 1
 11, 12 |  -4.8511827555864397e-03 |  -4.8511827555864397e-03 | 1
 11, 13 |   4.1142488476972484e-03 |   4.1142488476972484e-03 | 1
 11, 14 |  -3.0663948760184761e-03 |  -3.0663948760184761e-03 | 1
 11, 15 |  -9.3722599299773633e-03 |  -9.3722599299773633e-03 | 1
 11, 16 |   8.1416831085361855e-03 |   8.1416831085361855e-03 | 1
 11, 17 |  -5.4498676996302120e-03 |  -5.4498676996302120e-03 | 1
 11, 18 |  -4.8251610346192880e-03 |  -4.8251610346192880e-03 | 1
 11, 19 |  -3.6800511009860582e-03 |  -3.6800511009860582e-03 | 1
 11, 20 |   1.5502285477759321e-03 |   1.5502285477759321e-03 | 1
 11, 21 |   6.1327064924504542e-07 |   6.1327064924504542e-07 | 1
 11, 22 |   4.4314893617959433e-03 |   4.4314893617959433e-03 | 1
 11, 23 |   1.2601935902440461e-03 |   1.2601935902440461e-03 | 1
 12,  1 |   1.0157809901849984e-03 |   1.0157809901849984e-03 | 1
 12,  2 |   1.5500714100527989e-03 |   1.5500714100527989e-03 | 1
 12,  3 |   1.0542082441479745e-03 |   1.0542082441479745e-03 | 1
 12,  4 |   1.1596643716361792e-03 |   1.1596643716361792e-03 | 1
 12,  5 |  -1.5172345796501904e-03 |  -1.5172345796501904e-03 | 1
 12,  6 |  -1.1384902802620903e-03 |  -1.1384902802620903e-03 | 1
 12,  7 |  -2.8654877072015239e+00 |  -2.8654877072015239e+00 | 1
 12,  8 |   1.0236508855298184e-03 |   1.0236508855298184e-03 | 1
 12,  9 |   4.5480206277789424e-04 |   4.5480206277789424e-04 | 1
 12, 10 |   3.9284916783888756e-03 |   3.9284916783888756e-03 | 1
 12, 11 |  -4.8511827555864397e-03 |  -4.8511827555864397e-03 | 1
 12, 12 |   3.2602511073258214e-03 |   3.2602511073258214e-03 | 1
 12, 13 |   3.8369049099612933e-03 |   3.8369049099612933e-03 | 1
 12, 14 |   4.6732912695497263e-06 |   4.6732912695497263e-06 | 1
 12, 15 |  -6.0715410160404912e-04 |  -6.0715410160404912e-04 | 1
 12, 16 |  -7.6442510049939266e-06 |  -7.6442510049939266e-06 | 1
 12, 17 |  -4.7853260904605474e-04 |  -4.7853260904605474e-04 | 1
 12, 18 |  -4.5400734426654168e-04 |  -4.5400734426654168e-04 | 1
 12, 19 |  -2.8586833145104271e-04 |  -2.8586833145104271e-04 | 1
 12, 20 |   1.1940011121687553e-04 |   1.1940011121687553e-04 | 1
 12, 21 |  -1.6190269481172638e-07 |  -1.6190269481172638e-07 | 1
 12, 22 |   9.9705933221577443e-04 |   9.9705933221577443e-04 | 1
 12, 23 |  -3.6032775239873242e-04 |  -3.6032775239873242e-04 | 1
 13,  1 |   3.8925518491434168e-03 |   3.8925518491434168e-03 | 1
 13,  2 |   6.4191274583233135e-03 |   6.4191274583233135e-03 | 1
 13,  3 |   3.0773182302502216e-03 |   3.0773182302502216e-03 | 1
 13,  4 |   1.9424613366122055e-03 |   1.9424613366122055e-03 | 1
 13,  5 |  -2.6306789914798279e-03 |  -2.6306789914798279e-03 | 1
 13,  6 |   4.8981310063153663e-02 |   4.8981310063153663e-02 | 1
 13,  7 |   7.0950161328642537e+01 |   7.0950161328642537e+01 | 1
 13,  8 |   3.3814065558003931e-03 |   3.3814065558003931e-03 | 1
 13,  9 |   1.1596483443538036e-03 |   1.1596483443538036e-03 | 1
 13, 10 |  -2.6162582695939238e-03 |  -2.6162582695939238e-03 | 1
 13, 11 |   4.1142488476972484e-03 |   4.1142488476972484e-03 | 1
 13, 12 |   3.8369049099612933e-03 |   3.8369049099612933e-03 | 1
 13, 13 |   2.1362275197815458e-02 |   2.1362275197815458e-02 | 1
 13, 14 |  -1.1681938484585717e-03 |  -1.1681938484585717e-03 | 1
 13, 15 |   1.6363901861044861e-04 |   1.6363901861044861e-04 | 1
 13, 16 |  -3.8140448213251242e-03 |  -3.8140448213251242e-03 | 1
 13, 17 |  -3.5654762722258683e-03 |  -3.5654762722258683e-03 | 1
 13, 18 |  -2.9774993513289466e-03 |  -2.9774993513289466e-03 | 1
 13, 19 |  -2.3436960462129455e-03 |  -2.3436960462129455e-03 | 1
 13, 20 |   1.3489628450197126e-03 |   1.3489628450197126e-03 | 1
 13, 21 |  -1.2251545031883450e-07 |  -1.2251545031883450e-07 | 1
 13, 22 |   3.2828041799955691e-03 |   3.2828041799955691e-03 | 1
 13, 23 |  -2.0297668631797370e-03 |  -2.0297668631797370e-03 | 1
 14,  1 |  -2.7007820842481450e-04 |  -2.7007820842481450e-04 | 1
 14,  2 |  -6.5372250229906522e-04 |  -6.5372250229906522e-04 | 1
 14,  3 |  -2.3868420917471609e-04 |  -2.3868420917471609e-04 | 1
 14,  4 |  -8.6681385795079821e-05 |  -8.6681385795079821e-05 | 1
 14,  5 |  -4.5704129203735257e-04 |  -4.5704129203735257e-04 | 1
 14,  6 |  -5.2988840299128710e-03 |  -5.2988840299128710e-03 | 1
 14,  7 |  -4.3369156263876185e+00 |  -4.3369156263876185e+00 | 1
 14,  8 |  -3.3782892197956976e-04 |  -3.3782892197956976e-04 | 1
 14,  9 |  -9.3839571786624634e-05 |  -9.3839571786624634e-05 | 1
 14, 10 |   1.5629062689108755e-04 |   1.5629062689108755e-04 | 1
 14, 11 |  -3.0663948760184761e-03 |  -3.0663948760184761e-03 | 1
 14, 12 |   4.6732912695497263e-06 |   4.6732912695497263e-06 | 1
 14, 13 |  -1.1681938484585717e-03 |  -1.1681938484585717e-03 | 1
 14, 14 |   7.0650193207387924e-04 |   7.0650193207387924e-04 | 1
 14, 15 |   6.3039980865596187e-04 |   6.3039980865596187e-04 | 1
 14, 16 |  -1.1148442013469051e-03 |  -1.1148442013469051e-03 | 1
 14, 17 |   4.5006071155268522e-06 |   4.5006071155268522e-06 | 1
 14, 18 |  -3.9450617961595425e-05 |  -3.9450617961595425e-05 | 1
 14, 19 |  -1.1210555925913589e-04 |  -1.1210555925913589e-04 | 1
 14, 20 |   6.1316909514539156e-05 |   6.1316909514539156e-05 | 1
 14, 21 |   5.3850755180358059e-08 |   5.3850755180358059e-08 | 1
 14, 22 |  -2.6514558752998186e-04 |  -2.6514558752998186e-04 | 1
 14, 23 |  -1.6912196372282479e-04 |  -1.6912196372282479e-04 | 1
 15,  1 |  -8.7977402994228850e-04 |  -8.7977402994228850e-04 | 1
 15,  2 |  -3.1378042444233289e-03 |  -3.1378042444233289e-03 | 1
 15,  3 |  -1.5377897232073915e-04 |  -1.5377897232073915e-04 | 1
 15,  4 |  -6.9578491300209219e-04 |  -6.9578491300209219e-04 | 1
 15,  5 |  -4.0073549681854410e-03 |  -4.0073549681854410e-03 | 1
 15,  6 |   1.9586202715495341e-02 |   1.9586202715495341e-02 | 1
 15,  7 |   2.3087504244541748e+01 |   2.3087504244541748e+01 | 1
 15,  8 |   5.5635628418657394e-04 |   5.5635628418657394e-04 | 1
 15,  9 |  -7.6083562503053911e-04 |  -7.6083562503053911e-04 | 1
 15, 10 |  -1.6226529115714879e-02 |  -1.6226529115714879e-02 | 1
 15, 11 |  -9.3722599299773633e-03 |  -9.3722599299773633e-03 | 1
 15, 12 |  -6.0715410160404912e-04 |  -6.0715410160404912e-04 | 1
 15, 13 |   1.6363901861044861e-04 |   1.6363901861044861e-04 | 1
 15, 14 |   6.3039980865596187e-04 |   6.3039980865596187e-04 | 1
 15, 15 |   1.0294755724868532e-02 |   1.0294755724868532e-02 | 1
 15, 16 |  -7.7091699185158780e-03 |  -7.7091699185158780e-03 | 1
 15, 17 |   3.1676145438716205e-04 |   3.1676145438716205e-04 | 1
 15, 18 |   5.5687923430925920e-04 |   5.5687923430925920e-04 | 1
 15, 19 |  -5.5820139334087499e-05 |  -5.5820139334087499e-05 | 1
 15, 20 |   2.2862360822733033e-05 |   2.2862360822733033e-05 | 1
 15, 21 |   2.3794067695068663e-07 |   2.3794067695068663e-07 | 1
 15, 22 |  -1.0269876659660046e-03 |  -1.0269876659660046e-03 | 1
 15, 23 |   6.5183160602448565e-04 |   6.5183160602448565e-04 | 1
 16,  1 |   3.4383359588867173e-05 |   3.4383359588867173e-05 | 1
 16,  2 |   1.2465146203598232e-03 |   1.2465146203598232e-03 | 1
 16,  3 |  -1.2097062573010009e-04 |  -1.2097062573010009e-04 | 1
 16,  4 |   8.4070811259832857e-04 |   8.4070811259832857e-04 | 1
 16,  5 |   5.8460763349418498e-03 |   5.8460763349418498e-03 | 1
 16,  6 |  -1.0032468400816154e-01 |  -1.0032468400816154e-01 | 1
 16,  7 |  -4.8335290141252187e+01 |  -4.8335290141252187e+01 | 1
 16,  8 |  -2.1327547700382941e-03 |  -2.1327547700382941e-03 | 1
 16,  9 |  -8.7828630765174765e-04 |  -8.7828630765174765e-04 | 1
 16, 10 |   2.1206090396538903e-02 |   2.1206090396538903e-02 | 1
 16, 11 |   8.1416831085361855e-03 |   8.1416831085361855e-03 | 1
 16, 12 |  -7.6442510049939266e-06 |  -7.6442510049939266e-06 | 1
 16, 13 |  -3.8140448213251242e-03 |  -3.8140448213251242e-03 | 1
 16, 14 |  -1.1148442013469051e-03 |  -1.1148442013469051e-03 | 1
 16, 15 |  -7.7091699185158780e-03 |  -7.7091699185158780e-03 | 1
 16, 16 |   1.4189207528226937e-02 |   1.4189207528226937e-02 | 1
 16, 17 |   3.2792905413615066e-03 |   3.2792905413615066e-03 | 1
 16, 18 |   2.9946879416555515e-03 |   2.9946879416555515e-03 | 1
 16, 19 |   3.5285811674542339e-03 |   3.5285811674542339e-03 | 1
 16, 20 |  -1.4079245644177635e-03 |  -1.4079245644177635e-03 | 1
 16, 21 |  -3.6634571389925841e-07 |  -3.6634571389925841e-07 | 1
 16, 22 |   6.3504919024744578e-04 |   6.3504919024744578e-04 | 1
 16, 23 |   2.6270180181572032e-03 |   2.6270180181572032e-03 | 1
 17,  1 |  -1.2894451595994033e-03 |  -1.2894451595994033e-03 | 1
 17,  2 |  -1.9165594160786361e-03 |  -1.9165594160786361e-03 | 1
 17,  3 |  -1.5027253497506003e-03 |  -1.5027253497506003e-03 | 1
 17,  4 |  -6.3275821439699254e-04 |  -6.3275821439699254e-04 | 1
 17,  5 |   1.9667208719199576e-03 |   1.9667208719199576e-03 | 1
 17,  6 |  -5.9204796439057267e-02 |  -5.9204796439057267e-02 | 1
 17,  7 |  -2.1829665076983389e+01 |  -2.1829665076983389e+01 | 1
 17,  8 |  -9.9219144800379261e-04 |  -9.9219144800379261e-04 | 1
 17,  9 |  -1.1349581096545096e-03 |  -1.1349581096545096e-03 | 1
 17, 10 |   4.4470523723117682e-03 |   4.4470523723117682e-03 | 1
 17, 11 |  -5.4498676996302120e-03 |  -5.4498676996302120e-03 | 1
 17, 12 |  -4.7853260904605474e-04 |  -4.7853260904605474e-04 | 1
 17, 13 |  -3.5654762722258683e-03 |  -3.5654762722258683e-03 | 1
 17, 14 |   4.5006071155268522e-06 |   4.5006071155268522e-06 | 1
 17, 15 |   3.1676145438716205e-04 |   3.1676145438716205e-04 | 1
 17, 16 |   3.2792905413615066e-03 |   3.2792905413615066e-03 | 1
 17, 17 |   3.0095789031612738e-03 |   3.0095789031612738e-03 | 1
 17, 18 |   2.7075920773299723e-03 |   2.7075920773299723e-03 | 1
 17, 19 |   2.6814121326385661e-03 |   2.6814121326385661e-03 | 1
 17, 20 |  -9.8747338288763479e-04 |  -9.8747338288763479e-04 | 1
 17, 21 |  -1.9032047097333767e-07 |  -1.9032047097333767e-07 | 1
 17, 22 |  -1.3186995318355786e-03 |  -1.3186995318355786e-03 | 1
 17, 23 |   1.1084672309299428e-03 |   1.1084672309299428e-03 | 1
 18,  1 |  -1.1529413301364518e-03 |  -1.1529413301364518e-03 | 1
 18,  2 |  -1.8506932636068528e-03 |  -1.8506932636068528e-03 | 1
 18,  3 |  -1.2484640590024242e-03 |  -1.2484640590024242e-03 | 1
 18,  4 |  -2.8863802493036552e-04 |  -2.8863802493036552e-04 | 1
 18,  5 |   1.2107580463085240e-03 |   1.2107580463085240e-03 | 1
 18,  6 |  -4.7508559324305061e-02 |  -4.7508559324305061e-02 | 1
 18,  7 |  -2.2067915864233356e+01 |  -2.2067915864233356e+01 | 1
 18,  8 |  -6.7418040774574225e-04 |  -6.7418040774574225e-04 | 1
 18,  9 |  -1.0332103063087888e-03 |  -1.0332103063087888e-03 | 1
 18, 10 |   3.0197156710256102e-03 |   3.0197156710256102e-03 | 1
 18, 11 |  -4.8251610346192880e-03 |  -4.8251610346192880e-03 | 1
 18, 12 |  -4.5400734426654168e-04 |  -4.5400734426654168e-04 | 1
 18, 13 |  -2.9774993513289466e-03 |  -2.9774993513289466e-03 | 1
 18, 14 |  -3.9450617961595425e-05 |  -3.9450617961595425e-05 | 1
 18, 15 |   5.5687923430925920e-04 |   5.5687923430925920e-04 | 1
 18, 16 |   2.9946879416555515e-03 |   2.9946879416555515e-03 | 1
 18, 17 |   2.7075920773299723e-03 |   2.7075920773299723e-03 | 1
 18, 18 |   2.6208218422460981e-03 |   2.6208218422460981e-03 | 1
 18, 19 |   2.4924168246568106e-03 |   2.4924168246568106e-03 | 1
 18, 20 |  -9.3159170838677833e-04 |  -9.3159170838677833e-04 | 1
 18, 21 |  -1.8465239424461730e-07 |  -1.8465239424461730e-07 | 1
 18, 22 |  -1.1444332021818496e-03 |  -1.1444332021818496e-03 | 1
 18, 23 |   1.0674628869768231e-03 |   1.0674628869768231e-03 | 1
 19,  1 |  -9.3411334184273194e-04 |  -9.3411334184273194e-04 | 1
 19,  2 |  -1.1591790259879540e-03 |  -1.1591790259879540e-03 | 1
 19,  3 |  -1.2348389508025652e-03 |  -1.2348389508025652e-03 | 1
 19,  4 |  -2.5175537497227067e-04 |  -2.5175537497227067e-04 | 1
 19,  5 |   1.4579708644868645e-03 |   1.4579708644868645e-03 | 1
 19,  6 |  -5.1243241613212268e-02 |  -5.1243241613212268e-02 | 1
 19,  7 |  -1.9330725970093354e+01 |  -1.9330725970093354e+01 | 1
 19,  8 |  -3.2554792535615220e-04 |  -3.2554792535615220e-04 | 1
 19,  9 |  -1.0579941545149716e-03 |  -1.0579941545149716e-03 | 1
 19, 10 |   4.0472465185753927e-03 |   4.0472465185753927e-03 | 1
 19, 11 |  -3.6800511009860582e-03 |  -3.6800511009860582e-03 | 1
 19, 12 |  -2.8586833145104271e-04 |  -2.8586833145104271e-04 | 1
 19, 13 |  -2.3436960462129455e-03 |  -2.3436960462129455e-03 | 1
 19, 14 |  -1.1210555925913589e-04 |  -1.1210555925913589e-04 | 1
 19, 15 |  -5.5820139334087499e-05 |  -5.5820139334087499e-05 | 1
 19, 16 |   3.5285811674542339e-03 |   3.5285811674542339e-03 | 1
 19, 17 |   2.6814121326385661e-03 |   2.6814121326385661e-03 | 1
 19, 18 |   2.4924168246568106e-03 |   2.4924168246568106e-03 | 1
 19, 19 |   2.5965242006605049e-03 |   2.5965242006605049e-03 | 1
 19, 20 |  -9.1155039238370464e-04 |  -9.1155039238370464e-04 | 1
 19, 21 |  -2.1229167389735100e-07 |  -2.1229167389735100e-07 | 1
 19, 22 |  -9.5309086439102856e-04 |  -9.5309086439102856e-04 | 1
 19, 23 |   1.0834462741315812e-03 |   1.0834462741315812e-03 | 1
 20,  1 |   3.1395638511885651e-04 |   3.1395638511885651e-04 | 1
 20,  2 |   5.1026614232231777e-04 |   5.1026614232231777e-04 | 1
 20,  3 |   4.2772350961644596e-04 |   4.2772350961644596e-04 | 1
 20,  4 |   3.8684511075601311e-06 |   3.8684511075601311e-06 | 1
 20,  5 |  -5.1741169131948274e-04 |  -5.1741169131948274e-04 | 1
 20,  6 |   1.9290065758068783e-02 |   1.9290065758068783e-02 | 1
 20,  7 |   9.4615737558131485e+00 |   9.4615737558131485e+00 | 1
 20,  8 |   3.8249253878501639e-04 |   3.8249253878501639e-04 | 1
 20,  9 |   3.1783367261174126e-04 |   3.1783367261174126e-04 | 1
 20, 10 |  -1.8074686070311680e-03 |  -1.8074686070311680e-03 | 1
 20, 11 |   1.5502285477759321e-03 |   1.5502285477759321e-03 | 1
 20, 12 |   1.1940011121687553e-04 |   1.1940011121687553e-04 | 1
 20, 13 |   1.3489628450197126e-03 |   1.3489628450197126e-03 | 1
 20, 14 |   6.1316909514539156e-05 |   6.1316909514539156e-05 | 1
 20, 15 |   2.2862360822733033e-05 |   2.2862360822733033e-05 | 1
 20, 16 |  -1.4079245644177635e-03 |  -1.4079245644177635e-03 | 1
 20, 17 |  -9.8747338288763479e-04 |  -9.8747338288763479e-04 | 1
 20, 18 |  -9.3159170838677833e-04 |  -9.3159170838677833e-04 | 1
 20, 19 |  -9.1155039238370464e-04 |  -9.1155039238370464e-04 | 1
 20, 20 |   3.9545856905642785e-04 |   3.9545856905642785e-04 | 1
 20, 21 |   8.9151333702030521e-08 |   8.9151333702030521e-08 | 1
 20, 22 |   2.7529299345854948e-04 |   2.7529299345854948e-04 | 1
 20, 23 |  -3.5028043066569832e-04 |  -3.5028043066569832e-04 | 1
 21,  1 |  -3.8537070612587514e-08 |  -3.8537070612587514e-08 | 1
 21,  2 |  -1.0957523645124527e-07 |  -1.0957523645124527e-07 | 1
 21,  3 |   2.8347947521734817e-08 |   2.8347947521734817e-08 | 1
 21,  4 |  -7.2343146615376135e-08 |  -7.2343146615376135e-08 | 1
 21,  5 |   3.6991203824099622e-08 |   3.6991203824099622e-08 | 1
 21,  6 |   3.4575160640799728e-06 |   3.4575160640799728e-06 | 1
 21,  7 |   1.9442314424561176e-03 |   1.9442314424561176e-03 | 1
 21,  8 |  -5.7289012837540118e-08 |  -5.7289012837540118e-08 | 1
 21,  9 |  -1.8836558118673435e-08 |  -1.8836558118673435e-08 | 1
 21, 10 |  -7.3282806842140573e-07 |  -7.3282806842140573e-07 | 1
 21, 11 |   6.1327064924504542e-07 |   6.1327064924504542e-07 | 1
 21, 12 |  -1.6190269481172638e-07 |  -1.6190269481172638e-07 | 1
 21, 13 |  -1.2251545031883450e-07 |  -1.2251545031883450e-07 | 1
 21, 14 |   5.3850755180358059e-08 |   5.3850755180358059e-08 | 1
 21, 15 |   2.3794067695068663e-07 |   2.3794067695068663e-07 | 1
 21, 16 |  -3.6634571389925841e-07 |  -3.6634571389925841e-07 | 1
 21, 17 |  -1.9032047097333767e-07 |  -1.9032047097333767e-07 | 1
 21, 18 |  -1.8465239424461730e-07 |  -1.8465239424461730e-07 | 1
 21, 19 |  -2.1229167389735100e-07 |  -2.1229167389735100e-07 | 1
 21, 20 |   8.9151333702030521e-08 |   8.9151333702030521e-08 | 1
 21, 21 |   6.9800477032449085e-11 |   6.9800477032449085e-11 | 1
 21, 22 |  -1.8445642639963875e-08 |  -1.8445642639963875e-08 | 1
 21, 23 |   9.7635977558532464e-08 |   9.7635977558532464e-08 | 1
 22,  1 |   1.7642574572518908e-03 |   1.7642574572518908e-03 | 1
 22,  2 |   2.3093029685074761e-03 |   2.3093029685074761e-03 | 1
 22,  3 |   1.6001625622182102e-03 |   1.6001625622182102e-03 | 1
 22,  4 |   1.2568289690590446e-03 |   1.2568289690590446e-03 | 1
 22,  5 |  -4.3324784370280309e-04 |  -4.3324784370280309e-04 | 1
 22,  6 |   5.2189412801691842e-03 |   5.2189412801691842e-03 | 1
 22,  7 |   7.1120565282939552e+00 |   7.1120565282939552e+00 | 1
 22,  8 |  -1.9763390062923564e-04 |  -1.9763390062923564e-04 | 1
 22,  9 |   5.8507645542036236e-04 |   5.8507645542036236e-04 | 1
 22, 10 |   2.9053994918759704e-03 |   2.9053994918759704e-03 | 1
 22, 11 |   4.4314893617959433e-03 |   4.4314893617959433e-03 | 1
 22, 12 |   9.9705933221577443e-04 |   9.9705933221577443e-04 | 1
 22, 13 |   3.2828041799955691e-03 |   3.2828041799955691e-03 | 1
 22, 14 |  -2.6514558752998186e-04 |  -2.6514558752998186e-04 | 1
 22, 15 |  -1.0269876659660046e-03 |  -1.0269876659660046e-03 | 1
 22, 16 |   6.3504919024744578e-04 |   6.3504919024744578e-04 | 1
 22, 17 |  -1.3186995318355786e-03 |  -1.3186995318355786e-03 | 1
 22, 18 |  -1.1444332021818496e-03 |  -1.1444332021818496e-03 | 1
 22, 19 |  -9.5309086439102856e-04 |  -9.5309086439102856e-04 | 1
 22, 20 |   2.7529299345854948e-04 |   2.7529299345854948e-04 | 1
 22, 21 |  -1.8445642639963875e-08 |  -1.8445642639963875e-08 | 1
 22, 22 |   1.9066237022437858e-03 |   1.9066237022437858e-03 | 1
 22, 23 |  -4.3804851428861811e-04 |  -4.3804851428861811e-04 | 1
 23,  1 |  -6.9175450707626698e-04 |  -6.9175450707626698e-04 | 1
 23,  2 |  -8.5275507496167810e-04 |  -8.5275507496167810e-04 | 1
 23,  3 |  -6.9976530044519583e-05 |  -6.9976530044519583e-05 | 1
 23,  4 |  -2.1812096458819028e-04 |  -2.1812096458819028e-04 | 1
 23,  5 |   7.6090919394218158e-04 |   7.6090919394218158e-04 | 1
 23,  6 |  -2.1059064937593644e-02 |  -2.1059064937593644e-02 | 1
 23,  7 |  -9.2978164636953764e+00 |  -9.2978164636953764e+00 | 1
 23,  8 |  -1.2421611402962230e-04 |  -1.2421611402962230e-04 | 1
 23,  9 |  -7.4625421393128112e-04 |  -7.4625421393128112e-04 | 1
 23, 10 |   5.9721769355693729e-04 |   5.9721769355693729e-04 | 1
 23, 11 |   1.2601935902440461e-03 |   1.2601935902440461e-03 | 1
 23, 12 |  -3.6032775239873242e-04 |  -3.6032775239873242e-04 | 1
 23, 13 |  -2.0297668631797370e-03 |  -2.0297668631797370e-03 | 1
 23, 14 |  -1.6912196372282479e-04 |  -1.6912196372282479e-04 | 1
 23, 15 |   6.5183160602448565e-04 |   6.5183160602448565e-04 | 1
 23, 16 |   2.6270180181572032e-03 |   2.6270180181572032e-03 | 1
 23, 17 |   1.1084672309299428e-03 |   1.1084672309299428e-03 | 1
 23, 18 |   1.0674628869768231e-03 |   1.0674628869768231e-03 | 1
 23, 19 |   1.0834462741315812e-03 |   1.0834462741315812e-03 | 1
 23, 20 |  -3.5028043066569832e-04 |  -3.5028043066569832e-04 | 1
 23, 21 |   9.7635977558532464e-08 |   9.7635977558532464e-08 | 1
 23, 22 |  -4.3804851428861811e-04 |  -4.3804851428861811e-04 | 1
 23, 23 |   1.9580053499761250e-03 |   1.9580053499761250e-03 | 1
