row,col | V_base                   | V_new                    | equal
  1,  1 |   1.0305482225066256e-03 |   1.0305482225066256e-03 | 1
  1,  2 |   1.1314410873762238e-03 |   1.1314410873762238e-03 | 1
  1,  3 |   8.7859072021006439e-04 |   8.7859072021006439e-04 | 1
  1,  4 |   1.0221328944105316e-03 |   1.0221328944105316e-03 | 1
  1,  5 |   5.2334391612468686e-04 |   5.2334391612468686e-04 | 1
  1,  6 |  -1.4348711881719139e-02 |  -1.4348711881719139e-02 | 1
  1,  7 |  -9.1861131291919168e-03 |  -9.1861131291919168e-03 | 1
  1,  8 |  -2.9877620596172923e-04 |  -2.9877620596172923e-04 | 1
  1,  9 |  -5.9675154056908425e-05 |  -5.9675154056908425e-05 | 1
  1, 10 |   2.4758364226163503e-03 |   2.4758364226163503e-03 | 1
  1, 11 |   4.2213400963046844e-03 |   4.2213400963046844e-03 | 1
  1, 12 |   6.5401293900388239e-04 |   6.5401293900388239e-04 | 1
  1, 13 |   6.2106665800568030e-04 |   6.2106665800568030e-04 | 1
  1, 14 |  -9.4295850936290131e-05 |  -9.4295850936290131e-05 | 1
  1, 15 |  -1.7880118338772727e-03 |  -1.7880118338772727e-03 | 1
  1, 16 |   1.7997983640123012e-03 |   1.7997983640123012e-03 | 1
  1, 17 |  -3.6041606502567870e-04 |  -3.6041606502567870e-04 | 1
  1, 18 |  -2.9916602402501252e-04 |  -2.9916602402501252e-04 | 1
  1, 19 |  -2.3671987229783719e-04 |  -2.3671987229783719e-04 | 1
  1, 20 |  -1.2670001761804921e-05 |  -1.2670001761804921e-05 | 1
  1, 21 |   1.1367410531494307e-03 |   1.1367410531494307e-03 | 1
  1, 22 |   1.0589163511663876e-04 |   1.0589163511663876e-04 | 1
  2,  1 |   1.1314410873762238e-03 |   1.1314410873762238e-03 | 1
  2,  2 |   2.9132067616165431e-03 |   2.9132067616165431e-03 | 1
  2,  3 |   6.1987780658459026e-04 |   6.1987780658459026e-04 | 1
  2,  4 |   1.1977698714692776e-03 |   1.1977698714692776e-03 | 1
  2,  5 |   7.4487735416456618e-04 |   7.4487735416456618e-04 | 1
  2,  6 |  -2.8107822004205588e-02 |  -2.8107822004205588e-02 | 1
  2,  7 |  -1.3422486617928702e-02 |  -1.3422486617928702e-02 | 1
  2,  8 |   1.7815793930300327e-04 |   1.7815793930300327e-04 | 1
  2,  9 |  -4.4708957822887295e-04 |  -4.4708957822887295e-04 | 1
  2, 10 |   4.3257047843878130e-03 |   4.3257047843878130e-03 | 1
  2, 11 |   6.3280124937465723e-03 |   6.3280124937465723e-03 | 1
  2, 12 |   1.1726298206903071e-03 |   1.1726298206903071e-03 | 1
  2, 13 |   1.6647584695602161e-03 |   1.6647584695602161e-03 | 1
  2, 14 |  -4.0736556904325579e-04 |  -4.0736556904325579e-04 | 1
  2, 15 |  -4.2410992477107095e-03 |  -4.2410992477107095e-03 | 1
  2, 16 |   2.4371694834982166e-03 |   2.4371694834982166e-03 | 1
  2, 17 |  -6.3768224860678607e-04 |  -6.3768224860678607e-04 | 1
  2, 18 |  -7.1024644080784020e-04 |  -7.1024644080784020e-04 | 1
  2, 19 |  -2.6120723877145081e-04 |  -2.6120723877145081e-04 | 1
  2, 20 |  -4.0715929781596991e-07 |  -4.0715929781596991e-07 | 1
  2, 21 |   1.4156542544443637e-03 |   1.4156542544443637e-03 | 1
  2, 22 |  -2.0419627661823870e-04 |  -2.0419627661823870e-04 | 1
  3,  1 |   8.7859072021006439e-04 |   8.7859072021006439e-04 | 1
  3,  2 |   6.1987780658459026e-04 |   6.1987780658459026e-04 | 1
  3,  3 |   1.9571884756023942e-03 |   1.9571884756023942e-03 | 1
  3,  4 |   1.1468651632710043e-03 |   1.1468651632710043e-03 | 1
  3,  5 |   4.6838512629343863e-04 |   4.6838512629343863e-04 | 1
  3,  6 |  -7.8683298999764548e-03 |  -7.8683298999764548e-03 | 1
  3,  7 |  -2.5813912645994107e-02 |  -2.5813912645994107e-02 | 1
  3,  8 |  -5.0666299456747954e-04 |  -5.0666299456747954e-04 | 1
  3,  9 |   2.9142630083785724e-04 |   2.9142630083785724e-04 | 1
  3, 10 |   2.5556469334614505e-03 |   2.5556469334614505e-03 | 1
  3, 11 |   3.1177078326070683e-03 |   3.1177078326070683e-03 | 1
  3, 12 |   9.3332991647323313e-04 |   9.3332991647323313e-04 | 1
  3, 13 |   8.1877699243227152e-05 |   8.1877699243227152e-05 | 1
  3, 14 |  -1.1923737348291999e-04 |  -1.1923737348291999e-04 | 1
  3, 15 |  -2.2514663903432383e-03 |  -2.2514663903432383e-03 | 1
  3, 16 |   2.1978752862613620e-03 |   2.1978752862613620e-03 | 1
  3, 17 |  -3.8079309155658624e-04 |  -3.8079309155658624e-04 | 1
  3, 18 |  -2.3913044425311300e-04 |  -2.3913044425311300e-04 | 1
  3, 19 |  -3.9025669158844218e-04 |  -3.9025669158844218e-04 | 1
  3, 20 |  -1.3352576773638873e-05 |  -1.3352576773638873e-05 | 1
  3, 21 |   1.0947863073409699e-03 |   1.0947863073409699e-03 | 1
  3, 22 |   3.6888833803025922e-04 |   3.6888833803025922e-04 | 1
  4,  1 |   1.0221328944105316e-03 |   1.0221328944105316e-03 | 1
  4,  2 |   1.1977698714692776e-03 |   1.1977698714692776e-03 | 1
  4,  3 |   1.1468651632710043e-03 |   1.1468651632710043e-03 | 1
  4,  4 |   2.2189103964877716e-03 |   2.2189103964877716e-03 | 1
  4,  5 |   8.4004732283083906e-05 |   8.4004732283083906e-05 | 1
  4,  6 |   3.8559842570228412e-03 |   3.8559842570228412e-03 | 1
  4,  7 |  -3.7082937024926724e-02 |  -3.7082937024926724e-02 | 1
  4,  8 |   9.2336192576754242e-04 |   9.2336192576754242e-04 | 1
  4,  9 |   1.9082132069037666e-04 |   1.9082132069037666e-04 | 1
  4, 10 |   2.6991784578379915e-03 |   2.6991784578379915e-03 | 1
  4, 11 |   3.4593452126375317e-03 |   3.4593452126375317e-03 | 1
  4, 12 |   1.4651935906312193e-03 |   1.4651935906312193e-03 | 1
  4, 13 |   1.6644464404726709e-04 |   1.6644464404726709e-04 | 1
  4, 14 |   1.6940671789066670e-05 |   1.6940671789066670e-05 | 1
  4, 15 |  -2.7338580420311950e-03 |  -2.7338580420311950e-03 | 1
  4, 16 |   2.0821666680452197e-03 |   2.0821666680452197e-03 | 1
  4, 17 |  -7.0005596219382374e-04 |  -7.0005596219382374e-04 | 1
  4, 18 |  -3.4404467681475696e-04 |  -3.4404467681475696e-04 | 1
  4, 19 |  -4.2307566490604447e-04 |  -4.2307566490604447e-04 | 1
  4, 20 |  -5.6609850244932175e-06 |  -5.6609850244932175e-06 | 1
  4, 21 |   1.2680470202739741e-03 |   1.2680470202739741e-03 | 1
  4, 22 |   1.7230025962771352e-04 |   1.7230025962771352e-04 | 1
  5,  1 |   5.2334391612468686e-04 |   5.2334391612468686e-04 | 1
  5,  2 |   7.4487735416456618e-04 |   7.4487735416456618e-04 | 1
  5,  3 |   4.6838512629343863e-04 |   4.6838512629343863e-04 | 1
  5,  4 |   8.4004732283083906e-05 |   8.4004732283083906e-05 | 1
  5,  5 |   5.8719045651265834e-03 |   5.8719045651265834e-03 | 1
  5,  6 |  -6.8269013493854905e-02 |  -6.8269013493854905e-02 | 1
  5,  7 |  -1.5983067494532308e-02 |  -1.5983067494532308e-02 | 1
  5,  8 |  -1.6266059528717868e-03 |  -1.6266059528717868e-03 | 1
  5,  9 |   9.0440756739132259e-04 |   9.0440756739132259e-04 | 1
  5, 10 |   6.1692801095115006e-03 |   6.1692801095115006e-03 | 1
  5, 11 |   6.2477674189638406e-03 |   6.2477674189638406e-03 | 1
  5, 12 |   4.7336645935766542e-04 |   4.7336645935766542e-04 | 1
  5, 13 |  -2.0541434300993290e-03 |  -2.0541434300993290e-03 | 1
  5, 14 |  -1.1323165800893322e-04 |  -1.1323165800893322e-04 | 1
  5, 15 |  -7.3350101015105910e-03 |  -7.3350101015105910e-03 | 1
  5, 16 |   3.8968660162806952e-03 |   3.8968660162806952e-03 | 1
  5, 17 |   2.1641603656721040e-04 |   2.1641603656721040e-04 | 1
  5, 18 |  -3.0541949844587412e-04 |  -3.0541949844587412e-04 | 1
  5, 19 |  -2.8701871973663763e-04 |  -2.8701871973663763e-04 | 1
  5, 20 |  -2.0594719944762562e-05 |  -2.0594719944762562e-05 | 1
  5, 21 |   6.5322546606051473e-04 |   6.5322546606051473e-04 | 1
  5, 22 |   7.9982280711893842e-05 |   7.9982280711893842e-05 | 1
  6,  1 |  -1.4348711881719139e-02 |  -1.4348711881719139e-02 | 1
  6,  2 |  -2.8107822004205588e-02 |  -2.8107822004205588e-02 | 1
  6,  3 |  -7.8683298999764548e-03 |  -7.8683298999764548e-03 | 1
  6,  4 |   3.8559842570228412e-03 |   3.8559842570228412e-03 | 1
  6,  5 |  -6.8269013493854905e-02 |  -6.8269013493854905e-02 | 1
  6,  6 |   2.6607597297368950e+00 |   2.6607597297368950e+00 | 1
  6,  7 |   7.3868690577590615e-02 |   7.3868690577590615e-02 | 1
  6,  8 |   6.9077606814714920e-02 |   6.9077606814714920e-02 | 1
  6,  9 |  -9.9104396213603972e-03 |  -9.9104396213603972e-03 | 1
  6, 10 |  -1.3947599056778937e-01 |  -1.3947599056778937e-01 | 1
  6, 11 |  -2.0763618067317479e-02 |  -2.0763618067317479e-02 | 1
  6, 12 |  -2.1248016830892807e-02 |  -2.1248016830892807e-02 | 1
  6, 13 |   3.6278107555045194e-02 |   3.6278107555045194e-02 | 1
  6, 14 |  -2.2899038456455863e-02 |  -2.2899038456455863e-02 | 1
  6, 15 |   1.2472110791350219e-01 |   1.2472110791350219e-01 | 1
  6, 16 |  -6.7714114859558597e-02 |  -6.7714114859558597e-02 | 1
  6, 17 |  -7.6982565859434306e-03 |  -7.6982565859434306e-03 | 1
  6, 18 |   5.7065715059801264e-03 |   5.7065715059801264e-03 | 1
  6, 19 |  -4.5625563395476095e-04 |  -4.5625563395476095e-04 | 1
  6, 20 |  -4.8640601377393142e-04 |  -4.8640601377393142e-04 | 1
  6, 21 |  -2.2255485529572634e-02 |  -2.2255485529572634e-02 | 1
  6, 22 |   5.4123855726025019e-04 |   5.4123855726025019e-04 | 1
  7,  1 |  -9.1861131291919168e-03 |  -9.1861131291919168e-03 | 1
  7,  2 |  -1.3422486617928702e-02 |  -1.3422486617928702e-02 | 1
  7,  3 |  -2.5813912645994107e-02 |  -2.5813912645994107e-02 | 1
  7,  4 |  -3.7082937024926724e-02 |  -3.7082937024926724e-02 | 1
  7,  5 |  -1.5983067494532308e-02 |  -1.5983067494532308e-02 | 1
  7,  6 |   7.3868690577590615e-02 |   7.3868690577590615e-02 | 1
  7,  7 |   1.8116144488678025e+00 |   1.8116144488678025e+00 | 1
  7,  8 |  -2.3211789773391847e-02 |  -2.3211789773391847e-02 | 1
  7,  9 |  -1.6213727048573399e-02 |  -1.6213727048573399e-02 | 1
  7, 10 |  -7.8672379614232041e-02 |  -7.8672379614232041e-02 | 1
  7, 11 |  -1.2060739487566170e-01 |  -1.2060739487566170e-01 | 1
  7, 12 |  -1.6058185444560533e-02 |  -1.6058185444560533e-02 | 1
  7, 13 |   8.0116385893864925e-02 |   8.0116385893864925e-02 | 1
  7, 14 |  -1.6121760147337104e-03 |  -1.6121760147337104e-03 | 1
  7, 15 |   1.3105395002517567e-01 |   1.3105395002517567e-01 | 1
  7, 16 |  -5.2426762227090459e-02 |  -5.2426762227090459e-02 | 1
  7, 17 |   1.5102115556363736e-02 |   1.5102115556363736e-02 | 1
  7, 18 |   9.7727204803595390e-03 |   9.7727204803595390e-03 | 1
  7, 19 |   1.5496615779431164e-02 |   1.5496615779431164e-02 | 1
  7, 20 |  -6.7621278435976294e-04 |  -6.7621278435976294e-04 | 1
  7, 21 |  -1.6107878773647208e-02 |  -1.6107878773647208e-02 | 1
  7, 22 |   3.0146550433235112e-03 |   3.0146550433235112e-03 | 1
  8,  1 |  -2.9877620596172923e-04 |  -2.9877620596172923e-04 | 1
  8,  2 |   1.7815793930300327e-04 |   1.7815793930300327e-04 | 1
  8,  3 |  -5.0666299456747954e-04 |  -5.0666299456747954e-04 | 1
  8,  4 |   9.2336192576754242e-04 |   9.2336192576754242e-04 | 1
  8,  5 |  -1.6266059528717868e-03 |  -1.6266059528717868e-03 | 1
  8,  6 |   6.9077606814714920e-02 |   6.9077606814714920e-02 | 1
  8,  7 |  -2.3211789773391847e-02 |  -2.3211789773391847e-02 | 1
  8,  8 |   5.9446686077796523e-03 |   5.9446686077796523e-03 | 1
  8,  9 |  -7.8857460201508980e-04 |  -7.8857460201508980e-04 | 1
  8, 10 |  -1.7705612077456570e-03 |  -1.7705612077456570e-03 | 1
  8, 11 |   4.4873509227350223e-03 |   4.4873509227350223e-03 | 1
  8, 12 |   6.9619634696405986e-04 |   6.9619634696405986e-04 | 1
  8, 13 |   1.6220538058642686e-03 |   1.6220538058642686e-03 | 1
  8, 14 |  -7.2334820470447729e-04 |  -7.2334820470447729e-04 | 1
  8, 15 |   5.2711668147239100e-04 |   5.2711668147239100e-04 | 1
  8, 16 |  -3.3374631579573152e-04 |  -3.3374631579573152e-04 | 1
  8, 17 |  -1.6803357553805108e-04 |  -1.6803357553805108e-04 | 1
  8, 18 |   9.5064243810068377e-05 |   9.5064243810068377e-05 | 1
  8, 19 |   3.5505619182094175e-04 |   3.5505619182094175e-04 | 1
  8, 20 |   3.9712541557472981e-05 |   3.9712541557472981e-05 | 1
  8, 21 |  -7.2607547933673737e-04 |  -7.2607547933673737e-04 | 1
  8, 22 |   6.3858537943712419e-04 |   6.3858537943712419e-04 | 1
  9,  1 |  -5.9675154056908425e-05 |  -5.9675154056908425e-05 | 1
  9,  2 |  -4.4708957822887295e-04 |  -4.4708957822887295e-04 | 1
  9,  3 |   2.9142630083785724e-04 |   2.9142630083785724e-04 | 1
  9,  4 |   1.9082132069037666e-04 |   1.9082132069037666e-04 | 1
  9,  5 |   9.0440756739132259e-04 |   9.0440756739132259e-04 | 1
  9,  6 |  -9.9104396213603972e-03 |  -9.9104396213603972e-03 | 1
  9,  7 |  -1.6213727048573399e-02 |  -1.6213727048573399e-02 | 1
  9,  8 |  -7.8857460201508980e-04 |  -7.8857460201508980e-04 | 1
  9,  9 |   6.9464290957657799e-04 |   6.9464290957657799e-04 | 1
  9, 10 |   1.5287027469698521e-03 |   1.5287027469698521e-03 | 1
  9, 11 |  -1.3291989145306066e-03 |  -1.3291989145306066e-03 | 1
  9, 12 |   2.7224048857438639e-04 |   2.7224048857438639e-04 | 1
  9, 13 |  -1.8452576623485708e-03 |  -1.8452576623485708e-03 | 1
  9, 14 |   3.2816634547279280e-04 |   3.2816634547279280e-04 | 1
  9, 15 |  -1.6012060529287454e-03 |  -1.6012060529287454e-03 | 1
  9, 16 |   3.7889476731519560e-04 |   3.7889476731519560e-04 | 1
  9, 17 |  -6.9248372483686770e-05 |  -6.9248372483686770e-05 | 1
  9, 18 |  -7.8765650872494175e-05 |  -7.8765650872494175e-05 | 1
  9, 19 |  -3.3437866669921512e-04 |  -3.3437866669921512e-04 | 1
  9, 20 |  -2.2396445903344602e-06 |  -2.2396445903344602e-06 | 1
  9, 21 |   3.5534679385928031e-05 |   3.5534679385928031e-05 | 1
  9, 22 |  -2.2077267805249297e-04 |  -2.2077267805249297e-04 | 1
 10,  1 |   2.4758364226163503e-03 |   2.4758364226163503e-03 | 1
 10,  2 |   4.3257047843878130e-03 |   4.3257047843878130e-03 | 1
 10,  3 |   2.5556469334614505e-03 |   2.5556469334614505e-03 | 1
 10,  4 |   2.6991784578379915e-03 |   2.6991784578379915e-03 | 1
 10,  5 |   6.1692801095115006e-03 |   6.1692801095115006e-03 | 1
 10,  6 |  -1.3947599056778937e-01 |  -1.3947599056778937e-01 | 1
 10,  7 |  -7.8672379614232041e-02 |  -7.8672379614232041e-02 | 1
 10,  8 |  -1.7705612077456570e-03 |  -1.7705612077456570e-03 | 1
 10,  9 |   1.5287027469698521e-03 |   1.5287027469698521e-03 | 1
 10, 10 |   1.9928541930755175e-02 |   1.9928541930755175e-02 | 1
 10, 11 |   1.0913497337050618e-02 |   1.0913497337050618e-02 | 1
 10, 12 |   4.7005210333823221e-03 |   4.7005210333823221e-03 | 1
 10, 13 |  -1.7574755217132474e-03 |  -1.7574755217132474e-03 | 1
 10, 14 |   5.1486446139980798e-04 |   5.1486446139980798e-04 | 1
 10, 15 |  -1.7149215994698354e-02 |  -1.7149215994698354e-02 | 1
 10, 16 |   7.6395098329449778e-03 |   7.6395098329449778e-03 | 1
 10, 17 |  -1.2324038696770190e-03 |  -1.2324038696770190e-03 | 1
 10, 18 |  -1.6915262895410839e-03 |  -1.6915262895410839e-03 | 1
 10, 19 |  -1.5867800720018358e-03 |  -1.5867800720018358e-03 | 1
 10, 20 |   8.4565285627319771e-05 |   8.4565285627319771e-05 | 1
 10, 21 |   3.0513074911430512e-03 |   3.0513074911430512e-03 | 1
 10, 22 |  -1.2776150866289119e-03 |  -1.2776150866289119e-03 | 1
 11,  1 |   4.2213400963046844e-03 |   4.2213400963046844e-03 | 1
 11,  2 |   6.3280124937465723e-03 |   6.3280124937465723e-03 | 1
 11,  3 |   3.1177078326070683e-03 |   3.1177078326070683e-03 | 1
 11,  4 |   3.4593452126375317e-03 |   3.4593452126375317e-03 | 1
 11,  5 |   6.2477674189638406e-03 |   6.2477674189638406e-03 | 1
 11,  6 |  -2.0763618067317479e-02 |  -2.0763618067317479e-02 | 1
 11,  7 |  -1.2060739487566170e-01 |  -1.2060739487566170e-01 | 1
 11,  8 |   4.4873509227350223e-03 |   4.4873509227350223e-03 | 1
 11,  9 |  -1.3291989145306066e-03 |  -1.3291989145306066e-03 | 1
 11, 10 |   1.0913497337050618e-02 |   1.0913497337050618e-02 | 1
 11, 11 |   6.9402373161830080e-02 |   6.9402373161830080e-02 | 1
 11, 12 |  -4.2694637872758741e-03 |  -4.2694637872758741e-03 | 1
 11, 13 |  -4.5294965322232846e-03 |  -4.5294965322232846e-03 | 1
 11, 14 |  -3.1419422547495583e-03 |  -3.1419422547495583e-03 | 1
 11, 15 |  -2.1103020679176659e-02 |  -2.1103020679176659e-02 | 1
 11, 16 |   1.8130532429996925e-02 |   1.8130532429996925e-02 | 1
 11, 17 |  -1.8330383237900720e-03 |  -1.8330383237900720e-03 | 1
 11, 18 |  -1.4867797413099376e-03 |  -1.4867797413099376e-03 | 1
 11, 19 |  -6.7681008872506995e-04 |  -6.7681008872506995e-04 | 1
 11, 20 |   6.1294672767049792e-05 |   6.1294672767049792e-05 | 1
 11, 21 |   4.8331895362916559e-03 |   4.8331895362916559e-03 | 1
 11, 22 |   3.4874449045516533e-03 |   3.4874449045516533e-03 | 1
 12,  1 |   6.5401293900388239e-04 |   6.5401293900388239e-04 | 1
 12,  2 |   1.1726298206903071e-03 |   1.1726298206903071e-03 | 1
 12,  3 |   9.3332991647323313e-04 |   9.3332991647323313e-04 | 1
 12,  4 |   1.4651935906312193e-03 |   1.4651935906312193e-03 | 1
 12,  5 |   4.7336645935766542e-04 |   4.7336645935766542e-04 | 1
 12,  6 |  -2.1248016830892807e-02 |  -2.1248016830892807e-02 | 1
 12,  7 |  -1.6058185444560533e-02 |  -1.6058185444560533e-02 | 1
 12,  8 |   6.9619634696405986e-04 |   6.9619634696405986e-04 | 1
 12,  9 |   2.7224048857438639e-04 |   2.7224048857438639e-04 | 1
 12, 10 |   4.7005210333823221e-03 |   4.7005210333823221e-03 | 1
 12, 11 |  -4.2694637872758741e-03 |  -4.2694637872758741e-03 | 1
 12, 12 |   3.4372025721535341e-03 |   3.4372025721535341e-03 | 1
 12, 13 |   2.1144508828487034e-03 |   2.1144508828487034e-03 | 1
 12, 14 |   2.5000722510687022e-04 |   2.5000722510687022e-04 | 1
 12, 15 |  -2.4908682825206408e-03 |  -2.4908682825206408e-03 | 1
 12, 16 |   8.9472271864346551e-04 |   8.9472271864346551e-04 | 1
 12, 17 |  -3.3509857265442478e-04 |  -3.3509857265442478e-04 | 1
 12, 18 |  -3.0136015509969809e-04 |  -3.0136015509969809e-04 | 1
 12, 19 |  -3.0386267137035673e-04 |  -3.0386267137035673e-04 | 1
 12, 20 |   2.2487881956828712e-05 |   2.2487881956828712e-05 | 1
 12, 21 |   7.2547993393166238e-04 |   7.2547993393166238e-04 | 1
 12, 22 |  -2.1546139498282657e-04 |  -2.1546139498282657e-04 | 1
 13,  1 |   6.2106665800568030e-04 |   6.2106665800568030e-04 | 1
 13,  2 |   1.6647584695602161e-03 |   1.6647584695602161e-03 | 1
 13,  3 |   8.1877699243227152e-05 |   8.1877699243227152e-05 | 1
 13,  4 |   1.6644464404726709e-04 |   1.6644464404726709e-04 | 1
 13,  5 |  -2.0541434300993290e-03 |  -2.0541434300993290e-03 | 1
 13,  6 |   3.6278107555045194e-02 |   3.6278107555045194e-02 | 1
 13,  7 |   8.0116385893864925e-02 |   8.0116385893864925e-02 | 1
 13,  8 |   1.6220538058642686e-03 |   1.6220538058642686e-03 | 1
 13,  9 |  -1.8452576623485708e-03 |  -1.8452576623485708e-03 | 1
 13, 10 |  -1.7574755217132474e-03 |  -1.7574755217132474e-03 | 1
 13, 11 |  -4.5294965322232846e-03 |  -4.5294965322232846e-03 | 1
 13, 12 |   2.1144508828487034e-03 |   2.1144508828487034e-03 | 1
 13, 13 |   1.2422792203531281e-02 |   1.2422792203531281e-02 | 1
 13, 14 |  -1.3037095881466322e-03 |  -1.3037095881466322e-03 | 1
 13, 15 |   6.1686003892839313e-03 |   6.1686003892839313e-03 | 1
 13, 16 |  -2.4161065816041775e-03 |  -2.4161065816041775e-03 | 1
 13, 17 |   9.0661639972963395e-05 |   9.0661639972963395e-05 | 1
 13, 18 |   4.7267431595111322e-04 |   4.7267431595111322e-04 | 1
 13, 19 |   8.9046663320412837e-04 |   8.9046663320412837e-04 | 1
 13, 20 |   5.5666862782080716e-05 |   5.5666862782080716e-05 | 1
 13, 21 |   1.3591254091304138e-04 |   1.3591254091304138e-04 | 1
 13, 22 |  -1.4742176614347194e-04 |  -1.4742176614347194e-04 | 1
 14,  1 |  -9.4295850936290131e-05 |  -9.4295850936290131e-05 | 1
 14,  2 |  -4.0736556904325579e-04 |  -4.0736556904325579e-04 | 1
 14,  3 |  -1.1923737348291999e-04 |  -1.1923737348291999e-04 | 1
 14,  4 |   1.6940671789066670e-05 |   1.6940671789066670e-05 | 1
 14,  5 |  -1.1323165800893322e-04 |  -1.1323165800893322e-04 | 1
 14,  6 |  -2.2899038456455863e-02 |  -2.2899038456455863e-02 | 1
 14,  7 |  -1.6121760147337104e-03 |  -1.6121760147337104e-03 | 1
 14,  8 |  -7.2334820470447729e-04 |  -7.2334820470447729e-04 | 1
 14,  9 |   3.2816634547279280e-04 |   3.2816634547279280e-04 | 1
 14, 10 |   5.1486446139980798e-04 |   5.1486446139980798e-04 | 1
 14, 11 |  -3.1419422547495583e-03 |  -3.1419422547495583e-03 | 1
 14, 12 |   2.5000722510687022e-04 |   2.5000722510687022e-04 | 1
 14, 13 |  -1.3037095881466322e-03 |  -1.3037095881466322e-03 | 1
 14, 14 |   7.8608991080474262e-04 |   7.8608991080474262e-04 | 1
 14, 15 |  -1.1377857647761636e-04 |  -1.1377857647761636e-04 | 1
 14, 16 |  -2.3151823542078888e-04 |  -2.3151823542078888e-04 | 1
 14, 17 |   1.2338608115249942e-04 |   1.2338608115249942e-04 | 1
 14, 18 |   3.9405954403301344e-05 |   3.9405954403301344e-05 | 1
 14, 19 |  -1.2432375193214590e-05 |  -1.2432375193214590e-05 | 1
 14, 20 |   8.7339661120703768e-07 |   8.7339661120703768e-07 | 1
 14, 21 |  -3.4180912687739433e-05 |  -3.4180912687739433e-05 | 1
 14, 22 |  -1.3033865799025226e-04 |  -1.3033865799025226e-04 | 1
 15,  1 |  -1.7880118338772727e-03 |  -1.7880118338772727e-03 | 1
 15,  2 |  -4.2410992477107095e-03 |  -4.2410992477107095e-03 | 1
 15,  3 |  -2.2514663903432383e-03 |  -2.2514663903432383e-03 | 1
 15,  4 |  -2.7338580420311950e-03 |  -2.7338580420311950e-03 | 1
 15,  5 |  -7.3350101015105910e-03 |  -7.3350101015105910e-03 | 1
 15,  6 |   1.2472110791350219e-01 |   1.2472110791350219e-01 | 1
 15,  7 |   1.3105395002517567e-01 |   1.3105395002517567e-01 | 1
 15,  8 |   5.2711668147239100e-04 |   5.2711668147239100e-04 | 1
 15,  9 |  -1.6012060529287454e-03 |  -1.6012060529287454e-03 | 1
 15, 10 |  -1.7149215994698354e-02 |  -1.7149215994698354e-02 | 1
 15, 11 |  -2.1103020679176659e-02 |  -2.1103020679176659e-02 | 1
 15, 12 |  -2.4908682825206408e-03 |  -2.4908682825206408e-03 | 1
 15, 13 |   6.1686003892839313e-03 |   6.1686003892839313e-03 | 1
 15, 14 |  -1.1377857647761636e-04 |  -1.1377857647761636e-04 | 1
 15, 15 |   2.1402605733097664e-02 |   2.1402605733097664e-02 | 1
 15, 16 |  -1.0082120386014314e-02 |  -1.0082120386014314e-02 | 1
 15, 17 |   1.2664855413744519e-03 |   1.2664855413744519e-03 | 1
 15, 18 |   1.6725341480330839e-03 |   1.6725341480330839e-03 | 1
 15, 19 |   1.5411669541178985e-03 |   1.5411669541178985e-03 | 1
 15, 20 |  -7.3146767881983565e-05 |  -7.3146767881983565e-05 | 1
 15, 21 |  -2.6954806531628130e-03 |  -2.6954806531628130e-03 | 1
 15, 22 |   3.7675455658645063e-04 |   3.7675455658645063e-04 | 1
 16,  1 |   1.7997983640123012e-03 |   1.7997983640123012e-03 | 1
 16,  2 |   2.4371694834982166e-03 |   2.4371694834982166e-03 | 1
 16,  3 |   2.1978752862613620e-03 |   2.1978752862613620e-03 | 1
 16,  4 |   2.0821666680452197e-03 |   2.0821666680452197e-03 | 1
 16,  5 |   3.8968660162806952e-03 |   3.8968660162806952e-03 | 1
 16,  6 |  -6.7714114859558597e-02 |  -6.7714114859558597e-02 | 1
 16,  7 |  -5.2426762227090459e-02 |  -5.2426762227090459e-02 | 1
 16,  8 |  -3.3374631579573152e-04 |  -3.3374631579573152e-04 | 1
 16,  9 |   3.7889476731519560e-04 |   3.7889476731519560e-04 | 1
 16, 10 |   7.6395098329449778e-03 |   7.6395098329449778e-03 | 1
 16, 11 |   1.8130532429996925e-02 |   1.8130532429996925e-02 | 1
 16, 12 |   8.9472271864346551e-04 |   8.9472271864346551e-04 | 1
 16, 13 |  -2.4161065816041775e-03 |  -2.4161065816041775e-03 | 1
 16, 14 |  -2.3151823542078888e-04 |  -2.3151823542078888e-04 | 1
 16, 15 |  -1.0082120386014314e-02 |  -1.0082120386014314e-02 | 1
 16, 16 |   8.5280702232390388e-03 |   8.5280702232390388e-03 | 1
 16, 17 |  -5.5442855777457678e-04 |  -5.5442855777457678e-04 | 1
 16, 18 |  -6.2175364516609173e-04 |  -6.2175364516609173e-04 | 1
 16, 19 |  -4.5487542609999349e-04 |  -4.5487542609999349e-04 | 1
 16, 20 |  -1.8009368491471600e-06 |  -1.8009368491471600e-06 | 1
 16, 21 |   2.4360544093921833e-03 |   2.4360544093921833e-03 | 1
 16, 22 |   1.8682893997009837e-03 |   1.8682893997009837e-03 | 1
 17,  1 |  -3.6041606502567870e-04 |  -3.6041606502567870e-04 | 1
 17,  2 |  -6.3768224860678607e-04 |  -6.3768224860678607e-04 | 1
 17,  3 |  -3.8079309155658624e-04 |  -3.8079309155658624e-04 | 1
 17,  4 |  -7.0005596219382374e-04 |  -7.0005596219382374e-04 | 1
 17,  5 |   2.1641603656721040e-04 |   2.1641603656721040e-04 | 1
 17,  6 |  -7.6982565859434306e-03 |  -7.6982565859434306e-03 | 1
 17,  7 |   1.5102115556363736e-02 |   1.5102115556363736e-02 | 1
 17,  8 |  -1.6803357553805108e-04 |  -1.6803357553805108e-04 | 1
 17,  9 |  -6.9248372483686770e-05 |  -6.9248372483686770e-05 | 1
 17, 10 |  -1.2324038696770190e-03 |  -1.2324038696770190e-03 | 1
 17, 11 |  -1.8330383237900720e-03 |  -1.8330383237900720e-03 | 1
 17, 12 |  -3.3509857265442478e-04 |  -3.3509857265442478e-04 | 1
 17, 13 |   9.0661639972963395e-05 |   9.0661639972963395e-05 | 1
 17, 14 |   1.2338608115249942e-04 |   1.2338608115249942e-04 | 1
 17, 15 |   1.2664855413744519e-03 |   1.2664855413744519e-03 | 1
 17, 16 |  -5.5442855777457678e-04 |  -5.5442855777457678e-04 | 1
 17, 17 |   4.4315815754192674e-04 |   4.4315815754192674e-04 | 1
 17, 18 |   3.0146797588596137e-04 |   3.0146797588596137e-04 | 1
 17, 19 |   3.3385590615233398e-04 |   3.3385590615233398e-04 | 1
 17, 20 |   4.4052068832875629e-06 |   4.4052068832875629e-06 | 1
 17, 21 |  -4.8659991018952552e-04 |  -4.8659991018952552e-04 | 1
 17, 22 |   2.0980989135930997e-04 |   2.0980989135930997e-04 | 1
 18,  1 |  -2.9916602402501252e-04 |  -2.9916602402501252e-04 | 1
 18,  2 |  -7.1024644080784020e-04 |  -7.1024644080784020e-04 | 1
 18,  3 |  -2.3913044425311300e-04 |  -2.3913044425311300e-04 | 1
 18,  4 |  -3.4404467681475696e-04 |  -3.4404467681475696e-04 | 1
 18,  5 |  -3.0541949844587412e-04 |  -3.0541949844587412e-04 | 1
 18,  6 |   5.7065715059801264e-03 |   5.7065715059801264e-03 | 1
 18,  7 |   9.7727204803595390e-03 |   9.7727204803595390e-03 | 1
 18,  8 |   9.5064243810068377e-05 |   9.5064243810068377e-05 | 1
 18,  9 |  -7.8765650872494175e-05 |  -7.8765650872494175e-05 | 1
 18, 10 |  -1.6915262895410839e-03 |  -1.6915262895410839e-03 | 1
 18, 11 |  -1.4867797413099376e-03 |  -1.4867797413099376e-03 | 1
 18, 12 |  -3.0136015509969809e-04 |  -3.0136015509969809e-04 | 1
 18, 13 |   4.7267431595111322e-04 |   4.7267431595111322e-04 | 1
 18, 14 |   3.9405954403301344e-05 |   3.9405954403301344e-05 | 1
 18, 15 |   1.6725341480330839e-03 |   1.6725341480330839e-03 | 1
 18, 16 |  -6.2175364516609173e-04 |  -6.2175364516609173e-04 | 1
 18, 17 |   3.0146797588596137e-04 |   3.0146797588596137e-04 | 1
 18, 18 |   3.7562469191235810e-04 |   3.7562469191235810e-04 | 1
 18, 19 |   2.9456820412699931e-04 |   2.9456820412699931e-04 | 1
 18, 20 |   1.6560155314320132e-05 |   1.6560155314320132e-05 | 1
 18, 21 |  -4.0380931237889010e-04 |  -4.0380931237889010e-04 | 1
 18, 22 |   2.4611880526366671e-04 |   2.4611880526366671e-04 | 1
 19,  1 |  -2.3671987229783719e-04 |  -2.3671987229783719e-04 | 1
 19,  2 |  -2.6120723877145081e-04 |  -2.6120723877145081e-04 | 1
 19,  3 |  -3.9025669158844218e-04 |  -3.9025669158844218e-04 | 1
 19,  4 |  -4.2307566490604447e-04 |  -4.2307566490604447e-04 | 1
 19,  5 |  -2.8701871973663763e-04 |  -2.8701871973663763e-04 | 1
 19,  6 |  -4.5625563395476095e-04 |  -4.5625563395476095e-04 | 1
 19,  7 |   1.5496615779431164e-02 |   1.5496615779431164e-02 | 1
 19,  8 |   3.5505619182094175e-04 |   3.5505619182094175e-04 | 1
 19,  9 |  -3.3437866669921512e-04 |  -3.3437866669921512e-04 | 1
 19, 10 |  -1.5867800720018358e-03 |  -1.5867800720018358e-03 | 1
 19, 11 |  -6.7681008872506995e-04 |  -6.7681008872506995e-04 | 1
 19, 12 |  -3.0386267137035673e-04 |  -3.0386267137035673e-04 | 1
 19, 13 |   8.9046663320412837e-04 |   8.9046663320412837e-04 | 1
 19, 14 |  -1.2432375193214590e-05 |  -1.2432375193214590e-05 | 1
 19, 15 |   1.5411669541178985e-03 |   1.5411669541178985e-03 | 1
 19, 16 |  -4.5487542609999349e-04 |  -4.5487542609999349e-04 | 1
 19, 17 |   3.3385590615233398e-04 |   3.3385590615233398e-04 | 1
 19, 18 |   2.9456820412699931e-04 |   2.9456820412699931e-04 | 1
 19, 19 |   4.2215834298022908e-04 |   4.2215834298022908e-04 | 1
 19, 20 |   1.0147124689335615e-05 |   1.0147124689335615e-05 | 1
 19, 21 |  -3.4487390966790431e-04 |  -3.4487390966790431e-04 | 1
 19, 22 |   3.1111569386232669e-04 |   3.1111569386232669e-04 | 1
 20,  1 |  -1.2670001761804921e-05 |  -1.2670001761804921e-05 | 1
 20,  2 |  -4.0715929781596991e-07 |  -4.0715929781596991e-07 | 1
 20,  3 |  -1.3352576773638873e-05 |  -1.3352576773638873e-05 | 1
 20,  4 |  -5.6609850244932175e-06 |  -5.6609850244932175e-06 | 1
 20,  5 |  -2.0594719944762562e-05 |  -2.0594719944762562e-05 | 1
 20,  6 |  -4.8640601377393142e-04 |  -4.8640601377393142e-04 | 1
 20,  7 |  -6.7621278435976294e-04 |  -6.7621278435976294e-04 | 1
 20,  8 |   3.9712541557472981e-05 |   3.9712541557472981e-05 | 1
 20,  9 |  -2.2396445903344602e-06 |  -2.2396445903344602e-06 | 1
 20, 10 |   8.4565285627319771e-05 |   8.4565285627319771e-05 | 1
 20, 11 |   6.1294672767049792e-05 |   6.1294672767049792e-05 | 1
 20, 12 |   2.2487881956828712e-05 |   2.2487881956828712e-05 | 1
 20, 13 |   5.5666862782080716e-05 |   5.5666862782080716e-05 | 1
 20, 14 |   8.7339661120703768e-07 |   8.7339661120703768e-07 | 1
 20, 15 |  -7.3146767881983565e-05 |  -7.3146767881983565e-05 | 1
 20, 16 |  -1.8009368491471600e-06 |  -1.8009368491471600e-06 | 1
 20, 17 |   4.4052068832875629e-06 |   4.4052068832875629e-06 | 1
 20, 18 |   1.6560155314320132e-05 |   1.6560155314320132e-05 | 1
 20, 19 |   1.0147124689335615e-05 |   1.0147124689335615e-05 | 1
 20, 20 |   6.7630810032449495e-06 |   6.7630810032449495e-06 | 1
 20, 21 |  -1.7803870785421653e-05 |  -1.7803870785421653e-05 | 1
 20, 22 |  -1.5215758491089028e-05 |  -1.5215758491089028e-05 | 1
 21,  1 |   1.1367410531494307e-03 |   1.1367410531494307e-03 | 1
 21,  2 |   1.4156542544443637e-03 |   1.4156542544443637e-03 | 1
 21,  3 |   1.0947863073409699e-03 |   1.0947863073409699e-03 | 1
 21,  4 |   1.2680470202739741e-03 |   1.2680470202739741e-03 | 1
 21,  5 |   6.5322546606051473e-04 |   6.5322546606051473e-04 | 1
 21,  6 |  -2.2255485529572634e-02 |  -2.2255485529572634e-02 | 1
 21,  7 |  -1.6107878773647208e-02 |  -1.6107878773647208e-02 | 1
 21,  8 |  -7.2607547933673737e-04 |  -7.2607547933673737e-04 | 1
 21,  9 |   3.5534679385928031e-05 |   3.5534679385928031e-05 | 1
 21, 10 |   3.0513074911430512e-03 |   3.0513074911430512e-03 | 1
 21, 11 |   4.8331895362916559e-03 |   4.8331895362916559e-03 | 1
 21, 12 |   7.2547993393166238e-04 |   7.2547993393166238e-04 | 1
 21, 13 |   1.3591254091304138e-04 |   1.3591254091304138e-04 | 1
 21, 14 |  -3.4180912687739433e-05 |  -3.4180912687739433e-05 | 1
 21, 15 |  -2.6954806531628130e-03 |  -2.6954806531628130e-03 | 1
 21, 16 |   2.4360544093921833e-03 |   2.4360544093921833e-03 | 1
 21, 17 |  -4.8659991018952552e-04 |  -4.8659991018952552e-04 | 1
 21, 18 |  -4.0380931237889010e-04 |  -4.0380931237889010e-04 | 1
 21, 19 |  -3.4487390966790431e-04 |  -3.4487390966790431e-04 | 1
 21, 20 |  -1.7803870785421653e-05 |  -1.7803870785421653e-05 | 1
 21, 21 |   1.4083133376086333e-03 |   1.4083133376086333e-03 | 1
 21, 22 |   1.7732897402464816e-04 |   1.7732897402464816e-04 | 1
 22,  1 |   1.0589163511663876e-04 |   1.0589163511663876e-04 | 1
 22,  2 |  -2.0419627661823870e-04 |  -2.0419627661823870e-04 | 1
 22,  3 |   3.6888833803025922e-04 |   3.6888833803025922e-04 | 1
 22,  4 |   1.7230025962771352e-04 |   1.7230025962771352e-04 | 1
 22,  5 |   7.9982280711893842e-05 |   7.9982280711893842e-05 | 1
 22,  6 |   5.4123855726025019e-04 |   5.4123855726025019e-04 | 1
 22,  7 |   3.0146550433235112e-03 |   3.0146550433235112e-03 | 1
 22,  8 |   6.3858537943712419e-04 |   6.3858537943712419e-04 | 1
 22,  9 |  -2.2077267805249297e-04 |  -2.2077267805249297e-04 | 1
 22, 10 |  -1.2776150866289119e-03 |  -1.2776150866289119e-03 | 1
 22, 11 |   3.4874449045516533e-03 |   3.4874449045516533e-03 | 1
 22, 12 |  -2.1546139498282657e-04 |  -2.1546139498282657e-04 | 1
 22, 13 |  -1.4742176614347194e-04 |  -1.4742176614347194e-04 | 1
 22, 14 |  -1.3033865799025226e-04 |  -1.3033865799025226e-04 | 1
 22, 15 |   3.7675455658645063e-04 |   3.7675455658645063e-04 | 1
 22, 16 |   1.8682893997009837e-03 |   1.8682893997009837e-03 | 1
 22, 17 |   2.0980989135930997e-04 |   2.0980989135930997e-04 | 1
 22, 18 |   2.4611880526366671e-04 |   2.4611880526366671e-04 | 1
 22, 19 |   3.1111569386232669e-04 |   3.1111569386232669e-04 | 1
 22, 20 |  -1.5215758491089028e-05 |  -1.5215758491089028e-05 | 1
 22, 21 |   1.7732897402464816e-04 |   1.7732897402464816e-04 | 1
 22, 22 |   1.5237041072446271e-03 |   1.5237041072446271e-03 | 1
