row,col | V_base                   | V_new                    | equal
  1,  1 |   1.5930276861888066e-03 |   1.5930276861888066e-03 | 1
  1,  2 |   1.4484286351783163e-03 |   1.4484286351783163e-03 | 1
  1,  3 |   1.3493345491958437e-03 |   1.3493345491958437e-03 | 1
  1,  4 |   1.2010476556707844e-03 |   1.2010476556707844e-03 | 1
  1,  5 |   1.3762977138132889e-03 |   1.3762977138132889e-03 | 1
  1,  6 |   1.5305264345759524e-03 |   1.5305264345759524e-03 | 1
  1,  7 |   1.5808818715896743e-03 |   1.5808818715896743e-03 | 1
  1,  8 |   1.3330406323475335e-03 |   1.3330406323475335e-03 | 1
  1,  9 |   1.3504630179362045e-03 |   1.3504630179362045e-03 | 1
  1, 10 |   2.1251641304349416e-03 |   2.1251641304349416e-03 | 1
  1, 11 |   1.5088672944296271e-03 |   1.5088672944296271e-03 | 1
  1, 12 |   1.5789376545885070e-03 |   1.5789376545885070e-03 | 1
  2,  1 |   1.4484286351783163e-03 |   1.4484286351783163e-03 | 1
  2,  2 |   1.9185215159578091e-03 |   1.9185215159578091e-03 | 1
  2,  3 |   1.8898984958312503e-03 |   1.8898984958312503e-03 | 1
  2,  4 |   7.4420001496378855e-04 |   7.4420001496378855e-04 | 1
  2,  5 |   3.6556313492635471e-04 |   3.6556313492635471e-04 | 1
  2,  6 |   3.7162670740500210e-03 |   3.7162670740500210e-03 | 1
  2,  7 |   6.6619912284288205e-04 |   6.6619912284288205e-04 | 1
  2,  8 |   1.1269395335382760e-03 |   1.1269395335382760e-03 | 1
  2,  9 |   2.9196224458630693e-03 |   2.9196224458630693e-03 | 1
  2, 10 |   5.4832779694987252e-03 |   5.4832779694987252e-03 | 1
  2, 11 |   3.3733343104848930e-03 |   3.3733343104848930e-03 | 1
  2, 12 |   1.6148356869698547e-03 |   1.6148356869698547e-03 | 1
  3,  1 |   1.3493345491958437e-03 |   1.3493345491958437e-03 | 1
  3,  2 |   1.8898984958312503e-03 |   1.8898984958312503e-03 | 1
  3,  3 |   1.9095938748254155e-03 |   1.9095938748254155e-03 | 1
  3,  4 |   6.0704617920918219e-04 |   6.0704617920918219e-04 | 1
  3,  5 |   1.3262259517119932e-04 |   1.3262259517119932e-04 | 1
  3,  6 |   3.9726870569498319e-03 |   3.9726870569498319e-03 | 1
  3,  7 |   4.4705673517878079e-04 |   4.4705673517878079e-04 | 1
  3,  8 |   1.0213288662683016e-03 |   1.0213288662683016e-03 | 1
  3,  9 |   3.0780951576977926e-03 |   3.0780951576977926e-03 | 1
  3, 10 |   5.8738442925848396e-03 |   5.8738442925848396e-03 | 1
  3, 11 |   3.5792011741392678e-03 |   3.5792011741392678e-03 | 1
  3, 12 |   1.5561946604666153e-03 |   1.5561946604666153e-03 | 1
  4,  1 |   1.2010476556707844e-03 |   1.2010476556707844e-03 | 1
  4,  2 |   7.4420001496378855e-04 |   7.4420001496378855e-04 | 1
  4,  3 |   6.0704617920918219e-04 |   6.0704617920918219e-04 | 1
  4,  4 |   1.6482081176280926e-03 |   1.6482081176280926e-03 | 1
  4,  5 |   1.9916350480692268e-03 |   1.9916350480692268e-03 | 1
  4,  6 |  -6.8085663735397903e-04 |  -6.8085663735397903e-04 | 1
  4,  7 |   1.9326157359922870e-03 |   1.9326157359922870e-03 | 1
  4,  8 |   1.2644504722504999e-03 |   1.2644504722504999e-03 | 1
  4,  9 |  -1.9201724528836536e-04 |  -1.9201724528836536e-04 | 1
  4, 10 |  -1.2381710173478781e-03 |  -1.2381710173478781e-03 | 1
  4, 11 |  -4.7604399781998234e-04 |  -4.7604399781998234e-04 | 1
  4, 12 |   1.1716812641811667e-03 |   1.1716812641811667e-03 | 1
  5,  1 |   1.3762977138132889e-03 |   1.3762977138132889e-03 | 1
  5,  2 |   3.6556313492635471e-04 |   3.6556313492635471e-04 | 1
  5,  3 |   1.3262259517119932e-04 |   1.3262259517119932e-04 | 1
  5,  4 |   1.9916350480692268e-03 |   1.9916350480692268e-03 | 1
  5,  5 |   3.0085102412417764e-03 |   3.0085102412417764e-03 | 1
  5,  6 |  -2.7441193251319666e-03 |  -2.7441193251319666e-03 | 1
  5,  7 |   2.9008149792349334e-03 |   2.9008149792349334e-03 | 1
  5,  8 |   1.5038787658352194e-03 |   1.5038787658352194e-03 | 1
  5,  9 |  -1.7069995065965974e-03 |  -1.7069995065965974e-03 | 1
  5, 10 |  -4.3476255955341731e-03 |  -4.3476255955341731e-03 | 1
  5, 11 |  -2.2295958523940434e-03 |  -2.2295958523940434e-03 | 1
  5, 12 |   1.1507929366276306e-03 |   1.1507929366276306e-03 | 1
  6,  1 |   1.5305264345759524e-03 |   1.5305264345759524e-03 | 1
  6,  2 |   3.7162670740500210e-03 |   3.7162670740500210e-03 | 1
  6,  3 |   3.9726870569498319e-03 |   3.9726870569498319e-03 | 1
  6,  4 |  -6.8085663735397903e-04 |  -6.8085663735397903e-04 | 1
  6,  5 |  -2.7441193251319666e-03 |  -2.7441193251319666e-03 | 1
  6,  6 |   1.1407111921054862e-02 |   1.1407111921054862e-02 | 1
  6,  7 |  -1.9671027164890149e-03 |  -1.9671027164890149e-03 | 1
  6,  8 |   7.0773958834095384e-04 |   7.0773958834095384e-04 | 1
  6,  9 |   8.4056719350063015e-03 |   8.4056719350063015e-03 | 1
  6, 10 |   1.7116834810606590e-02 |   1.7116834810606590e-02 | 1
  6, 11 |   1.0009024677723058e-02 |   1.0009024677723058e-02 | 1
  6, 12 |   2.1634002590389173e-03 |   2.1634002590389173e-03 | 1
  7,  1 |   1.5808818715896743e-03 |   1.5808818715896743e-03 | 1
  7,  2 |   6.6619912284288205e-04 |   6.6619912284288205e-04 | 1
  7,  3 |   4.4705673517878079e-04 |   4.4705673517878079e-04 | 1
  7,  4 |   1.9326157359922870e-03 |   1.9326157359922870e-03 | 1
  7,  5 |   2.9008149792349334e-03 |   2.9008149792349334e-03 | 1
  7,  6 |  -1.9671027164890149e-03 |  -1.9671027164890149e-03 | 1
  7,  7 |   2.9927509836568359e-03 |   2.9927509836568359e-03 | 1
  7,  8 |   1.6047086406362824e-03 |   1.6047086406362824e-03 | 1
  7,  9 |  -1.1579005205944459e-03 |  -1.1579005205944459e-03 | 1
  7, 10 |  -3.1530213893398397e-03 |  -3.1530213893398397e-03 | 1
  7, 11 |  -1.5259843098053261e-03 |  -1.5259843098053261e-03 | 1
  7, 12 |   1.3245701909029399e-03 |   1.3245701909029399e-03 | 1
  8,  1 |   1.3330406323475335e-03 |   1.3330406323475335e-03 | 1
  8,  2 |   1.1269395335382760e-03 |   1.1269395335382760e-03 | 1
  8,  3 |   1.0213288662683016e-03 |   1.0213288662683016e-03 | 1
  8,  4 |   1.2644504722504999e-03 |   1.2644504722504999e-03 | 1
  8,  5 |   1.5038787658352194e-03 |   1.5038787658352194e-03 | 1
  8,  6 |   7.0773958834095384e-04 |   7.0773958834095384e-04 | 1
  8,  7 |   1.6047086406362824e-03 |   1.6047086406362824e-03 | 1
  8,  8 |   1.2424462654442318e-03 |   1.2424462654442318e-03 | 1
  8,  9 |   7.4472452874246452e-04 |   7.4472452874246452e-04 | 1
  8, 10 |   8.7884302687896870e-04 |   8.7884302687896870e-04 | 1
  8, 11 |   7.4435174189424382e-04 |   7.4435174189424382e-04 | 1
  8, 12 |   1.3266295041494288e-03 |   1.3266295041494288e-03 | 1
  9,  1 |   1.3504630179362045e-03 |   1.3504630179362045e-03 | 1
  9,  2 |   2.9196224458630693e-03 |   2.9196224458630693e-03 | 1
  9,  3 |   3.0780951576977926e-03 |   3.0780951576977926e-03 | 1
  9,  4 |  -1.9201724528836536e-04 |  -1.9201724528836536e-04 | 1
  9,  5 |  -1.7069995065965974e-03 |  -1.7069995065965974e-03 | 1
  9,  6 |   8.4056719350063015e-03 |   8.4056719350063015e-03 | 1
  9,  7 |  -1.1579005205944459e-03 |  -1.1579005205944459e-03 | 1
  9,  8 |   7.4472452874246452e-04 |   7.4472452874246452e-04 | 1
  9,  9 |   6.5741799098896353e-03 |   6.5741799098896353e-03 | 1
  9, 10 |   1.2477735107777367e-02 |   1.2477735107777367e-02 | 1
  9, 11 |   7.4649233386471989e-03 |   7.4649233386471989e-03 | 1
  9, 12 |   2.0277788226910004e-03 |   2.0277788226910004e-03 | 1
 10,  1 |   2.1251641304349416e-03 |   2.1251641304349416e-03 | 1
 10,  2 |   5.4832779694987252e-03 |   5.4832779694987252e-03 | 1
 10,  3 |   5.8738442925848396e-03 |   5.8738442925848396e-03 | 1
 10,  4 |  -1.2381710173478781e-03 |  -1.2381710173478781e-03 | 1
 10,  5 |  -4.3476255955341731e-03 |  -4.3476255955341731e-03 | 1
 10,  6 |   1.7116834810606590e-02 |   1.7116834810606590e-02 | 1
 10,  7 |  -3.1530213893398397e-03 |  -3.1530213893398397e-03 | 1
 10,  8 |   8.7884302687896870e-04 |   8.7884302687896870e-04 | 1
 10,  9 |   1.2477735107777367e-02 |   1.2477735107777367e-02 | 1
 10, 10 |   2.6592417270057525e-02 |   2.6592417270057525e-02 | 1
 10, 11 |   1.4865620328048362e-02 |   1.4865620328048362e-02 | 1
 10, 12 |   3.0476231745464990e-03 |   3.0476231745464990e-03 | 1
 11,  1 |   1.5088672944296271e-03 |   1.5088672944296271e-03 | 1
 11,  2 |   3.3733343104848930e-03 |   3.3733343104848930e-03 | 1
 11,  3 |   3.5792011741392678e-03 |   3.5792011741392678e-03 | 1
 11,  4 |  -4.7604399781998234e-04 |  -4.7604399781998234e-04 | 1
 11,  5 |  -2.2295958523940434e-03 |  -2.2295958523940434e-03 | 1
 11,  6 |   1.0009024677723058e-02 |   1.0009024677723058e-02 | 1
 11,  7 |  -1.5259843098053261e-03 |  -1.5259843098053261e-03 | 1
 11,  8 |   7.4435174189424382e-04 |   7.4435174189424382e-04 | 1
 11,  9 |   7.4649233386471989e-03 |   7.4649233386471989e-03 | 1
 11, 10 |   1.4865620328048362e-02 |   1.4865620328048362e-02 | 1
 11, 11 |   8.8808457637884666e-03 |   8.8808457637884666e-03 | 1
 11, 12 |   2.0921953283799125e-03 |   2.0921953283799125e-03 | 1
 12,  1 |   1.5789376545885070e-03 |   1.5789376545885070e-03 | 1
 12,  2 |   1.6148356869698547e-03 |   1.6148356869698547e-03 | 1
 12,  3 |   1.5561946604666153e-03 |   1.5561946604666153e-03 | 1
 12,  4 |   1.1716812641811667e-03 |   1.1716812641811667e-03 | 1
 12,  5 |   1.1507929366276306e-03 |   1.1507929366276306e-03 | 1
 12,  6 |   2.1634002590389173e-03 |   2.1634002590389173e-03 | 1
 12,  7 |   1.3245701909029399e-03 |   1.3245701909029399e-03 | 1
 12,  8 |   1.3266295041494288e-03 |   1.3266295041494288e-03 | 1
 12,  9 |   2.0277788226910004e-03 |   2.0277788226910004e-03 | 1
 12, 10 |   3.0476231745464990e-03 |   3.0476231745464990e-03 | 1
 12, 11 |   2.0921953283799125e-03 |   2.0921953283799125e-03 | 1
 12, 12 |   1.9772730976065295e-03 |   1.9772730976065295e-03 | 1
