row,col | V_base                   | V_new                    | equal
  1,  1 |   2.0233697944604056e-03 |   2.0233697944604056e-03 | 1
  1,  2 |   6.9112648988175075e-04 |   6.9112648988175075e-04 | 1
  1,  3 |   5.5162345247826359e+00 |   5.5162345247826359e+00 | 1
  1,  4 |   3.1440449539027427e-03 |   3.1440449539027427e-03 | 1
  1,  5 |   2.5749646202659921e-03 |   2.5749646202659921e-03 | 1
  1,  6 |   3.5726051909001450e-03 |   3.5726051909001450e-03 | 1
  1,  7 |   3.0160755791193579e-03 |   3.0160755791193579e-03 | 1
  1,  8 |   8.6350004550504267e-04 |   8.6350004550504267e-04 | 1
  1,  9 |  -1.6370587354136437e-04 |  -1.6370587354136437e-04 | 1
  1, 10 |  -3.5372592061590135e-03 |  -3.5372592061590135e-03 | 1
  1, 11 |  -1.0226896502819978e-03 |  -1.0226896502819978e-03 | 1
  1, 12 |  -1.4941773103854207e-03 |  -1.4941773103854207e-03 | 1
  1, 13 |   2.4556416815016292e-03 |   2.4556416815016292e-03 | 1
  1, 14 |  -2.5067949856446350e-03 |  -2.5067949856446350e-03 | 1
  2,  1 |   6.9112648988175075e-04 |   6.9112648988175075e-04 | 1
  2,  2 |   5.9405882765508899e-03 |   5.9405882765508899e-03 | 1
  2,  3 |  -4.8678176209482675e+00 |  -4.8678176209482675e+00 | 1
  2,  4 |   9.3090744057677515e-03 |   9.3090744057677515e-03 | 1
  2,  5 |   1.2627483626338103e-03 |   1.2627483626338103e-03 | 1
  2,  6 |   1.0637630170983346e-03 |   1.0637630170983346e-03 | 1
  2,  7 |   1.2088800446741926e-03 |   1.2088800446741926e-03 | 1
  2,  8 |  -2.3421602636897144e-03 |  -2.3421602636897144e-03 | 1
  2,  9 |   3.7841810315856843e-04 |   3.7841810315856843e-04 | 1
  2, 10 |   1.8958048961581014e-02 |   1.8958048961581014e-02 | 1
  2, 11 |   2.6458587442403986e-04 |   2.6458587442403986e-04 | 1
  2, 12 |   3.0452267271017532e-04 |   3.0452267271017532e-04 | 1
  2, 13 |   1.5119892518537068e-03 |   1.5119892518537068e-03 | 1
  2, 14 |   8.2715665879952230e-03 |   8.2715665879952230e-03 | 1
  3,  1 |   5.5162345247826359e+00 |   5.5162345247826359e+00 | 1
  3,  2 |  -4.8678176209482675e+00 |  -4.8678176209482675e+00 | 1
  3,  3 |   8.2835167943437875e+04 |   8.2835167943437875e+04 | 1
  3,  4 |  -3.5216969590615236e+01 |  -3.5216969590615236e+01 | 1
  3,  5 |   2.2053548175926231e+01 |   2.2053548175926231e+01 | 1
  3,  6 |   1.1274981678901089e+01 |   1.1274981678901089e+01 | 1
  3,  7 |   2.2220509002568271e+01 |   2.2220509002568271e+01 | 1
  3,  8 |   8.9746321329844676e+00 |   8.9746321329844676e+00 | 1
  3,  9 |   3.0757346187667706e-01 |   3.0757346187667706e-01 | 1
  3, 10 |  -4.6118864122340554e+01 |  -4.6118864122340554e+01 | 1
  3, 11 |  -8.6092156387993697e+00 |  -8.6092156387993697e+00 | 1
  3, 12 |  -1.3793595042920497e+01 |  -1.3793595042920497e+01 | 1
  3, 13 |   9.0752767627700806e+00 |   9.0752767627700806e+00 | 1
  3, 14 |  -1.7703467753362567e+01 |  -1.7703467753362567e+01 | 1
  4,  1 |   3.1440449539027427e-03 |   3.1440449539027427e-03 | 1
  4,  2 |   9.3090744057677515e-03 |   9.3090744057677515e-03 | 1
  4,  3 |  -3.5216969590615236e+01 |  -3.5216969590615236e+01 | 1
  4,  4 |   8.5641793016568060e-02 |   8.5641793016568060e-02 | 1
  4,  5 |  -2.0294745523737508e-03 |  -2.0294745523737508e-03 | 1
  4,  6 |   1.0707721539384501e-02 |   1.0707721539384501e-02 | 1
  4,  7 |  -1.0943658577616043e-03 |  -1.0943658577616043e-03 | 1
  4,  8 |  -3.0905596097970936e-03 |  -3.0905596097970936e-03 | 1
  4,  9 |  -4.6936299296912957e-03 |  -4.6936299296912957e-03 | 1
  4, 10 |   3.7686927792977276e-02 |   3.7686927792977276e-02 | 1
  4, 11 |   1.2742487658171653e-03 |   1.2742487658171653e-03 | 1
  4, 12 |   2.7166067460033206e-03 |   2.7166067460033206e-03 | 1
  4, 13 |   2.5045342877740824e-03 |   2.5045342877740824e-03 | 1
  4, 14 |   6.5689648219599819e-03 |   6.5689648219599819e-03 | 1
  5,  1 |   2.5749646202659921e-03 |   2.5749646202659921e-03 | 1
  5,  2 |   1.2627483626338103e-03 |   1.2627483626338103e-03 | 1
  5,  3 |   2.2053548175926231e+01 |   2.2053548175926231e+01 | 1
  5,  4 |  -2.0294745523737508e-03 |  -2.0294745523737508e-03 | 1
  5,  5 |   8.3968805098670798e-03 |   8.3968805098670798e-03 | 1
  5,  6 |   6.5405531858919973e-03 |   6.5405531858919973e-03 | 1
  5,  7 |   7.9902009766859988e-03 |   7.9902009766859988e-03 | 1
  5,  8 |   2.2804027847956329e-03 |   2.2804027847956329e-03 | 1
  5,  9 |   1.6438089345129607e-04 |   1.6438089345129607e-04 | 1
  5, 10 |  -6.3857485090468777e-03 |  -6.3857485090468777e-03 | 1
  5, 11 |  -2.9920064330951285e-03 |  -2.9920064330951285e-03 | 1
  5, 12 |  -4.6694183887798623e-03 |  -4.6694183887798623e-03 | 1
  5, 13 |   4.0023334675497093e-03 |   4.0023334675497093e-03 | 1
  5, 14 |  -2.4530274352067040e-03 |  -2.4530274352067040e-03 | 1
  6,  1 |   3.5726051909001450e-03 |   3.5726051909001450e-03 | 1
  6,  2 |   1.0637630170983346e-03 |   1.0637630170983346e-03 | 1
  6,  3 |   1.1274981678901089e+01 |   1.1274981678901089e+01 | 1
  6,  4 |   1.0707721539384501e-02 |   1.0707721539384501e-02 | 1
  6,  5 |   6.5405531858919973e-03 |   6.5405531858919973e-03 | 1
  6,  6 |   1.5021034961277713e-02 |   1.5021034961277713e-02 | 1
  6,  7 |   7.1874034474442051e-03 |   7.1874034474442051e-03 | 1
  6,  8 |   3.0008541563001576e-03 |   3.0008541563001576e-03 | 1
  6,  9 |   8.5725785199099755e-04 |   8.5725785199099755e-04 | 1
  6, 10 |  -1.4117273595829058e-02 |  -1.4117273595829058e-02 | 1
  6, 11 |  -3.3196063739756917e-03 |  -3.3196063739756917e-03 | 1
  6, 12 |  -4.6005723918847623e-03 |  -4.6005723918847623e-03 | 1
  6, 13 |   4.5280370726587934e-03 |   4.5280370726587934e-03 | 1
  6, 14 |  -4.6740947618683065e-03 |  -4.6740947618683065e-03 | 1
  7,  1 |   3.0160755791193579e-03 |   3.0160755791193579e-03 | 1
  7,  2 |   1.2088800446741926e-03 |   1.2088800446741926e-03 | 1
  7,  3 |   2.2220509002568271e+01 |   2.2220509002568271e+01 | 1
  7,  4 |  -1.0943658577616043e-03 |  -1.0943658577616043e-03 | 1
  7,  5 |   7.9902009766859988e-03 |   7.9902009766859988e-03 | 1
  7,  6 |   7.1874034474442051e-03 |   7.1874034474442051e-03 | 1
  7,  7 |   1.1266172150875683e-02 |   1.1266172150875683e-02 | 1
  7,  8 |   2.4710079585793208e-03 |   2.4710079585793208e-03 | 1
  7,  9 |  -1.7656196301443777e-04 |  -1.7656196301443777e-04 | 1
  7, 10 |  -1.0183826725327137e-02 |  -1.0183826725327137e-02 | 1
  7, 11 |  -2.9120562243429887e-03 |  -2.9120562243429887e-03 | 1
  7, 12 |  -4.8483684517118758e-03 |  -4.8483684517118758e-03 | 1
  7, 13 |   5.0705804669057934e-03 |   5.0705804669057934e-03 | 1
  7, 14 |  -5.1230529699160948e-03 |  -5.1230529699160948e-03 | 1
  8,  1 |   8.6350004550504267e-04 |   8.6350004550504267e-04 | 1
  8,  2 |  -2.3421602636897144e-03 |  -2.3421602636897144e-03 | 1
  8,  3 |   8.9746321329844676e+00 |   8.9746321329844676e+00 | 1
  8,  4 |  -3.0905596097970936e-03 |  -3.0905596097970936e-03 | 1
  8,  5 |   2.2804027847956329e-03 |   2.2804027847956329e-03 | 1
  8,  6 |   3.0008541563001576e-03 |   3.0008541563001576e-03 | 1
  8,  7 |   2.4710079585793208e-03 |   2.4710079585793208e-03 | 1
  8,  8 |   2.2121528094969701e-03 |   2.2121528094969701e-03 | 1
  8,  9 |  -3.1827180154778351e-04 |  -3.1827180154778351e-04 | 1
  8, 10 |  -1.3721682899283435e-02 |  -1.3721682899283435e-02 | 1
  8, 11 |  -1.1796135045606926e-03 |  -1.1796135045606926e-03 | 1
  8, 12 |  -1.7765569089888155e-03 |  -1.7765569089888155e-03 | 1
  8, 13 |   8.7599766756532300e-04 |   8.7599766756532300e-04 | 1
  8, 14 |  -5.8580159913557174e-03 |  -5.8580159913557174e-03 | 1
  9,  1 |  -1.6370587354136437e-04 |  -1.6370587354136437e-04 | 1
  9,  2 |   3.7841810315856843e-04 |   3.7841810315856843e-04 | 1
  9,  3 |   3.0757346187667706e-01 |   3.0757346187667706e-01 | 1
  9,  4 |  -4.6936299296912957e-03 |  -4.6936299296912957e-03 | 1
  9,  5 |   1.6438089345129607e-04 |   1.6438089345129607e-04 | 1
  9,  6 |   8.5725785199099755e-04 |   8.5725785199099755e-04 | 1
  9,  7 |  -1.7656196301443777e-04 |  -1.7656196301443777e-04 | 1
  9,  8 |  -3.1827180154778351e-04 |  -3.1827180154778351e-04 | 1
  9,  9 |   3.1320945655524714e-03 |   3.1320945655524714e-03 | 1
  9, 10 |  -7.3155924425402294e-03 |  -7.3155924425402294e-03 | 1
  9, 11 |  -4.2246022983840031e-04 |  -4.2246022983840031e-04 | 1
  9, 12 |  -5.4919006624980877e-04 |  -5.4919006624980877e-04 | 1
  9, 13 |   2.1870118762062560e-04 |   2.1870118762062560e-04 | 1
  9, 14 |   2.4819315004369112e-03 |   2.4819315004369112e-03 | 1
 10,  1 |  -3.5372592061590135e-03 |  -3.5372592061590135e-03 | 1
 10,  2 |   1.8958048961581014e-02 |   1.8958048961581014e-02 | 1
 10,  3 |  -4.6118864122340554e+01 |  -4.6118864122340554e+01 | 1
 10,  4 |   3.7686927792977276e-02 |   3.7686927792977276e-02 | 1
 10,  5 |  -6.3857485090468777e-03 |  -6.3857485090468777e-03 | 1
 10,  6 |  -1.4117273595829058e-02 |  -1.4117273595829058e-02 | 1
 10,  7 |  -1.0183826725327137e-02 |  -1.0183826725327137e-02 | 1
 10,  8 |  -1.3721682899283435e-02 |  -1.3721682899283435e-02 | 1
 10,  9 |  -7.3155924425402294e-03 |  -7.3155924425402294e-03 | 1
 10, 10 |   1.6340581928840262e-01 |   1.6340581928840262e-01 | 1
 10, 11 |   5.7431563014609735e-03 |   5.7431563014609735e-03 | 1
 10, 12 |   8.2661095481756409e-03 |   8.2661095481756409e-03 | 1
 10, 13 |  -3.1303601417814334e-03 |  -3.1303601417814334e-03 | 1
 10, 14 |   4.5804253825739952e-02 |   4.5804253825739952e-02 | 1
 11,  1 |  -1.0226896502819978e-03 |  -1.0226896502819978e-03 | 1
 11,  2 |   2.6458587442403986e-04 |   2.6458587442403986e-04 | 1
 11,  3 |  -8.6092156387993697e+00 |  -8.6092156387993697e+00 | 1
 11,  4 |   1.2742487658171653e-03 |   1.2742487658171653e-03 | 1
 11,  5 |  -2.9920064330951285e-03 |  -2.9920064330951285e-03 | 1
 11,  6 |  -3.3196063739756917e-03 |  -3.3196063739756917e-03 | 1
 11,  7 |  -2.9120562243429887e-03 |  -2.9120562243429887e-03 | 1
 11,  8 |  -1.1796135045606926e-03 |  -1.1796135045606926e-03 | 1
 11,  9 |  -4.2246022983840031e-04 |  -4.2246022983840031e-04 | 1
 11, 10 |   5.7431563014609735e-03 |   5.7431563014609735e-03 | 1
 11, 11 |   1.3833770468855958e-03 |   1.3833770468855958e-03 | 1
 11, 12 |   1.9671840804748484e-03 |   1.9671840804748484e-03 | 1
 11, 13 |  -1.5136056576728896e-03 |  -1.5136056576728896e-03 | 1
 11, 14 |   1.8418976722718700e-03 |   1.8418976722718700e-03 | 1
 12,  1 |  -1.4941773103854207e-03 |  -1.4941773103854207e-03 | 1
 12,  2 |   3.0452267271017532e-04 |   3.0452267271017532e-04 | 1
 12,  3 |  -1.3793595042920497e+01 |  -1.3793595042920497e+01 | 1
 12,  4 |   2.7166067460033206e-03 |   2.7166067460033206e-03 | 1
 12,  5 |  -4.6694183887798623e-03 |  -4.6694183887798623e-03 | 1
 12,  6 |  -4.6005723918847623e-03 |  -4.6005723918847623e-03 | 1
 12,  7 |  -4.8483684517118758e-03 |  -4.8483684517118758e-03 | 1
 12,  8 |  -1.7765569089888155e-03 |  -1.7765569089888155e-03 | 1
 12,  9 |  -5.4919006624980877e-04 |  -5.4919006624980877e-04 | 1
 12, 10 |   8.2661095481756409e-03 |   8.2661095481756409e-03 | 1
 12, 11 |   1.9671840804748484e-03 |   1.9671840804748484e-03 | 1
 12, 12 |   3.0919556897697031e-03 |   3.0919556897697031e-03 | 1
 12, 13 |  -2.2893920705653647e-03 |  -2.2893920705653647e-03 | 1
 12, 14 |   2.6534728003965885e-03 |   2.6534728003965885e-03 | 1
 13,  1 |   2.4556416815016292e-03 |   2.4556416815016292e-03 | 1
 13,  2 |   1.5119892518537068e-03 |   1.5119892518537068e-03 | 1
 13,  3 |   9.0752767627700806e+00 |   9.0752767627700806e+00 | 1
 13,  4 |   2.5045342877740824e-03 |   2.5045342877740824e-03 | 1
 13,  5 |   4.0023334675497093e-03 |   4.0023334675497093e-03 | 1
 13,  6 |   4.5280370726587934e-03 |   4.5280370726587934e-03 | 1
 13,  7 |   5.0705804669057934e-03 |   5.0705804669057934e-03 | 1
 13,  8 |   8.7599766756532300e-04 |   8.7599766756532300e-04 | 1
 13,  9 |   2.1870118762062560e-04 |   2.1870118762062560e-04 | 1
 13, 10 |  -3.1303601417814334e-03 |  -3.1303601417814334e-03 | 1
 13, 11 |  -1.5136056576728896e-03 |  -1.5136056576728896e-03 | 1
 13, 12 |  -2.2893920705653647e-03 |  -2.2893920705653647e-03 | 1
 13, 13 |   3.6368493399229853e-03 |   3.6368493399229853e-03 | 1
 13, 14 |  -2.1516224914731189e-03 |  -2.1516224914731189e-03 | 1
 14,  1 |  -2.5067949856446350e-03 |  -2.5067949856446350e-03 | 1
 14,  2 |   8.2715665879952230e-03 |   8.2715665879952230e-03 | 1
 14,  3 |  -1.7703467753362567e+01 |  -1.7703467753362567e+01 | 1
 14,  4 |   6.5689648219599819e-03 |   6.5689648219599819e-03 | 1
 14,  5 |  -2.4530274352067040e-03 |  -2.4530274352067040e-03 | 1
 14,  6 |  -4.6740947618683065e-03 |  -4.6740947618683065e-03 | 1
 14,  7 |  -5.1230529699160948e-03 |  -5.1230529699160948e-03 | 1
 14,  8 |  -5.8580159913557174e-03 |  -5.8580159913557174e-03 | 1
 14,  9 |   2.4819315004369112e-03 |   2.4819315004369112e-03 | 1
 14, 10 |   4.5804253825739952e-02 |   4.5804253825739952e-02 | 1
 14, 11 |   1.8418976722718700e-03 |   1.8418976722718700e-03 | 1
 14, 12 |   2.6534728003965885e-03 |   2.6534728003965885e-03 | 1
 14, 13 |  -2.1516224914731189e-03 |  -2.1516224914731189e-03 | 1
 14, 14 |   2.2622984414375220e-02 |   2.2622984414375220e-02 | 1
