row,col | V_base                   | V_new                    | equal
  1,  1 |   5.1957736461935465e-03 |   5.1957736461935465e-03 | 1
  1,  2 |   2.1525687045181579e-03 |   2.1525687045181579e-03 | 1
  1,  3 |   1.4235517548838132e+01 |   1.4235517548838132e+01 | 1
  1,  4 |   4.0349000765581965e-03 |   4.0349000765581965e-03 | 1
  1,  5 |   7.7278326861485828e-03 |   7.7278326861485828e-03 | 1
  1,  6 |   8.3827071111971449e-03 |   8.3827071111971449e-03 | 1
  1,  7 |   8.2152929473744089e-03 |   8.2152929473744089e-03 | 1
  1,  8 |   2.3246369583712892e-03 |   2.3246369583712892e-03 | 1
  1,  9 |  -3.8465773495712462e-04 |  -3.8465773495712462e-04 | 1
  1, 10 |  -7.7960334901520170e-03 |  -7.7960334901520170e-03 | 1
  1, 11 |  -2.2382375519869897e-03 |  -2.2382375519869897e-03 | 1
  1, 12 |  -3.4105751361220376e-03 |  -3.4105751361220376e-03 | 1
  1, 13 |  -4.4662443673982085e-03 |  -4.4662443673982085e-03 | 1
  1, 14 |   5.8752491806953779e-03 |   5.8752491806953779e-03 | 1
  1, 15 |  -5.2968046748917835e-03 |  -5.2968046748917835e-03 | 1
  2,  1 |   2.1525687045181579e-03 |   2.1525687045181579e-03 | 1
  2,  2 |   5.9022294409693254e-03 |   5.9022294409693254e-03 | 1
  2,  3 |   3.2552492516583973e+00 |   3.2552492516583973e+00 | 1
  2,  4 |   9.1194187660146257e-03 |   9.1194187660146257e-03 | 1
  2,  5 |   4.5357310923142035e-03 |   4.5357310923142035e-03 | 1
  2,  6 |   4.6651213551954585e-03 |   4.6651213551954585e-03 | 1
  2,  7 |   4.6765634439517919e-03 |   4.6765634439517919e-03 | 1
  2,  8 |  -1.0157020158959749e-03 |  -1.0157020158959749e-03 | 1
  2,  9 |   2.7068535457418328e-04 |   2.7068535457418328e-04 | 1
  2, 10 |   1.4128334294415724e-02 |   1.4128334294415724e-02 | 1
  2, 11 |  -9.4145208550108967e-04 |  -9.4145208550108967e-04 | 1
  2, 12 |  -1.5585994574418330e-03 |  -1.5585994574418330e-03 | 1
  2, 13 |  -1.1033699908726282e-03 |  -1.1033699908726282e-03 | 1
  2, 14 |   3.3190482999534221e-03 |   3.3190482999534221e-03 | 1
  2, 15 |   5.8427192563846563e-03 |   5.8427192563846563e-03 | 1
  3,  1 |   1.4235517548838132e+01 |   1.4235517548838132e+01 | 1
  3,  2 |   3.2552492516583973e+00 |   3.2552492516583973e+00 | 1
  3,  3 |   8.8991152507842082e+04 |   8.8991152507842082e+04 | 1
  3,  4 |  -3.0978674306576409e+01 |  -3.0978674306576409e+01 | 1
  3,  5 |   3.1494517358495209e+01 |   3.1494517358495209e+01 | 1
  3,  6 |   1.6452263770580817e+01 |   1.6452263770580817e+01 | 1
  3,  7 |   3.0752254458515814e+01 |   3.0752254458515814e+01 | 1
  3,  8 |   9.3026356533152619e+00 |   9.3026356533152619e+00 | 1
  3,  9 |  -8.2727267814242045e-01 |  -8.2727267814242045e-01 | 1
  3, 10 |  -3.4472653721960896e+01 |  -3.4472653721960896e+01 | 1
  3, 11 |  -8.5127587879956401e+00 |  -8.5127587879956401e+00 | 1
  3, 12 |  -1.3828603078456148e+01 |  -1.3828603078456148e+01 | 1
  3, 13 |  -1.7297560000297107e+01 |  -1.7297560000297107e+01 | 1
  3, 14 |   1.7245968838431644e+01 |   1.7245968838431644e+01 | 1
  3, 15 |  -1.7829938121106839e+01 |  -1.7829938121106839e+01 | 1
  4,  1 |   4.0349000765581965e-03 |   4.0349000765581965e-03 | 1
  4,  2 |   9.1194187660146257e-03 |   9.1194187660146257e-03 | 1
  4,  3 |  -3.0978674306576409e+01 |  -3.0978674306576409e+01 | 1
  4,  4 |   8.3253537805978176e-02 |   8.3253537805978176e-02 | 1
  4,  5 |   8.4186521460817782e-04 |   8.4186521460817782e-04 | 1
  4,  6 |   1.4457145572140284e-02 |   1.4457145572140284e-02 | 1
  4,  7 |   2.1110863726902648e-03 |   2.1110863726902648e-03 | 1
  4,  8 |  -1.8418363705641392e-03 |  -1.8418363705641392e-03 | 1
  4,  9 |  -4.6711372505385609e-03 |  -4.6711372505385609e-03 | 1
  4, 10 |   3.2446629290848794e-02 |   3.2446629290848794e-02 | 1
  4, 11 |   1.3346299280433586e-04 |   1.3346299280433586e-04 | 1
  4, 12 |   9.1805211582269381e-04 |   9.1805211582269381e-04 | 1
  4, 13 |  -3.5384518473601065e-04 |  -3.5384518473601065e-04 | 1
  4, 14 |   3.8769989700998047e-03 |   3.8769989700998047e-03 | 1
  4, 15 |   4.3963910784423571e-03 |   4.3963910784423571e-03 | 1
  5,  1 |   7.7278326861485828e-03 |   7.7278326861485828e-03 | 1
  5,  2 |   4.5357310923142035e-03 |   4.5357310923142035e-03 | 1
  5,  3 |   3.1494517358495209e+01 |   3.1494517358495209e+01 | 1
  5,  4 |   8.4186521460817782e-04 |   8.4186521460817782e-04 | 1
  5,  5 |   1.5624356199140276e-02 |   1.5624356199140276e-02 | 1
  5,  6 |   1.2996730348809696e-02 |   1.2996730348809696e-02 | 1
  5,  7 |   1.5211134415582053e-02 |   1.5211134415582053e-02 | 1
  5,  8 |   3.8650651578112788e-03 |   3.8650651578112788e-03 | 1
  5,  9 |  -3.4300765377553858e-04 |  -3.4300765377553858e-04 | 1
  5, 10 |  -7.9268594789298538e-03 |  -7.9268594789298538e-03 | 1
  5, 11 |  -4.2355717012872180e-03 |  -4.2355717012872180e-03 | 1
  5, 12 |  -6.6585573996443860e-03 |  -6.6585573996443860e-03 | 1
  5, 13 |  -8.2400253017677234e-03 |  -8.2400253017677234e-03 | 1
  5, 14 |   9.3007963558100933e-03 |   9.3007963558100933e-03 | 1
  5, 15 |  -5.3365090997263345e-03 |  -5.3365090997263345e-03 | 1
  6,  1 |   8.3827071111971449e-03 |   8.3827071111971449e-03 | 1
  6,  2 |   4.6651213551954585e-03 |   4.6651213551954585e-03 | 1
  6,  3 |   1.6452263770580817e+01 |   1.6452263770580817e+01 | 1
  6,  4 |   1.4457145572140284e-02 |   1.4457145572140284e-02 | 1
  6,  5 |   1.2996730348809696e-02 |   1.2996730348809696e-02 | 1
  6,  6 |   2.1215838484949390e-02 |   2.1215838484949390e-02 | 1
  6,  7 |   1.3621774347058881e-02 |   1.3621774347058881e-02 | 1
  6,  8 |   4.1476463469842682e-03 |   4.1476463469842682e-03 | 1
  6,  9 |   6.0733222901571116e-04 |   6.0733222901571116e-04 | 1
  6, 10 |  -1.4985641904159155e-02 |  -1.4985641904159155e-02 | 1
  6, 11 |  -4.2716268662620696e-03 |  -4.2716268662620696e-03 | 1
  6, 12 |  -6.1164314096869427e-03 |  -6.1164314096869427e-03 | 1
  6, 13 |  -7.9948074865975119e-03 |  -7.9948074865975119e-03 | 1
  6, 14 |   9.4968991068909818e-03 |   9.4968991068909818e-03 | 1
  6, 15 |  -6.5626575087926325e-03 |  -6.5626575087926325e-03 | 1
  7,  1 |   8.2152929473744089e-03 |   8.2152929473744089e-03 | 1
  7,  2 |   4.6765634439517919e-03 |   4.6765634439517919e-03 | 1
  7,  3 |   3.0752254458515814e+01 |   3.0752254458515814e+01 | 1
  7,  4 |   2.1110863726902648e-03 |   2.1110863726902648e-03 | 1
  7,  5 |   1.5211134415582053e-02 |   1.5211134415582053e-02 | 1
  7,  6 |   1.3621774347058881e-02 |   1.3621774347058881e-02 | 1
  7,  7 |   1.8308080870210450e-02 |   1.8308080870210450e-02 | 1
  7,  8 |   3.9524493100592008e-03 |   3.9524493100592008e-03 | 1
  7,  9 |  -6.3142246288138662e-04 |  -6.3142246288138662e-04 | 1
  7, 10 |  -1.1287496449142684e-02 |  -1.1287496449142684e-02 | 1
  7, 11 |  -4.0820157642254967e-03 |  -4.0820157642254967e-03 | 1
  7, 12 |  -6.7188223401790821e-03 |  -6.7188223401790821e-03 | 1
  7, 13 |  -8.4741761386197753e-03 |  -8.4741761386197753e-03 | 1
  7, 14 |   1.0399956687224547e-02 |   1.0399956687224547e-02 | 1
  7, 15 |  -7.7187325786036067e-03 |  -7.7187325786036067e-03 | 1
  8,  1 |   2.3246369583712892e-03 |   2.3246369583712892e-03 | 1
  8,  2 |  -1.0157020158959749e-03 |  -1.0157020158959749e-03 | 1
  8,  3 |   9.3026356533152619e+00 |   9.3026356533152619e+00 | 1
  8,  4 |  -1.8418363705641392e-03 |  -1.8418363705641392e-03 | 1
  8,  5 |   3.8650651578112788e-03 |   3.8650651578112788e-03 | 1
  8,  6 |   4.1476463469842682e-03 |   4.1476463469842682e-03 | 1
  8,  7 |   3.9524493100592008e-03 |   3.9524493100592008e-03 | 1
  8,  8 |   2.3079960386709598e-03 |   2.3079960386709598e-03 | 1
  8,  9 |  -4.3899032085366351e-04 |  -4.3899032085366351e-04 | 1
  8, 10 |  -1.2640206510669921e-02 |  -1.2640206510669921e-02 | 1
  8, 11 |  -1.1969311193850780e-03 |  -1.1969311193850780e-03 | 1
  8, 12 |  -1.8278832755918323e-03 |  -1.8278832755918323e-03 | 1
  8, 13 |  -2.8257634265289938e-03 |  -2.8257634265289938e-03 | 1
  8, 14 |   2.2704932896525695e-03 |   2.2704932896525695e-03 | 1
  8, 15 |  -6.0225797292377103e-03 |  -6.0225797292377103e-03 | 1
  9,  1 |  -3.8465773495712462e-04 |  -3.8465773495712462e-04 | 1
  9,  2 |   2.7068535457418328e-04 |   2.7068535457418328e-04 | 1
  9,  3 |  -8.2727267814242045e-01 |  -8.2727267814242045e-01 | 1
  9,  4 |  -4.6711372505385609e-03 |  -4.6711372505385609e-03 | 1
  9,  5 |  -3.4300765377553858e-04 |  -3.4300765377553858e-04 | 1
  9,  6 |   6.0733222901571116e-04 |   6.0733222901571116e-04 | 1
  9,  7 |  -6.3142246288138662e-04 |  -6.3142246288138662e-04 | 1
  9,  8 |  -4.3899032085366351e-04 |  -4.3899032085366351e-04 | 1
  9,  9 |   3.1737236317922516e-03 |   3.1737236317922516e-03 | 1
  9, 10 |  -7.8172411932612672e-03 |  -7.8172411932612672e-03 | 1
  9, 11 |  -2.7558376027526498e-04 |  -2.7558376027526498e-04 | 1
  9, 12 |  -3.0678736065010135e-04 |  -3.0678736065010135e-04 | 1
  9, 13 |   2.1393687802297086e-04 |   2.1393687802297086e-04 | 1
  9, 14 |  -4.5981716504483219e-05 |  -4.5981716504483219e-05 | 1
  9, 15 |   2.5986919768547054e-03 |   2.5986919768547054e-03 | 1
 10,  1 |  -7.7960334901520170e-03 |  -7.7960334901520170e-03 | 1
 10,  2 |   1.4128334294415724e-02 |   1.4128334294415724e-02 | 1
 10,  3 |  -3.4472653721960896e+01 |  -3.4472653721960896e+01 | 1
 10,  4 |   3.2446629290848794e-02 |   3.2446629290848794e-02 | 1
 10,  5 |  -7.9268594789298538e-03 |  -7.9268594789298538e-03 | 1
 10,  6 |  -1.4985641904159155e-02 |  -1.4985641904159155e-02 | 1
 10,  7 |  -1.1287496449142684e-02 |  -1.1287496449142684e-02 | 1
 10,  8 |  -1.2640206510669921e-02 |  -1.2640206510669921e-02 | 1
 10,  9 |  -7.8172411932612672e-03 |  -7.8172411932612672e-03 | 1
 10, 10 |   1.6389491672983500e-01 |   1.6389491672983500e-01 | 1
 10, 11 |   4.0976827476215203e-03 |   4.0976827476215203e-03 | 1
 10, 12 |   5.7095576680544578e-03 |   5.7095576680544578e-03 | 1
 10, 13 |   1.0755838458962809e-02 |   1.0755838458962809e-02 | 1
 10, 14 |  -6.4842388940065041e-03 |  -6.4842388940065041e-03 | 1
 10, 15 |   4.4934939891818661e-02 |   4.4934939891818661e-02 | 1
 11,  1 |  -2.2382375519869897e-03 |  -2.2382375519869897e-03 | 1
 11,  2 |  -9.4145208550108967e-04 |  -9.4145208550108967e-04 | 1
 11,  3 |  -8.5127587879956401e+00 |  -8.5127587879956401e+00 | 1
 11,  4 |   1.3346299280433586e-04 |   1.3346299280433586e-04 | 1
 11,  5 |  -4.2355717012872180e-03 |  -4.2355717012872180e-03 | 1
 11,  6 |  -4.2716268662620696e-03 |  -4.2716268662620696e-03 | 1
 11,  7 |  -4.0820157642254967e-03 |  -4.0820157642254967e-03 | 1
 11,  8 |  -1.1969311193850780e-03 |  -1.1969311193850780e-03 | 1
 11,  9 |  -2.7558376027526498e-04 |  -2.7558376027526498e-04 | 1
 11, 10 |   4.0976827476215203e-03 |   4.0976827476215203e-03 | 1
 11, 11 |   1.3487282129447694e-03 |   1.3487282129447694e-03 | 1
 11, 12 |   1.9314765398818876e-03 |   1.9314765398818876e-03 | 1
 11, 13 |   2.4229139775434976e-03 |   2.4229139775434976e-03 | 1
 11, 14 |  -2.6570209409051762e-03 |  -2.6570209409051762e-03 | 1
 11, 15 |   1.7982947559000988e-03 |   1.7982947559000988e-03 | 1
 12,  1 |  -3.4105751361220376e-03 |  -3.4105751361220376e-03 | 1
 12,  2 |  -1.5585994574418330e-03 |  -1.5585994574418330e-03 | 1
 12,  3 |  -1.3828603078456148e+01 |  -1.3828603078456148e+01 | 1
 12,  4 |   9.1805211582269381e-04 |   9.1805211582269381e-04 | 1
 12,  5 |  -6.6585573996443860e-03 |  -6.6585573996443860e-03 | 1
 12,  6 |  -6.1164314096869427e-03 |  -6.1164314096869427e-03 | 1
 12,  7 |  -6.7188223401790821e-03 |  -6.7188223401790821e-03 | 1
 12,  8 |  -1.8278832755918323e-03 |  -1.8278832755918323e-03 | 1
 12,  9 |  -3.0678736065010135e-04 |  -3.0678736065010135e-04 | 1
 12, 10 |   5.7095576680544578e-03 |   5.7095576680544578e-03 | 1
 12, 11 |   1.9314765398818876e-03 |   1.9314765398818876e-03 | 1
 12, 12 |   3.0681896492025119e-03 |   3.0681896492025119e-03 | 1
 12, 13 |   3.7877150390202702e-03 |   3.7877150390202702e-03 | 1
 12, 14 |  -4.0983931240638552e-03 |  -4.0983931240638552e-03 | 1
 12, 15 |   2.6308199960843664e-03 |   2.6308199960843664e-03 | 1
 13,  1 |  -4.4662443673982085e-03 |  -4.4662443673982085e-03 | 1
 13,  2 |  -1.1033699908726282e-03 |  -1.1033699908726282e-03 | 1
 13,  3 |  -1.7297560000297107e+01 |  -1.7297560000297107e+01 | 1
 13,  4 |  -3.5384518473601065e-04 |  -3.5384518473601065e-04 | 1
 13,  5 |  -8.2400253017677234e-03 |  -8.2400253017677234e-03 | 1
 13,  6 |  -7.9948074865975119e-03 |  -7.9948074865975119e-03 | 1
 13,  7 |  -8.4741761386197753e-03 |  -8.4741761386197753e-03 | 1
 13,  8 |  -2.8257634265289938e-03 |  -2.8257634265289938e-03 | 1
 13,  9 |   2.1393687802297086e-04 |   2.1393687802297086e-04 | 1
 13, 10 |   1.0755838458962809e-02 |   1.0755838458962809e-02 | 1
 13, 11 |   2.4229139775434976e-03 |   2.4229139775434976e-03 | 1
 13, 12 |   3.7877150390202702e-03 |   3.7877150390202702e-03 | 1
 13, 13 |   5.2101783609008554e-03 |   5.2101783609008554e-03 | 1
 13, 14 |  -5.0378132586281991e-03 |  -5.0378132586281991e-03 | 1
 13, 15 |   5.5129201628201611e-03 |   5.5129201628201611e-03 | 1
 14,  1 |   5.8752491806953779e-03 |   5.8752491806953779e-03 | 1
 14,  2 |   3.3190482999534221e-03 |   3.3190482999534221e-03 | 1
 14,  3 |   1.7245968838431644e+01 |   1.7245968838431644e+01 | 1
 14,  4 |   3.8769989700998047e-03 |   3.8769989700998047e-03 | 1
 14,  5 |   9.3007963558100933e-03 |   9.3007963558100933e-03 | 1
 14,  6 |   9.4968991068909818e-03 |   9.4968991068909818e-03 | 1
 14,  7 |   1.0399956687224547e-02 |   1.0399956687224547e-02 | 1
 14,  8 |   2.2704932896525695e-03 |   2.2704932896525695e-03 | 1
 14,  9 |  -4.5981716504483219e-05 |  -4.5981716504483219e-05 | 1
 14, 10 |  -6.4842388940065041e-03 |  -6.4842388940065041e-03 | 1
 14, 11 |  -2.6570209409051762e-03 |  -2.6570209409051762e-03 | 1
 14, 12 |  -4.0983931240638552e-03 |  -4.0983931240638552e-03 | 1
 14, 13 |  -5.0378132586281991e-03 |  -5.0378132586281991e-03 | 1
 14, 14 |   7.2736320437925906e-03 |   7.2736320437925906e-03 | 1
 14, 15 |  -4.7536651364280536e-03 |  -4.7536651364280536e-03 | 1
 15,  1 |  -5.2968046748917835e-03 |  -5.2968046748917835e-03 | 1
 15,  2 |   5.8427192563846563e-03 |   5.8427192563846563e-03 | 1
 15,  3 |  -1.7829938121106839e+01 |  -1.7829938121106839e+01 | 1
 15,  4 |   4.3963910784423571e-03 |   4.3963910784423571e-03 | 1
 15,  5 |  -5.3365090997263345e-03 |  -5.3365090997263345e-03 | 1
 15,  6 |  -6.5626575087926325e-03 |  -6.5626575087926325e-03 | 1
 15,  7 |  -7.7187325786036067e-03 |  -7.7187325786036067e-03 | 1
 15,  8 |  -6.0225797292377103e-03 |  -6.0225797292377103e-03 | 1
 15,  9 |   2.5986919768547054e-03 |   2.5986919768547054e-03 | 1
 15, 10 |   4.4934939891818661e-02 |   4.4934939891818661e-02 | 1
 15, 11 |   1.7982947559000988e-03 |   1.7982947559000988e-03 | 1
 15, 12 |   2.6308199960843664e-03 |   2.6308199960843664e-03 | 1
 15, 13 |   5.5129201628201611e-03 |   5.5129201628201611e-03 | 1
 15, 14 |  -4.7536651364280536e-03 |  -4.7536651364280536e-03 | 1
 15, 15 |   2.3134165550482273e-02 |   2.3134165550482273e-02 | 1
