row,col | V_base                   | V_new                    | equal
  1,  1 |   1.4843400808294733e-03 |   1.4843400808294733e-03 | 1
  1,  2 |   1.3710388557854928e-03 |   1.3710388557854928e-03 | 1
  1,  3 |   1.3404971138154794e-03 |   1.3404971138154794e-03 | 1
  1,  4 |   1.3243947113979030e-03 |   1.3243947113979030e-03 | 1
  1,  5 |   1.4213204154733046e-03 |   1.4213204154733046e-03 | 1
  1,  6 |   1.3314686164825843e-03 |   1.3314686164825843e-03 | 1
  1,  7 |   1.5404514599636555e-03 |   1.5404514599636555e-03 | 1
  1,  8 |   1.3198533752770583e-03 |   1.3198533752770583e-03 | 1
  1,  9 |   1.3122047337502613e-03 |   1.3122047337502613e-03 | 1
  1, 10 |   1.6048244927003856e-03 |   1.6048244927003856e-03 | 1
  1, 11 |   1.3400738917985675e-03 |   1.3400738917985675e-03 | 1
  1, 12 |   1.4617878935998278e-03 |   1.4617878935998278e-03 | 1
  2,  1 |   1.3710388557854928e-03 |   1.3710388557854928e-03 | 1
  2,  2 |   2.4865485915777767e-03 |   2.4865485915777767e-03 | 1
  2,  3 |   2.2777450790699705e-03 |   2.2777450790699705e-03 | 1
  2,  4 |   1.2973592092751004e-03 |   1.2973592092751004e-03 | 1
  2,  5 |   7.8787948640237802e-04 |   7.8787948640237802e-04 | 1
  2,  6 |   5.6818083724549297e-03 |   5.6818083724549297e-03 | 1
  2,  7 |   2.5856605077044298e-04 |   2.5856605077044298e-04 | 1
  2,  8 |   1.2632460913231476e-03 |   1.2632460913231476e-03 | 1
  2,  9 |   3.4223611116587331e-03 |   3.4223611116587331e-03 | 1
  2, 10 |   6.3290069631378731e-03 |   6.3290069631378731e-03 | 1
  2, 11 |   4.1450282930902806e-03 |   4.1450282930902806e-03 | 1
  2, 12 |   1.5734335292128653e-03 |   1.5734335292128653e-03 | 1
  3,  1 |   1.3404971138154794e-03 |   1.3404971138154794e-03 | 1
  3,  2 |   2.2777450790699705e-03 |   2.2777450790699705e-03 | 1
  3,  3 |   2.1071921696709356e-03 |   2.1071921696709356e-03 | 1
  3,  4 |   1.2622013818442855e-03 |   1.2622013818442855e-03 | 1
  3,  5 |   8.3572310007034851e-04 |   8.3572310007034851e-04 | 1
  3,  6 |   5.0087830132049139e-03 |   5.0087830132049139e-03 | 1
  3,  7 |   4.0095696765116503e-04 |   4.0095696765116503e-04 | 1
  3,  8 |   1.2301083363987389e-03 |   1.2301083363987389e-03 | 1
  3,  9 |   3.0735702864040709e-03 |   3.0735702864040709e-03 | 1
  3, 10 |   5.6013838839612442e-03 |   5.6013838839612442e-03 | 1
  3, 11 |   3.6971701040125725e-03 |   3.6971701040125725e-03 | 1
  3, 12 |   1.5191144812749945e-03 |   1.5191144812749945e-03 | 1
  4,  1 |   1.3243947113979030e-03 |   1.3243947113979030e-03 | 1
  4,  2 |   1.2973592092751004e-03 |   1.2973592092751004e-03 | 1
  4,  3 |   1.2622013818442855e-03 |   1.2622013818442855e-03 | 1
  4,  4 |   1.2732082226049491e-03 |   1.2732082226049491e-03 | 1
  4,  5 |   1.2784845105026617e-03 |   1.2784845105026617e-03 | 1
  4,  6 |   1.3886596506654089e-03 |   1.3886596506654089e-03 | 1
  4,  7 |   1.3413234476229133e-03 |   1.3413234476229133e-03 | 1
  4,  8 |   1.2205121150110870e-03 |   1.2205121150110870e-03 | 1
  4,  9 |   1.2975199782755671e-03 |   1.2975199782755671e-03 | 1
  4, 10 |   1.6428452569541921e-03 |   1.6428452569541921e-03 | 1
  4, 11 |   1.3322264658718005e-03 |   1.3322264658718005e-03 | 1
  4, 12 |   1.3522255455281676e-03 |   1.3522255455281676e-03 | 1
  5,  1 |   1.4213204154733046e-03 |   1.4213204154733046e-03 | 1
  5,  2 |   7.8787948640237802e-04 |   7.8787948640237802e-04 | 1
  5,  3 |   8.3572310007034851e-04 |   8.3572310007034851e-04 | 1
  5,  4 |   1.2784845105026617e-03 |   1.2784845105026617e-03 | 1
  5,  5 |   1.6275301664034859e-03 |   1.6275301664034859e-03 | 1
  5,  6 |  -7.2359436400700188e-04 |  -7.2359436400700188e-04 | 1
  5,  7 |   2.0235021500514669e-03 |   2.0235021500514669e-03 | 1
  5,  8 |   1.2787028537375844e-03 |   1.2787028537375844e-03 | 1
  5,  9 |   2.8010516521153467e-04 |   2.8010516521153467e-04 | 1
  5, 10 |  -6.2880471996751644e-04 |  -6.2880471996751644e-04 | 1
  5, 11 |  -2.3008915803312885e-05 |  -2.3008915803312885e-05 | 1
  5, 12 |   1.3205486744270649e-03 |   1.3205486744270649e-03 | 1
  6,  1 |   1.3314686164825843e-03 |   1.3314686164825843e-03 | 1
  6,  2 |   5.6818083724549297e-03 |   5.6818083724549297e-03 | 1
  6,  3 |   5.0087830132049139e-03 |   5.0087830132049139e-03 | 1
  6,  4 |   1.3886596506654089e-03 |   1.3886596506654089e-03 | 1
  6,  5 |  -7.2359436400700188e-04 |  -7.2359436400700188e-04 | 1
  6,  6 |   1.7687124863017045e-02 |   1.7687124863017045e-02 | 1
  6,  7 |  -2.9734648416873395e-03 |  -2.9734648416873395e-03 | 1
  6,  8 |   1.2848562488656839e-03 |   1.2848562488656839e-03 | 1
  6,  9 |   9.3275073589086186e-03 |   9.3275073589086186e-03 | 1
  6, 10 |   1.9358638279179378e-02 |   1.9358638279179378e-02 | 1
  6, 11 |   1.1963135254285880e-02 |   1.1963135254285880e-02 | 1
  6, 12 |   2.0961650975000216e-03 |   2.0961650975000216e-03 | 1
  7,  1 |   1.5404514599636555e-03 |   1.5404514599636555e-03 | 1
  7,  2 |   2.5856605077044298e-04 |   2.5856605077044298e-04 | 1
  7,  3 |   4.0095696765116503e-04 |   4.0095696765116503e-04 | 1
  7,  4 |   1.3413234476229133e-03 |   1.3413234476229133e-03 | 1
  7,  5 |   2.0235021500514669e-03 |   2.0235021500514669e-03 | 1
  7,  6 |  -2.9734648416873395e-03 |  -2.9734648416873395e-03 | 1
  7,  7 |   2.8038765232072573e-03 |   2.8038765232072573e-03 | 1
  7,  8 |   1.3642019085060575e-03 |   1.3642019085060575e-03 | 1
  7,  9 |  -7.8948425913195170e-04 |  -7.8948425913195170e-04 | 1
  7, 10 |  -3.0484757245537297e-03 |  -3.0484757245537297e-03 | 1
  7, 11 |  -1.4515856243831810e-03 |  -1.4515856243831810e-03 | 1
  7, 12 |   1.3061030101637120e-03 |   1.3061030101637120e-03 | 1
  8,  1 |   1.3198533752770583e-03 |   1.3198533752770583e-03 | 1
  8,  2 |   1.2632460913231476e-03 |   1.2632460913231476e-03 | 1
  8,  3 |   1.2301083363987389e-03 |   1.2301083363987389e-03 | 1
  8,  4 |   1.2205121150110870e-03 |   1.2205121150110870e-03 | 1
  8,  5 |   1.2787028537375844e-03 |   1.2787028537375844e-03 | 1
  8,  6 |   1.2848562488656839e-03 |   1.2848562488656839e-03 | 1
  8,  7 |   1.3642019085060575e-03 |   1.3642019085060575e-03 | 1
  8,  8 |   1.2107461119946021e-03 |   1.2107461119946021e-03 | 1
  8,  9 |   1.2280094698795406e-03 |   1.2280094698795406e-03 | 1
  8, 10 |   1.5443599716728068e-03 |   1.5443599716728068e-03 | 1
  8, 11 |   1.2547061955247318e-03 |   1.2547061955247318e-03 | 1
  8, 12 |   1.3255072105869707e-03 |   1.3255072105869707e-03 | 1
  9,  1 |   1.3122047337502613e-03 |   1.3122047337502613e-03 | 1
  9,  2 |   3.4223611116587331e-03 |   3.4223611116587331e-03 | 1
  9,  3 |   3.0735702864040709e-03 |   3.0735702864040709e-03 | 1
  9,  4 |   1.2975199782755671e-03 |   1.2975199782755671e-03 | 1
  9,  5 |   2.8010516521153467e-04 |   2.8010516521153467e-04 | 1
  9,  6 |   9.3275073589086186e-03 |   9.3275073589086186e-03 | 1
  9,  7 |  -7.8948425913195170e-04 |  -7.8948425913195170e-04 | 1
  9,  8 |   1.2280094698795406e-03 |   1.2280094698795406e-03 | 1
  9,  9 |   5.2534163949794228e-03 |   5.2534163949794228e-03 | 1
  9, 10 |   1.0250278283755385e-02 |   1.0250278283755385e-02 | 1
  9, 11 |   6.5297139073262900e-03 |   6.5297139073262900e-03 | 1
  9, 12 |   1.7365599373564383e-03 |   1.7365599373564383e-03 | 1
 10,  1 |   1.6048244927003856e-03 |   1.6048244927003856e-03 | 1
 10,  2 |   6.3290069631378731e-03 |   6.3290069631378731e-03 | 1
 10,  3 |   5.6013838839612442e-03 |   5.6013838839612442e-03 | 1
 10,  4 |   1.6428452569541921e-03 |   1.6428452569541921e-03 | 1
 10,  5 |  -6.2880471996751644e-04 |  -6.2880471996751644e-04 | 1
 10,  6 |   1.9358638279179378e-02 |   1.9358638279179378e-02 | 1
 10,  7 |  -3.0484757245537297e-03 |  -3.0484757245537297e-03 | 1
 10,  8 |   1.5443599716728068e-03 |   1.5443599716728068e-03 | 1
 10,  9 |   1.0250278283755385e-02 |   1.0250278283755385e-02 | 1
 10, 10 |   2.1502090136595174e-02 |   2.1502090136595174e-02 | 1
 10, 11 |   1.3088791429548160e-02 |   1.3088791429548160e-02 | 1
 10, 12 |   2.4442917126679341e-03 |   2.4442917126679341e-03 | 1
 11,  1 |   1.3400738917985675e-03 |   1.3400738917985675e-03 | 1
 11,  2 |   4.1450282930902806e-03 |   4.1450282930902806e-03 | 1
 11,  3 |   3.6971701040125725e-03 |   3.6971701040125725e-03 | 1
 11,  4 |   1.3322264658718005e-03 |   1.3322264658718005e-03 | 1
 11,  5 |  -2.3008915803312885e-05 |  -2.3008915803312885e-05 | 1
 11,  6 |   1.1963135254285880e-02 |   1.1963135254285880e-02 | 1
 11,  7 |  -1.4515856243831810e-03 |  -1.4515856243831810e-03 | 1
 11,  8 |   1.2547061955247318e-03 |   1.2547061955247318e-03 | 1
 11,  9 |   6.5297139073262900e-03 |   6.5297139073262900e-03 | 1
 11, 10 |   1.3088791429548160e-02 |   1.3088791429548160e-02 | 1
 11, 11 |   8.2609910609659446e-03 |   8.2609910609659446e-03 | 1
 11, 12 |   1.8560886918733181e-03 |   1.8560886918733181e-03 | 1
 12,  1 |   1.4617878935998278e-03 |   1.4617878935998278e-03 | 1
 12,  2 |   1.5734335292128653e-03 |   1.5734335292128653e-03 | 1
 12,  3 |   1.5191144812749945e-03 |   1.5191144812749945e-03 | 1
 12,  4 |   1.3522255455281676e-03 |   1.3522255455281676e-03 | 1
 12,  5 |   1.3205486744270649e-03 |   1.3205486744270649e-03 | 1
 12,  6 |   2.0961650975000216e-03 |   2.0961650975000216e-03 | 1
 12,  7 |   1.3061030101637120e-03 |   1.3061030101637120e-03 | 1
 12,  8 |   1.3255072105869707e-03 |   1.3255072105869707e-03 | 1
 12,  9 |   1.7365599373564383e-03 |   1.7365599373564383e-03 | 1
 12, 10 |   2.4442917126679341e-03 |   2.4442917126679341e-03 | 1
 12, 11 |   1.8560886918733181e-03 |   1.8560886918733181e-03 | 1
 12, 12 |   1.5883405800544898e-03 |   1.5883405800544898e-03 | 1
