row,col | V_base                   | V_new                    | equal
  1,  1 |   5.8478759574858933e-03 |   5.8478759574858933e-03 | 1
  1,  2 |   4.9369657276847004e-03 |   4.9369657276847004e-03 | 1
  1,  3 |   5.1838807590955088e-03 |   5.1838807590955088e-03 | 1
  1,  4 |   4.9369657276837915e-03 |   4.9369657276837915e-03 | 1
  1,  5 |   4.9369657276647529e-03 |   4.9369657276647529e-03 | 1
  1,  6 |   4.9369657276598783e-03 |   4.9369657276598783e-03 | 1
  1,  7 |   5.3678807273283800e-03 |   5.3678807273283800e-03 | 1
  1,  8 |   4.9311546517270379e-03 |   4.9311546517270379e-03 | 1
  1,  9 |   4.9369657276970014e-03 |   4.9369657276970014e-03 | 1
  1, 10 |   4.9369657276528787e-03 |   4.9369657276528787e-03 | 1
  1, 11 |   4.9411408275079980e-03 |   4.9411408275079980e-03 | 1
  1, 12 |   4.9369657276764484e-03 |   4.9369657276764484e-03 | 1
  1, 13 |   4.9369657276382177e-03 |   4.9369657276382177e-03 | 1
  1, 14 |   4.9369657276499886e-03 |   4.9369657276499886e-03 | 1
  1, 15 |   5.8249146790670331e-03 |   5.8249146790670331e-03 | 1
  1, 16 |   5.6829797663939226e-03 |   5.6829797663939226e-03 | 1
  1, 17 |   4.9369657276537903e-03 |   4.9369657276537903e-03 | 1
  1, 18 |   4.9369657276863597e-03 |   4.9369657276863597e-03 | 1
  1, 19 |   4.9369657276326804e-03 |   4.9369657276326804e-03 | 1
  1, 20 |   4.9369657276317914e-03 |   4.9369657276317914e-03 | 1
  1, 21 |   4.9369657276506895e-03 |   4.9369657276506895e-03 | 1
  1, 22 |   4.9369657276560133e-03 |   4.9369657276560133e-03 | 1
  1, 23 |   5.6700413929527127e-03 |   5.6700413929527127e-03 | 1
  1, 24 |   4.9369657276955589e-03 |   4.9369657276955589e-03 | 1
  1, 25 |   4.9369657276580273e-03 |   4.9369657276580273e-03 | 1
  1, 26 |   4.9369657276845998e-03 |   4.9369657276845998e-03 | 1
  1, 27 |   5.4648044351711909e-03 |   5.4648044351711909e-03 | 1
  1, 28 |   4.9369657276491213e-03 |   4.9369657276491213e-03 | 1
  1, 29 |   4.9369657276916714e-03 |   4.9369657276916714e-03 | 1
  1, 30 |   5.8735763445758246e-03 |   5.8735763445758246e-03 | 1
  2,  1 |   4.9369657276847004e-03 |   4.9369657276847004e-03 | 1
  2,  2 |   4.3116861968240904e-03 |   4.3116861968240904e-03 | 1
  2,  3 |   4.4778951974415171e-03 |   4.4778951974415171e-03 | 1
  2,  4 |   4.3116861968238883e-03 |   4.3116861968238883e-03 | 1
  2,  5 |   4.3116861968110860e-03 |   4.3116861968110860e-03 | 1
  2,  6 |   4.3116861968065254e-03 |   4.3116861968065254e-03 | 1
  2,  7 |   4.5857272892396213e-03 |   4.5857272892396213e-03 | 1
  2,  8 |   4.2452477224340429e-03 |   4.2452477224340429e-03 | 1
  2,  9 |   4.3116861968327379e-03 |   4.3116861968327379e-03 | 1
  2, 10 |   4.3116861968014765e-03 |   4.3116861968014765e-03 | 1
  2, 11 |   4.3476366992859809e-03 |   4.3476366992859809e-03 | 1
  2, 12 |   4.3116861968178002e-03 |   4.3116861968178002e-03 | 1
  2, 13 |   4.3116861967910898e-03 |   4.3116861967910898e-03 | 1
  2, 14 |   4.3116861967995778e-03 |   4.3116861967995778e-03 | 1
  2, 15 |   5.0692883822209059e-03 |   5.0692883822209059e-03 | 1
  2, 16 |   4.8566282546507345e-03 |   4.8566282546507345e-03 | 1
  2, 17 |   4.3116861968022207e-03 |   4.3116861968022207e-03 | 1
  2, 18 |   4.3116861968254963e-03 |   4.3116861968254963e-03 | 1
  2, 19 |   4.3116861967884123e-03 |   4.3116861967884123e-03 | 1
  2, 20 |   4.3116861967871173e-03 |   4.3116861967871173e-03 | 1
  2, 21 |   4.3116861967997504e-03 |   4.3116861967997504e-03 | 1
  2, 22 |   4.3116861968037906e-03 |   4.3116861968037906e-03 | 1
  2, 23 |   4.7197406369948553e-03 |   4.7197406369948553e-03 | 1
  2, 24 |   4.3116861968315280e-03 |   4.3116861968315280e-03 | 1
  2, 25 |   4.3116861968055271e-03 |   4.3116861968055271e-03 | 1
  2, 26 |   4.3116861968235934e-03 |   4.3116861968235934e-03 | 1
  2, 27 |   4.7200064095061275e-03 |   4.7200064095061275e-03 | 1
  2, 28 |   4.3116861968001529e-03 |   4.3116861968001529e-03 | 1
  2, 29 |   4.3116861968279883e-03 |   4.3116861968279883e-03 | 1
  2, 30 |   5.2223752492138106e-03 |   5.2223752492138106e-03 | 1
  3,  1 |   5.1838807590955088e-03 |   5.1838807590955088e-03 | 1
  3,  2 |   4.4778951974415171e-03 |   4.4778951974415171e-03 | 1
  3,  3 |   4.7902736840594014e-03 |   4.7902736840594014e-03 | 1
  3,  4 |   4.4778951974411103e-03 |   4.4778951974411103e-03 | 1
  3,  5 |   4.4778951974265430e-03 |   4.4778951974265430e-03 | 1
  3,  6 |   4.4778951974219069e-03 |   4.4778951974219069e-03 | 1
  3,  7 |   4.8641864361647982e-03 |   4.8641864361647982e-03 | 1
  3,  8 |   4.5849036936294026e-03 |   4.5849036936294026e-03 | 1
  3,  9 |   4.4778951974511934e-03 |   4.4778951974511934e-03 | 1
  3, 10 |   4.4778951974163098e-03 |   4.4778951974163098e-03 | 1
  3, 11 |   4.5724082739955485e-03 |   4.5724082739955485e-03 | 1
  3, 12 |   4.4778951974346788e-03 |   4.4778951974346788e-03 | 1
  3, 13 |   4.4778951974047184e-03 |   4.4778951974047184e-03 | 1
  3, 14 |   4.4778951974141301e-03 |   4.4778951974141301e-03 | 1
  3, 15 |   5.3218265651874715e-03 |   5.3218265651874715e-03 | 1
  3, 16 |   5.1830573818190031e-03 |   5.1830573818190031e-03 | 1
  3, 17 |   4.4778951974171000e-03 |   4.4778951974171000e-03 | 1
  3, 18 |   4.4778951974429916e-03 |   4.4778951974429916e-03 | 1
  3, 19 |   4.4778951974012212e-03 |   4.4778951974012212e-03 | 1
  3, 20 |   4.4778951974000485e-03 |   4.4778951974000485e-03 | 1
  3, 21 |   4.4778951974144554e-03 |   4.4778951974144554e-03 | 1
  3, 22 |   4.4778951974188529e-03 |   4.4778951974188529e-03 | 1
  3, 23 |   5.1592252810521867e-03 |   5.1592252810521867e-03 | 1
  3, 24 |   4.4778951974499210e-03 |   4.4778951974499210e-03 | 1
  3, 25 |   4.4778951974206649e-03 |   4.4778951974206649e-03 | 1
  3, 26 |   4.4778951974411363e-03 |   4.4778951974411363e-03 | 1
  3, 27 |   5.0489029300485617e-03 |   5.0489029300485617e-03 | 1
  3, 28 |   4.4778951974142845e-03 |   4.4778951974142845e-03 | 1
  3, 29 |   4.4778951974462928e-03 |   4.4778951974462928e-03 | 1
  3, 30 |   5.7883835609408305e-03 |   5.7883835609408305e-03 | 1
  4,  1 |   4.9369657276837915e-03 |   4.9369657276837915e-03 | 1
  4,  2 |   4.3116861968238883e-03 |   4.3116861968238883e-03 | 1
  4,  3 |   4.4778951974411103e-03 |   4.4778951974411103e-03 | 1
  4,  4 |   4.3116861968236870e-03 |   4.3116861968236870e-03 | 1
  4,  5 |   4.3116861968108839e-03 |   4.3116861968108839e-03 | 1
  4,  6 |   4.3116861968063233e-03 |   4.3116861968063233e-03 | 1
  4,  7 |   4.5857272892390003e-03 |   4.5857272892390003e-03 | 1
  4,  8 |   4.2452477224335997e-03 |   4.2452477224335997e-03 | 1
  4,  9 |   4.3116861968325359e-03 |   4.3116861968325359e-03 | 1
  4, 10 |   4.3116861968012753e-03 |   4.3116861968012753e-03 | 1
  4, 11 |   4.3476366992859054e-03 |   4.3476366992859054e-03 | 1
  4, 12 |   4.3116861968175981e-03 |   4.3116861968175981e-03 | 1
  4, 13 |   4.3116861967908877e-03 |   4.3116861967908877e-03 | 1
  4, 14 |   4.3116861967993757e-03 |   4.3116861967993757e-03 | 1
  4, 15 |   5.0692883822205980e-03 |   5.0692883822205980e-03 | 1
  4, 16 |   4.8566282546500840e-03 |   4.8566282546500840e-03 | 1
  4, 17 |   4.3116861968020195e-03 |   4.3116861968020195e-03 | 1
  4, 18 |   4.3116861968252942e-03 |   4.3116861968252942e-03 | 1
  4, 19 |   4.3116861967882102e-03 |   4.3116861967882102e-03 | 1
  4, 20 |   4.3116861967869152e-03 |   4.3116861967869152e-03 | 1
  4, 21 |   4.3116861967995492e-03 |   4.3116861967995492e-03 | 1
  4, 22 |   4.3116861968035885e-03 |   4.3116861968035885e-03 | 1
  4, 23 |   4.7197406369937113e-03 |   4.7197406369937113e-03 | 1
  4, 24 |   4.3116861968313259e-03 |   4.3116861968313259e-03 | 1
  4, 25 |   4.3116861968053250e-03 |   4.3116861968053250e-03 | 1
  4, 26 |   4.3116861968233913e-03 |   4.3116861968233913e-03 | 1
  4, 27 |   4.7200064095056964e-03 |   4.7200064095056964e-03 | 1
  4, 28 |   4.3116861967999517e-03 |   4.3116861967999517e-03 | 1
  4, 29 |   4.3116861968277870e-03 |   4.3116861968277870e-03 | 1
  4, 30 |   5.2223752492139338e-03 |   5.2223752492139338e-03 | 1
  5,  1 |   4.9369657276647529e-03 |   4.9369657276647529e-03 | 1
  5,  2 |   4.3116861968110860e-03 |   4.3116861968110860e-03 | 1
  5,  3 |   4.4778951974265430e-03 |   4.4778951974265430e-03 | 1
  5,  4 |   4.3116861968108839e-03 |   4.3116861968108839e-03 | 1
  5,  5 |   4.3116861967980816e-03 |   4.3116861967980816e-03 | 1
  5,  6 |   4.3116861967935211e-03 |   4.3116861967935211e-03 | 1
  5,  7 |   4.5857272892227529e-03 |   4.5857272892227529e-03 | 1
  5,  8 |   4.2452477224194166e-03 |   4.2452477224194166e-03 | 1
  5,  9 |   4.3116861968197336e-03 |   4.3116861968197336e-03 | 1
  5, 10 |   4.3116861967884730e-03 |   4.3116861967884730e-03 | 1
  5, 11 |   4.3476366992738266e-03 |   4.3476366992738266e-03 | 1
  5, 12 |   4.3116861968047959e-03 |   4.3116861968047959e-03 | 1
  5, 13 |   4.3116861967780855e-03 |   4.3116861967780855e-03 | 1
  5, 14 |   4.3116861967865735e-03 |   4.3116861967865735e-03 | 1
  5, 15 |   5.0692883822050852e-03 |   5.0692883822050852e-03 | 1
  5, 16 |   4.8566282546329224e-03 |   4.8566282546329224e-03 | 1
  5, 17 |   4.3116861967892163e-03 |   4.3116861967892163e-03 | 1
  5, 18 |   4.3116861968124920e-03 |   4.3116861968124920e-03 | 1
  5, 19 |   4.3116861967754079e-03 |   4.3116861967754079e-03 | 1
  5, 20 |   4.3116861967741130e-03 |   4.3116861967741130e-03 | 1
  5, 21 |   4.3116861967867461e-03 |   4.3116861967867461e-03 | 1
  5, 22 |   4.3116861967907854e-03 |   4.3116861967907854e-03 | 1
  5, 23 |   4.7197406369737255e-03 |   4.7197406369737255e-03 | 1
  5, 24 |   4.3116861968185236e-03 |   4.3116861968185236e-03 | 1
  5, 25 |   4.3116861967925227e-03 |   4.3116861967925227e-03 | 1
  5, 26 |   4.3116861968105890e-03 |   4.3116861968105890e-03 | 1
  5, 27 |   4.7200064094903276e-03 |   4.7200064094903276e-03 | 1
  5, 28 |   4.3116861967871494e-03 |   4.3116861967871494e-03 | 1
  5, 29 |   4.3116861968149839e-03 |   4.3116861968149839e-03 | 1
  5, 30 |   5.2223752492008124e-03 |   5.2223752492008124e-03 | 1
  6,  1 |   4.9369657276598783e-03 |   4.9369657276598783e-03 | 1
  6,  2 |   4.3116861968065254e-03 |   4.3116861968065254e-03 | 1
  6,  3 |   4.4778951974219069e-03 |   4.4778951974219069e-03 | 1
  6,  4 |   4.3116861968063233e-03 |   4.3116861968063233e-03 | 1
  6,  5 |   4.3116861967935211e-03 |   4.3116861967935211e-03 | 1
  6,  6 |   4.3116861967889605e-03 |   4.3116861967889605e-03 | 1
  6,  7 |   4.5857272892181108e-03 |   4.5857272892181108e-03 | 1
  6,  8 |   4.2452477224150520e-03 |   4.2452477224150520e-03 | 1
  6,  9 |   4.3116861968151730e-03 |   4.3116861968151730e-03 | 1
  6, 10 |   4.3116861967839116e-03 |   4.3116861967839116e-03 | 1
  6, 11 |   4.3476366992691627e-03 |   4.3476366992691627e-03 | 1
  6, 12 |   4.3116861968002353e-03 |   4.3116861968002353e-03 | 1
  6, 13 |   4.3116861967735249e-03 |   4.3116861967735249e-03 | 1
  6, 14 |   4.3116861967820129e-03 |   4.3116861967820129e-03 | 1
  6, 15 |   5.0692883821997596e-03 |   5.0692883821997596e-03 | 1
  6, 16 |   4.8566282546280027e-03 |   4.8566282546280027e-03 | 1
  6, 17 |   4.3116861967846557e-03 |   4.3116861967846557e-03 | 1
  6, 18 |   4.3116861968079314e-03 |   4.3116861968079314e-03 | 1
  6, 19 |   4.3116861967708474e-03 |   4.3116861967708474e-03 | 1
  6, 20 |   4.3116861967695524e-03 |   4.3116861967695524e-03 | 1
  6, 21 |   4.3116861967821855e-03 |   4.3116861967821855e-03 | 1
  6, 22 |   4.3116861967862248e-03 |   4.3116861967862248e-03 | 1
  6, 23 |   4.7197406369692066e-03 |   4.7197406369692066e-03 | 1
  6, 24 |   4.3116861968139630e-03 |   4.3116861968139630e-03 | 1
  6, 25 |   4.3116861967879621e-03 |   4.3116861967879621e-03 | 1
  6, 26 |   4.3116861968060284e-03 |   4.3116861968060284e-03 | 1
  6, 27 |   4.7200064094854426e-03 |   4.7200064094854426e-03 | 1
  6, 28 |   4.3116861967825888e-03 |   4.3116861967825888e-03 | 1
  6, 29 |   4.3116861968104233e-03 |   4.3116861968104233e-03 | 1
  6, 30 |   5.2223752491950990e-03 |   5.2223752491950990e-03 | 1
  7,  1 |   5.3678807273283800e-03 |   5.3678807273283800e-03 | 1
  7,  2 |   4.5857272892396213e-03 |   4.5857272892396213e-03 | 1
  7,  3 |   4.8641864361647982e-03 |   4.8641864361647982e-03 | 1
  7,  4 |   4.5857272892390003e-03 |   4.5857272892390003e-03 | 1
  7,  5 |   4.5857272892227529e-03 |   4.5857272892227529e-03 | 1
  7,  6 |   4.5857272892181108e-03 |   4.5857272892181108e-03 | 1
  7,  7 |   5.1682634095723615e-03 |   5.1682634095723615e-03 | 1
  7,  8 |   4.7159035525396204e-03 |   4.7159035525396204e-03 | 1
  7,  9 |   4.5857272892502604e-03 |   4.5857272892502604e-03 | 1
  7, 10 |   4.5857272892120080e-03 |   4.5857272892120080e-03 | 1
  7, 11 |   4.6158176134085266e-03 |   4.6158176134085266e-03 | 1
  7, 12 |   4.5857272892323008e-03 |   4.5857272892323008e-03 | 1
  7, 13 |   4.5857272891992994e-03 |   4.5857272891992994e-03 | 1
  7, 14 |   4.5857272892095586e-03 |   4.5857272892095586e-03 | 1
  7, 15 |   5.4919244285616328e-03 |   5.4919244285616328e-03 | 1
  7, 16 |   5.3036878624685667e-03 |   5.3036878624685667e-03 | 1
  7, 17 |   4.5857272892128355e-03 |   4.5857272892128355e-03 | 1
  7, 18 |   4.5857272892411479e-03 |   4.5857272892411479e-03 | 1
  7, 19 |   4.5857272891949661e-03 |   4.5857272891949661e-03 | 1
  7, 20 |   4.5857272891939461e-03 |   4.5857272891939461e-03 | 1
  7, 21 |   4.5857272892100460e-03 |   4.5857272892100460e-03 | 1
  7, 22 |   4.5857272892147610e-03 |   4.5857272892147610e-03 | 1
  7, 23 |   5.3905589017639562e-03 |   5.3905589017639562e-03 | 1
  7, 24 |   4.5857272892489394e-03 |   4.5857272892489394e-03 | 1
  7, 25 |   4.5857272892166241e-03 |   4.5857272892166241e-03 | 1
  7, 26 |   4.5857272892393750e-03 |   4.5857272892393750e-03 | 1
  7, 27 |   5.2301216074676889e-03 |   5.2301216074676889e-03 | 1
  7, 28 |   4.5857272892092541e-03 |   4.5857272892092541e-03 | 1
  7, 29 |   4.5857272892452748e-03 |   4.5857272892452748e-03 | 1
  7, 30 |   5.6893590462941427e-03 |   5.6893590462941427e-03 | 1
  8,  1 |   4.9311546517270379e-03 |   4.9311546517270379e-03 | 1
  8,  2 |   4.2452477224340429e-03 |   4.2452477224340429e-03 | 1
  8,  3 |   4.5849036936294026e-03 |   4.5849036936294026e-03 | 1
  8,  4 |   4.2452477224335997e-03 |   4.2452477224335997e-03 | 1
  8,  5 |   4.2452477224194166e-03 |   4.2452477224194166e-03 | 1
  8,  6 |   4.2452477224150520e-03 |   4.2452477224150520e-03 | 1
  8,  7 |   4.7159035525396204e-03 |   4.7159035525396204e-03 | 1
  8,  8 |   5.5195460565885179e-03 |   5.5195460565885179e-03 | 1
  8,  9 |   4.2452477224434217e-03 |   4.2452477224434217e-03 | 1
  8, 10 |   4.2452477224096414e-03 |   4.2452477224096414e-03 | 1
  8, 11 |   4.5739285692371788e-03 |   4.5739285692371788e-03 | 1
  8, 12 |   4.2452477224274717e-03 |   4.2452477224274717e-03 | 1
  8, 13 |   4.2452477223984160e-03 |   4.2452477223984160e-03 | 1
  8, 14 |   4.2452477224075129e-03 |   4.2452477224075129e-03 | 1
  8, 15 |   5.0743648889478507e-03 |   5.0743648889478507e-03 | 1
  8, 16 |   5.0520758646958389e-03 |   5.0520758646958389e-03 | 1
  8, 17 |   4.2452477224103960e-03 |   4.2452477224103960e-03 | 1
  8, 18 |   4.2452477224354454e-03 |   4.2452477224354454e-03 | 1
  8, 19 |   4.2452477223948902e-03 |   4.2452477223948902e-03 | 1
  8, 20 |   4.2452477223938294e-03 |   4.2452477223938294e-03 | 1
  8, 21 |   4.2452477224078650e-03 |   4.2452477224078650e-03 | 1
  8, 22 |   4.2452477224120943e-03 |   4.2452477224120943e-03 | 1
  8, 23 |   5.0545436386339468e-03 |   5.0545436386339468e-03 | 1
  8, 24 |   4.2452477224422100e-03 |   4.2452477224422100e-03 | 1
  8, 25 |   4.2452477224138134e-03 |   4.2452477224138134e-03 | 1
  8, 26 |   4.2452477224337228e-03 |   4.2452477224337228e-03 | 1
  8, 27 |   5.1641059540086234e-03 |   5.1641059540086234e-03 | 1
  8, 28 |   4.2452477224075302e-03 |   4.2452477224075302e-03 | 1
  8, 29 |   4.2452477224387847e-03 |   4.2452477224387847e-03 | 1
  8, 30 |   5.3793038257141795e-03 |   5.3793038257141795e-03 | 1
  9,  1 |   4.9369657276970014e-03 |   4.9369657276970014e-03 | 1
  9,  2 |   4.3116861968327379e-03 |   4.3116861968327379e-03 | 1
  9,  3 |   4.4778951974511934e-03 |   4.4778951974511934e-03 | 1
  9,  4 |   4.3116861968325359e-03 |   4.3116861968325359e-03 | 1
  9,  5 |   4.3116861968197336e-03 |   4.3116861968197336e-03 | 1
  9,  6 |   4.3116861968151730e-03 |   4.3116861968151730e-03 | 1
  9,  7 |   4.5857272892502604e-03 |   4.5857272892502604e-03 | 1
  9,  8 |   4.2452477224434217e-03 |   4.2452477224434217e-03 | 1
  9,  9 |   4.3116861968413855e-03 |   4.3116861968413855e-03 | 1
  9, 10 |   4.3116861968101241e-03 |   4.3116861968101241e-03 | 1
  9, 11 |   4.3476366992942442e-03 |   4.3476366992942442e-03 | 1
  9, 12 |   4.3116861968264478e-03 |   4.3116861968264478e-03 | 1
  9, 13 |   4.3116861967997374e-03 |   4.3116861967997374e-03 | 1
  9, 14 |   4.3116861968082254e-03 |   4.3116861968082254e-03 | 1
  9, 15 |   5.0692883822313255e-03 |   5.0692883822313255e-03 | 1
  9, 16 |   4.8566282546619781e-03 |   4.8566282546619781e-03 | 1
  9, 17 |   4.3116861968108683e-03 |   4.3116861968108683e-03 | 1
  9, 18 |   4.3116861968341439e-03 |   4.3116861968341439e-03 | 1
  9, 19 |   4.3116861967970599e-03 |   4.3116861967970599e-03 | 1
  9, 20 |   4.3116861967957649e-03 |   4.3116861967957649e-03 | 1
  9, 21 |   4.3116861968083980e-03 |   4.3116861968083980e-03 | 1
  9, 22 |   4.3116861968124373e-03 |   4.3116861968124373e-03 | 1
  9, 23 |   4.7197406370075943e-03 |   4.7197406370075943e-03 | 1
  9, 24 |   4.3116861968401756e-03 |   4.3116861968401756e-03 | 1
  9, 25 |   4.3116861968141747e-03 |   4.3116861968141747e-03 | 1
  9, 26 |   4.3116861968322409e-03 |   4.3116861968322409e-03 | 1
  9, 27 |   4.7200064095163363e-03 |   4.7200064095163363e-03 | 1
  9, 28 |   4.3116861968088005e-03 |   4.3116861968088005e-03 | 1
  9, 29 |   4.3116861968366359e-03 |   4.3116861968366359e-03 | 1
  9, 30 |   5.2223752492229769e-03 |   5.2223752492229769e-03 | 1
 10,  1 |   4.9369657276528787e-03 |   4.9369657276528787e-03 | 1
 10,  2 |   4.3116861968014765e-03 |   4.3116861968014765e-03 | 1
 10,  3 |   4.4778951974163098e-03 |   4.4778951974163098e-03 | 1
 10,  4 |   4.3116861968012753e-03 |   4.3116861968012753e-03 | 1
 10,  5 |   4.3116861967884730e-03 |   4.3116861967884730e-03 | 1
 10,  6 |   4.3116861967839116e-03 |   4.3116861967839116e-03 | 1
 10,  7 |   4.5857272892120080e-03 |   4.5857272892120080e-03 | 1
 10,  8 |   4.2452477224096414e-03 |   4.2452477224096414e-03 | 1
 10,  9 |   4.3116861968101241e-03 |   4.3116861968101241e-03 | 1
 10, 10 |   4.3116861967788635e-03 |   4.3116861967788635e-03 | 1
 10, 11 |   4.3476366992643029e-03 |   4.3476366992643029e-03 | 1
 10, 12 |   4.3116861967951864e-03 |   4.3116861967951864e-03 | 1
 10, 13 |   4.3116861967684760e-03 |   4.3116861967684760e-03 | 1
 10, 14 |   4.3116861967769649e-03 |   4.3116861967769649e-03 | 1
 10, 15 |   5.0692883821936967e-03 |   5.0692883821936967e-03 | 1
 10, 16 |   4.8566282546215521e-03 |   4.8566282546215521e-03 | 1
 10, 17 |   4.3116861967796068e-03 |   4.3116861967796068e-03 | 1
 10, 18 |   4.3116861968028834e-03 |   4.3116861968028834e-03 | 1
 10, 19 |   4.3116861967657984e-03 |   4.3116861967657984e-03 | 1
 10, 20 |   4.3116861967645043e-03 |   4.3116861967645043e-03 | 1
 10, 21 |   4.3116861967771366e-03 |   4.3116861967771366e-03 | 1
 10, 22 |   4.3116861967811768e-03 |   4.3116861967811768e-03 | 1
 10, 23 |   4.7197406369620179e-03 |   4.7197406369620179e-03 | 1
 10, 24 |   4.3116861968089141e-03 |   4.3116861968089141e-03 | 1
 10, 25 |   4.3116861967829132e-03 |   4.3116861967829132e-03 | 1
 10, 26 |   4.3116861968009795e-03 |   4.3116861968009795e-03 | 1
 10, 27 |   4.7200064094795385e-03 |   4.7200064094795385e-03 | 1
 10, 28 |   4.3116861967775399e-03 |   4.3116861967775399e-03 | 1
 10, 29 |   4.3116861968053744e-03 |   4.3116861968053744e-03 | 1
 10, 30 |   5.2223752491896477e-03 |   5.2223752491896477e-03 | 1
 11,  1 |   4.9411408275079980e-03 |   4.9411408275079980e-03 | 1
 11,  2 |   4.3476366992859809e-03 |   4.3476366992859809e-03 | 1
 11,  3 |   4.5724082739955485e-03 |   4.5724082739955485e-03 | 1
 11,  4 |   4.3476366992859054e-03 |   4.3476366992859054e-03 | 1
 11,  5 |   4.3476366992738266e-03 |   4.3476366992738266e-03 | 1
 11,  6 |   4.3476366992691627e-03 |   4.3476366992691627e-03 | 1
 11,  7 |   4.6158176134085266e-03 |   4.6158176134085266e-03 | 1
 11,  8 |   4.5739285692371788e-03 |   4.5739285692371788e-03 | 1
 11,  9 |   4.3476366992942442e-03 |   4.3476366992942442e-03 | 1
 11, 10 |   4.3476366992643029e-03 |   4.3476366992643029e-03 | 1
 11, 11 |   5.0789991652620782e-03 |   5.0789991652620782e-03 | 1
 11, 12 |   4.3476366992798374e-03 |   4.3476366992798374e-03 | 1
 11, 13 |   4.3476366992543543e-03 |   4.3476366992543543e-03 | 1
 11, 14 |   4.3476366992625248e-03 |   4.3476366992625248e-03 | 1
 11, 15 |   5.0429789089842282e-03 |   5.0429789089842282e-03 | 1
 11, 16 |   4.9567490394355433e-03 |   4.9567490394355433e-03 | 1
 11, 17 |   4.3476366992650419e-03 |   4.3476366992650419e-03 | 1
 11, 18 |   4.3476366992873886e-03 |   4.3476366992873886e-03 | 1
 11, 19 |   4.3476366992521234e-03 |   4.3476366992521234e-03 | 1
 11, 20 |   4.3476366992507053e-03 |   4.3476366992507053e-03 | 1
 11, 21 |   4.3476366992626029e-03 |   4.3476366992626029e-03 | 1
 11, 22 |   4.3476366992665442e-03 |   4.3476366992665442e-03 | 1
 11, 23 |   4.9254181905024584e-03 |   4.9254181905024584e-03 | 1
 11, 24 |   4.3476366992930351e-03 |   4.3476366992930351e-03 | 1
 11, 25 |   4.3476366992682902e-03 |   4.3476366992682902e-03 | 1
 11, 26 |   4.3476366992853902e-03 |   4.3476366992853902e-03 | 1
 11, 27 |   4.8650700540220134e-03 |   4.8650700540220134e-03 | 1
 11, 28 |   4.3476366992633939e-03 |   4.3476366992633939e-03 | 1
 11, 29 |   4.3476366992894356e-03 |   4.3476366992894356e-03 | 1
 11, 30 |   5.3916654639303251e-03 |   5.3916654639303251e-03 | 1
 12,  1 |   4.9369657276764484e-03 |   4.9369657276764484e-03 | 1
 12,  2 |   4.3116861968178002e-03 |   4.3116861968178002e-03 | 1
 12,  3 |   4.4778951974346788e-03 |   4.4778951974346788e-03 | 1
 12,  4 |   4.3116861968175981e-03 |   4.3116861968175981e-03 | 1
 12,  5 |   4.3116861968047959e-03 |   4.3116861968047959e-03 | 1
 12,  6 |   4.3116861968002353e-03 |   4.3116861968002353e-03 | 1
 12,  7 |   4.5857272892323008e-03 |   4.5857272892323008e-03 | 1
 12,  8 |   4.2452477224274717e-03 |   4.2452477224274717e-03 | 1
 12,  9 |   4.3116861968264478e-03 |   4.3116861968264478e-03 | 1
 12, 10 |   4.3116861967951864e-03 |   4.3116861967951864e-03 | 1
 12, 11 |   4.3476366992798374e-03 |   4.3476366992798374e-03 | 1
 12, 12 |   4.3116861968115101e-03 |   4.3116861968115101e-03 | 1
 12, 13 |   4.3116861967847997e-03 |   4.3116861967847997e-03 | 1
 12, 14 |   4.3116861967932877e-03 |   4.3116861967932877e-03 | 1
 12, 15 |   5.0692883822134006e-03 |   5.0692883822134006e-03 | 1
 12, 16 |   4.8566282546429924e-03 |   4.8566282546429924e-03 | 1
 12, 17 |   4.3116861967959306e-03 |   4.3116861967959306e-03 | 1
 12, 18 |   4.3116861968192062e-03 |   4.3116861968192062e-03 | 1
 12, 19 |   4.3116861967821222e-03 |   4.3116861967821222e-03 | 1
 12, 20 |   4.3116861967808272e-03 |   4.3116861967808272e-03 | 1
 12, 21 |   4.3116861967934603e-03 |   4.3116861967934603e-03 | 1
 12, 22 |   4.3116861967974996e-03 |   4.3116861967974996e-03 | 1
 12, 23 |   4.7197406369865400e-03 |   4.7197406369865400e-03 | 1
 12, 24 |   4.3116861968252379e-03 |   4.3116861968252379e-03 | 1
 12, 25 |   4.3116861967992370e-03 |   4.3116861967992370e-03 | 1
 12, 26 |   4.3116861968173032e-03 |   4.3116861968173032e-03 | 1
 12, 27 |   4.7200064094989171e-03 |   4.7200064094989171e-03 | 1
 12, 28 |   4.3116861967938628e-03 |   4.3116861967938628e-03 | 1
 12, 29 |   4.3116861968216982e-03 |   4.3116861968216982e-03 | 1
 12, 30 |   5.2223752492067625e-03 |   5.2223752492067625e-03 | 1
 13,  1 |   4.9369657276382177e-03 |   4.9369657276382177e-03 | 1
 13,  2 |   4.3116861967910898e-03 |   4.3116861967910898e-03 | 1
 13,  3 |   4.4778951974047184e-03 |   4.4778951974047184e-03 | 1
 13,  4 |   4.3116861967908877e-03 |   4.3116861967908877e-03 | 1
 13,  5 |   4.3116861967780855e-03 |   4.3116861967780855e-03 | 1
 13,  6 |   4.3116861967735249e-03 |   4.3116861967735249e-03 | 1
 13,  7 |   4.5857272891992994e-03 |   4.5857272891992994e-03 | 1
 13,  8 |   4.2452477223984160e-03 |   4.2452477223984160e-03 | 1
 13,  9 |   4.3116861967997374e-03 |   4.3116861967997374e-03 | 1
 13, 10 |   4.3116861967684760e-03 |   4.3116861967684760e-03 | 1
 13, 11 |   4.3476366992543543e-03 |   4.3476366992543543e-03 | 1
 13, 12 |   4.3116861967847997e-03 |   4.3116861967847997e-03 | 1
 13, 13 |   4.3116861967580893e-03 |   4.3116861967580893e-03 | 1
 13, 14 |   4.3116861967665773e-03 |   4.3116861967665773e-03 | 1
 13, 15 |   5.0692883821811937e-03 |   5.0692883821811937e-03 | 1
 13, 16 |   4.8566282546081193e-03 |   4.8566282546081193e-03 | 1
 13, 17 |   4.3116861967692202e-03 |   4.3116861967692202e-03 | 1
 13, 18 |   4.3116861967924958e-03 |   4.3116861967924958e-03 | 1
 13, 19 |   4.3116861967554118e-03 |   4.3116861967554118e-03 | 1
 13, 20 |   4.3116861967541168e-03 |   4.3116861967541168e-03 | 1
 13, 21 |   4.3116861967667499e-03 |   4.3116861967667499e-03 | 1
 13, 22 |   4.3116861967707892e-03 |   4.3116861967707892e-03 | 1
 13, 23 |   4.7197406369468738e-03 |   4.7197406369468738e-03 | 1
 13, 24 |   4.3116861967985275e-03 |   4.3116861967985275e-03 | 1
 13, 25 |   4.3116861967725266e-03 |   4.3116861967725266e-03 | 1
 13, 26 |   4.3116861967905928e-03 |   4.3116861967905928e-03 | 1
 13, 27 |   4.7200064094673113e-03 |   4.7200064094673113e-03 | 1
 13, 28 |   4.3116861967671524e-03 |   4.3116861967671524e-03 | 1
 13, 29 |   4.3116861967949878e-03 |   4.3116861967949878e-03 | 1
 13, 30 |   5.2223752491785741e-03 |   5.2223752491785741e-03 | 1
 14,  1 |   4.9369657276499886e-03 |   4.9369657276499886e-03 | 1
 14,  2 |   4.3116861967995778e-03 |   4.3116861967995778e-03 | 1
 14,  3 |   4.4778951974141301e-03 |   4.4778951974141301e-03 | 1
 14,  4 |   4.3116861967993757e-03 |   4.3116861967993757e-03 | 1
 14,  5 |   4.3116861967865735e-03 |   4.3116861967865735e-03 | 1
 14,  6 |   4.3116861967820129e-03 |   4.3116861967820129e-03 | 1
 14,  7 |   4.5857272892095586e-03 |   4.5857272892095586e-03 | 1
 14,  8 |   4.2452477224075129e-03 |   4.2452477224075129e-03 | 1
 14,  9 |   4.3116861968082254e-03 |   4.3116861968082254e-03 | 1
 14, 10 |   4.3116861967769649e-03 |   4.3116861967769649e-03 | 1
 14, 11 |   4.3476366992625248e-03 |   4.3476366992625248e-03 | 1
 14, 12 |   4.3116861967932877e-03 |   4.3116861967932877e-03 | 1
 14, 13 |   4.3116861967665773e-03 |   4.3116861967665773e-03 | 1
 14, 14 |   4.3116861967750653e-03 |   4.3116861967750653e-03 | 1
 14, 15 |   5.0692883821913887e-03 |   5.0692883821913887e-03 | 1
 14, 16 |   4.8566282546189648e-03 |   4.8566282546189648e-03 | 1
 14, 17 |   4.3116861967777082e-03 |   4.3116861967777082e-03 | 1
 14, 18 |   4.3116861968009838e-03 |   4.3116861968009838e-03 | 1
 14, 19 |   4.3116861967638998e-03 |   4.3116861967638998e-03 | 1
 14, 20 |   4.3116861967626048e-03 |   4.3116861967626048e-03 | 1
 14, 21 |   4.3116861967752379e-03 |   4.3116861967752379e-03 | 1
 14, 22 |   4.3116861967792772e-03 |   4.3116861967792772e-03 | 1
 14, 23 |   4.7197406369589631e-03 |   4.7197406369589631e-03 | 1
 14, 24 |   4.3116861968070155e-03 |   4.3116861968070155e-03 | 1
 14, 25 |   4.3116861967810146e-03 |   4.3116861967810146e-03 | 1
 14, 26 |   4.3116861967990808e-03 |   4.3116861967990808e-03 | 1
 14, 27 |   4.7200064094772383e-03 |   4.7200064094772383e-03 | 1
 14, 28 |   4.3116861967756413e-03 |   4.3116861967756413e-03 | 1
 14, 29 |   4.3116861968034758e-03 |   4.3116861968034758e-03 | 1
 14, 30 |   5.2223752491877377e-03 |   5.2223752491877377e-03 | 1
 15,  1 |   5.8249146790670331e-03 |   5.8249146790670331e-03 | 1
 15,  2 |   5.0692883822209059e-03 |   5.0692883822209059e-03 | 1
 15,  3 |   5.3218265651874715e-03 |   5.3218265651874715e-03 | 1
 15,  4 |   5.0692883822205980e-03 |   5.0692883822205980e-03 | 1
 15,  5 |   5.0692883822050852e-03 |   5.0692883822050852e-03 | 1
 15,  6 |   5.0692883821997596e-03 |   5.0692883821997596e-03 | 1
 15,  7 |   5.4919244285616328e-03 |   5.4919244285616328e-03 | 1
 15,  8 |   5.0743648889478507e-03 |   5.0743648889478507e-03 | 1
 15,  9 |   5.0692883822313255e-03 |   5.0692883822313255e-03 | 1
 15, 10 |   5.0692883821936967e-03 |   5.0692883821936967e-03 | 1
 15, 11 |   5.0429789089842282e-03 |   5.0429789089842282e-03 | 1
 15, 12 |   5.0692883822134006e-03 |   5.0692883822134006e-03 | 1
 15, 13 |   5.0692883821811937e-03 |   5.0692883821811937e-03 | 1
 15, 14 |   5.0692883821913887e-03 |   5.0692883821913887e-03 | 1
 15, 15 |   6.2031276012383613e-03 |   6.2031276012383613e-03 | 1
 15, 16 |   5.8313771766834617e-03 |   5.8313771766834617e-03 | 1
 15, 17 |   5.0692883821945771e-03 |   5.0692883821945771e-03 | 1
 15, 18 |   5.0692883822225651e-03 |   5.0692883822225651e-03 | 1
 15, 19 |   5.0692883821777859e-03 |   5.0692883821777859e-03 | 1
 15, 20 |   5.0692883821763261e-03 |   5.0692883821763261e-03 | 1
 15, 21 |   5.0692883821916446e-03 |   5.0692883821916446e-03 | 1
 15, 22 |   5.0692883821964671e-03 |   5.0692883821964671e-03 | 1
 15, 23 |   5.8529761726562254e-03 |   5.8529761726562254e-03 | 1
 15, 24 |   5.0692883822298970e-03 |   5.0692883822298970e-03 | 1
 15, 25 |   5.0692883821985123e-03 |   5.0692883821985123e-03 | 1
 15, 26 |   5.0692883822203716e-03 |   5.0692883822203716e-03 | 1
 15, 27 |   5.7406202510782590e-03 |   5.7406202510782590e-03 | 1
 15, 28 |   5.0692883821919048e-03 |   5.0692883821919048e-03 | 1
 15, 29 |   5.0692883822257527e-03 |   5.0692883822257527e-03 | 1
 15, 30 |   6.2251755324195992e-03 |   6.2251755324195992e-03 | 1
 16,  1 |   5.6829797663939226e-03 |   5.6829797663939226e-03 | 1
 16,  2 |   4.8566282546507345e-03 |   4.8566282546507345e-03 | 1
 16,  3 |   5.1830573818190031e-03 |   5.1830573818190031e-03 | 1
 16,  4 |   4.8566282546500840e-03 |   4.8566282546500840e-03 | 1
 16,  5 |   4.8566282546329224e-03 |   4.8566282546329224e-03 | 1
 16,  6 |   4.8566282546280027e-03 |   4.8566282546280027e-03 | 1
 16,  7 |   5.3036878624685667e-03 |   5.3036878624685667e-03 | 1
 16,  8 |   5.0520758646958389e-03 |   5.0520758646958389e-03 | 1
 16,  9 |   4.8566282546619781e-03 |   4.8566282546619781e-03 | 1
 16, 10 |   4.8566282546215521e-03 |   4.8566282546215521e-03 | 1
 16, 11 |   4.9567490394355433e-03 |   4.9567490394355433e-03 | 1
 16, 12 |   4.8566282546429924e-03 |   4.8566282546429924e-03 | 1
 16, 13 |   4.8566282546081193e-03 |   4.8566282546081193e-03 | 1
 16, 14 |   4.8566282546189648e-03 |   4.8566282546189648e-03 | 1
 16, 15 |   5.8313771766834617e-03 |   5.8313771766834617e-03 | 1
 16, 16 |   5.8389495464047621e-03 |   5.8389495464047621e-03 | 1
 16, 17 |   4.8566282546224273e-03 |   4.8566282546224273e-03 | 1
 16, 18 |   4.8566282546523504e-03 |   4.8566282546523504e-03 | 1
 16, 19 |   4.8566282546035570e-03 |   4.8566282546035570e-03 | 1
 16, 20 |   4.8566282546024702e-03 |   4.8566282546024702e-03 | 1
 16, 21 |   4.8566282546194748e-03 |   4.8566282546194748e-03 | 1
 16, 22 |   4.8566282546244621e-03 |   4.8566282546244621e-03 | 1
 16, 23 |   5.6602566040798909e-03 |   5.6602566040798909e-03 | 1
 16, 24 |   4.8566282546605791e-03 |   4.8566282546605791e-03 | 1
 16, 25 |   4.8566282546264345e-03 |   4.8566282546264345e-03 | 1
 16, 26 |   4.8566282546504691e-03 |   4.8566282546504691e-03 | 1
 16, 27 |   5.4259654244338557e-03 |   5.4259654244338557e-03 | 1
 16, 28 |   4.8566282546186577e-03 |   4.8566282546186577e-03 | 1
 16, 29 |   4.8566282546566968e-03 |   4.8566282546566968e-03 | 1
 16, 30 |   5.8744073038353994e-03 |   5.8744073038353994e-03 | 1
 17,  1 |   4.9369657276537903e-03 |   4.9369657276537903e-03 | 1
 17,  2 |   4.3116861968022207e-03 |   4.3116861968022207e-03 | 1
 17,  3 |   4.4778951974171000e-03 |   4.4778951974171000e-03 | 1
 17,  4 |   4.3116861968020195e-03 |   4.3116861968020195e-03 | 1
 17,  5 |   4.3116861967892163e-03 |   4.3116861967892163e-03 | 1
 17,  6 |   4.3116861967846557e-03 |   4.3116861967846557e-03 | 1
 17,  7 |   4.5857272892128355e-03 |   4.5857272892128355e-03 | 1
 17,  8 |   4.2452477224103960e-03 |   4.2452477224103960e-03 | 1
 17,  9 |   4.3116861968108683e-03 |   4.3116861968108683e-03 | 1
 17, 10 |   4.3116861967796068e-03 |   4.3116861967796068e-03 | 1
 17, 11 |   4.3476366992650419e-03 |   4.3476366992650419e-03 | 1
 17, 12 |   4.3116861967959306e-03 |   4.3116861967959306e-03 | 1
 17, 13 |   4.3116861967692202e-03 |   4.3116861967692202e-03 | 1
 17, 14 |   4.3116861967777082e-03 |   4.3116861967777082e-03 | 1
 17, 15 |   5.0692883821945771e-03 |   5.0692883821945771e-03 | 1
 17, 16 |   4.8566282546224273e-03 |   4.8566282546224273e-03 | 1
 17, 17 |   4.3116861967803510e-03 |   4.3116861967803510e-03 | 1
 17, 18 |   4.3116861968036267e-03 |   4.3116861968036267e-03 | 1
 17, 19 |   4.3116861967665426e-03 |   4.3116861967665426e-03 | 1
 17, 20 |   4.3116861967652477e-03 |   4.3116861967652477e-03 | 1
 17, 21 |   4.3116861967778808e-03 |   4.3116861967778808e-03 | 1
 17, 22 |   4.3116861967819210e-03 |   4.3116861967819210e-03 | 1
 17, 23 |   4.7197406369629148e-03 |   4.7197406369629148e-03 | 1
 17, 24 |   4.3116861968096583e-03 |   4.3116861968096583e-03 | 1
 17, 25 |   4.3116861967836574e-03 |   4.3116861967836574e-03 | 1
 17, 26 |   4.3116861968017237e-03 |   4.3116861968017237e-03 | 1
 17, 27 |   4.7200064094803712e-03 |   4.7200064094803712e-03 | 1
 17, 28 |   4.3116861967782832e-03 |   4.3116861967782832e-03 | 1
 17, 29 |   4.3116861968061186e-03 |   4.3116861968061186e-03 | 1
 17, 30 |   5.2223752491905150e-03 |   5.2223752491905150e-03 | 1
 18,  1 |   4.9369657276863597e-03 |   4.9369657276863597e-03 | 1
 18,  2 |   4.3116861968254963e-03 |   4.3116861968254963e-03 | 1
 18,  3 |   4.4778951974429916e-03 |   4.4778951974429916e-03 | 1
 18,  4 |   4.3116861968252942e-03 |   4.3116861968252942e-03 | 1
 18,  5 |   4.3116861968124920e-03 |   4.3116861968124920e-03 | 1
 18,  6 |   4.3116861968079314e-03 |   4.3116861968079314e-03 | 1
 18,  7 |   4.5857272892411479e-03 |   4.5857272892411479e-03 | 1
 18,  8 |   4.2452477224354454e-03 |   4.2452477224354454e-03 | 1
 18,  9 |   4.3116861968341439e-03 |   4.3116861968341439e-03 | 1
 18, 10 |   4.3116861968028834e-03 |   4.3116861968028834e-03 | 1
 18, 11 |   4.3476366992873886e-03 |   4.3476366992873886e-03 | 1
 18, 12 |   4.3116861968192062e-03 |   4.3116861968192062e-03 | 1
 18, 13 |   4.3116861967924958e-03 |   4.3116861967924958e-03 | 1
 18, 14 |   4.3116861968009838e-03 |   4.3116861968009838e-03 | 1
 18, 15 |   5.0692883822225651e-03 |   5.0692883822225651e-03 | 1
 18, 16 |   4.8566282546523504e-03 |   4.8566282546523504e-03 | 1
 18, 17 |   4.3116861968036267e-03 |   4.3116861968036267e-03 | 1
 18, 18 |   4.3116861968269023e-03 |   4.3116861968269023e-03 | 1
 18, 19 |   4.3116861967898174e-03 |   4.3116861967898174e-03 | 1
 18, 20 |   4.3116861967885233e-03 |   4.3116861967885233e-03 | 1
 18, 21 |   4.3116861968011564e-03 |   4.3116861968011564e-03 | 1
 18, 22 |   4.3116861968051957e-03 |   4.3116861968051957e-03 | 1
 18, 23 |   4.7197406369964634e-03 |   4.7197406369964634e-03 | 1
 18, 24 |   4.3116861968329340e-03 |   4.3116861968329340e-03 | 1
 18, 25 |   4.3116861968069331e-03 |   4.3116861968069331e-03 | 1
 18, 26 |   4.3116861968249993e-03 |   4.3116861968249993e-03 | 1
 18, 27 |   4.7200064095076818e-03 |   4.7200064095076818e-03 | 1
 18, 28 |   4.3116861968015598e-03 |   4.3116861968015598e-03 | 1
 18, 29 |   4.3116861968293943e-03 |   4.3116861968293943e-03 | 1
 18, 30 |   5.2223752492154864e-03 |   5.2223752492154864e-03 | 1
 19,  1 |   4.9369657276326804e-03 |   4.9369657276326804e-03 | 1
 19,  2 |   4.3116861967884123e-03 |   4.3116861967884123e-03 | 1
 19,  3 |   4.4778951974012212e-03 |   4.4778951974012212e-03 | 1
 19,  4 |   4.3116861967882102e-03 |   4.3116861967882102e-03 | 1
 19,  5 |   4.3116861967754079e-03 |   4.3116861967754079e-03 | 1
 19,  6 |   4.3116861967708474e-03 |   4.3116861967708474e-03 | 1
 19,  7 |   4.5857272891949661e-03 |   4.5857272891949661e-03 | 1
 19,  8 |   4.2452477223948902e-03 |   4.2452477223948902e-03 | 1
 19,  9 |   4.3116861967970599e-03 |   4.3116861967970599e-03 | 1
 19, 10 |   4.3116861967657984e-03 |   4.3116861967657984e-03 | 1
 19, 11 |   4.3476366992521234e-03 |   4.3476366992521234e-03 | 1
 19, 12 |   4.3116861967821222e-03 |   4.3116861967821222e-03 | 1
 19, 13 |   4.3116861967554118e-03 |   4.3116861967554118e-03 | 1
 19, 14 |   4.3116861967638998e-03 |   4.3116861967638998e-03 | 1
 19, 15 |   5.0692883821777859e-03 |   5.0692883821777859e-03 | 1
 19, 16 |   4.8566282546035570e-03 |   4.8566282546035570e-03 | 1
 19, 17 |   4.3116861967665426e-03 |   4.3116861967665426e-03 | 1
 19, 18 |   4.3116861967898174e-03 |   4.3116861967898174e-03 | 1
 19, 19 |   4.3116861967527342e-03 |   4.3116861967527342e-03 | 1
 19, 20 |   4.3116861967514401e-03 |   4.3116861967514401e-03 | 1
 19, 21 |   4.3116861967640724e-03 |   4.3116861967640724e-03 | 1
 19, 22 |   4.3116861967681117e-03 |   4.3116861967681117e-03 | 1
 19, 23 |   4.7197406369405732e-03 |   4.7197406369405732e-03 | 1
 19, 24 |   4.3116861967958491e-03 |   4.3116861967958491e-03 | 1
 19, 25 |   4.3116861967698490e-03 |   4.3116861967698490e-03 | 1
 19, 26 |   4.3116861967879153e-03 |   4.3116861967879153e-03 | 1
 19, 27 |   4.7200064094636163e-03 |   4.7200064094636163e-03 | 1
 19, 28 |   4.3116861967644748e-03 |   4.3116861967644748e-03 | 1
 19, 29 |   4.3116861967923102e-03 |   4.3116861967923102e-03 | 1
 19, 30 |   5.2223752491766763e-03 |   5.2223752491766763e-03 | 1
 20,  1 |   4.9369657276317914e-03 |   4.9369657276317914e-03 | 1
 20,  2 |   4.3116861967871173e-03 |   4.3116861967871173e-03 | 1
 20,  3 |   4.4778951974000485e-03 |   4.4778951974000485e-03 | 1
 20,  4 |   4.3116861967869152e-03 |   4.3116861967869152e-03 | 1
 20,  5 |   4.3116861967741130e-03 |   4.3116861967741130e-03 | 1
 20,  6 |   4.3116861967695524e-03 |   4.3116861967695524e-03 | 1
 20,  7 |   4.5857272891939461e-03 |   4.5857272891939461e-03 | 1
 20,  8 |   4.2452477223938294e-03 |   4.2452477223938294e-03 | 1
 20,  9 |   4.3116861967957649e-03 |   4.3116861967957649e-03 | 1
 20, 10 |   4.3116861967645043e-03 |   4.3116861967645043e-03 | 1
 20, 11 |   4.3476366992507053e-03 |   4.3476366992507053e-03 | 1
 20, 12 |   4.3116861967808272e-03 |   4.3116861967808272e-03 | 1
 20, 13 |   4.3116861967541168e-03 |   4.3116861967541168e-03 | 1
 20, 14 |   4.3116861967626048e-03 |   4.3116861967626048e-03 | 1
 20, 15 |   5.0692883821763261e-03 |   5.0692883821763261e-03 | 1
 20, 16 |   4.8566282546024702e-03 |   4.8566282546024702e-03 | 1
 20, 17 |   4.3116861967652477e-03 |   4.3116861967652477e-03 | 1
 20, 18 |   4.3116861967885233e-03 |   4.3116861967885233e-03 | 1
 20, 19 |   4.3116861967514401e-03 |   4.3116861967514401e-03 | 1
 20, 20 |   4.3116861967501452e-03 |   4.3116861967501452e-03 | 1
 20, 21 |   4.3116861967627774e-03 |   4.3116861967627774e-03 | 1
 20, 22 |   4.3116861967668167e-03 |   4.3116861967668167e-03 | 1
 20, 23 |   4.7197406369399652e-03 |   4.7197406369399652e-03 | 1
 20, 24 |   4.3116861967945549e-03 |   4.3116861967945549e-03 | 1
 20, 25 |   4.3116861967685549e-03 |   4.3116861967685549e-03 | 1
 20, 26 |   4.3116861967866203e-03 |   4.3116861967866203e-03 | 1
 20, 27 |   4.7200064094623821e-03 |   4.7200064094623821e-03 | 1
 20, 28 |   4.3116861967631807e-03 |   4.3116861967631807e-03 | 1
 20, 29 |   4.3116861967910152e-03 |   4.3116861967910152e-03 | 1
 20, 30 |   5.2223752491747846e-03 |   5.2223752491747846e-03 | 1
 21,  1 |   4.9369657276506895e-03 |   4.9369657276506895e-03 | 1
 21,  2 |   4.3116861967997504e-03 |   4.3116861967997504e-03 | 1
 21,  3 |   4.4778951974144554e-03 |   4.4778951974144554e-03 | 1
 21,  4 |   4.3116861967995492e-03 |   4.3116861967995492e-03 | 1
 21,  5 |   4.3116861967867461e-03 |   4.3116861967867461e-03 | 1
 21,  6 |   4.3116861967821855e-03 |   4.3116861967821855e-03 | 1
 21,  7 |   4.5857272892100460e-03 |   4.5857272892100460e-03 | 1
 21,  8 |   4.2452477224078650e-03 |   4.2452477224078650e-03 | 1
 21,  9 |   4.3116861968083980e-03 |   4.3116861968083980e-03 | 1
 21, 10 |   4.3116861967771366e-03 |   4.3116861967771366e-03 | 1
 21, 11 |   4.3476366992626029e-03 |   4.3476366992626029e-03 | 1
 21, 12 |   4.3116861967934603e-03 |   4.3116861967934603e-03 | 1
 21, 13 |   4.3116861967667499e-03 |   4.3116861967667499e-03 | 1
 21, 14 |   4.3116861967752379e-03 |   4.3116861967752379e-03 | 1
 21, 15 |   5.0692883821916446e-03 |   5.0692883821916446e-03 | 1
 21, 16 |   4.8566282546194748e-03 |   4.8566282546194748e-03 | 1
 21, 17 |   4.3116861967778808e-03 |   4.3116861967778808e-03 | 1
 21, 18 |   4.3116861968011564e-03 |   4.3116861968011564e-03 | 1
 21, 19 |   4.3116861967640724e-03 |   4.3116861967640724e-03 | 1
 21, 20 |   4.3116861967627774e-03 |   4.3116861967627774e-03 | 1
 21, 21 |   4.3116861967754105e-03 |   4.3116861967754105e-03 | 1
 21, 22 |   4.3116861967794498e-03 |   4.3116861967794498e-03 | 1
 21, 23 |   4.7197406369598391e-03 |   4.7197406369598391e-03 | 1
 21, 24 |   4.3116861968071881e-03 |   4.3116861968071881e-03 | 1
 21, 25 |   4.3116861967811872e-03 |   4.3116861967811872e-03 | 1
 21, 26 |   4.3116861967992534e-03 |   4.3116861967992534e-03 | 1
 21, 27 |   4.7200064094775826e-03 |   4.7200064094775826e-03 | 1
 21, 28 |   4.3116861967758130e-03 |   4.3116861967758130e-03 | 1
 21, 29 |   4.3116861968036484e-03 |   4.3116861968036484e-03 | 1
 21, 30 |   5.2223752491876718e-03 |   5.2223752491876718e-03 | 1
 22,  1 |   4.9369657276560133e-03 |   4.9369657276560133e-03 | 1
 22,  2 |   4.3116861968037906e-03 |   4.3116861968037906e-03 | 1
 22,  3 |   4.4778951974188529e-03 |   4.4778951974188529e-03 | 1
 22,  4 |   4.3116861968035885e-03 |   4.3116861968035885e-03 | 1
 22,  5 |   4.3116861967907854e-03 |   4.3116861967907854e-03 | 1
 22,  6 |   4.3116861967862248e-03 |   4.3116861967862248e-03 | 1
 22,  7 |   4.5857272892147610e-03 |   4.5857272892147610e-03 | 1
 22,  8 |   4.2452477224120943e-03 |   4.2452477224120943e-03 | 1
 22,  9 |   4.3116861968124373e-03 |   4.3116861968124373e-03 | 1
 22, 10 |   4.3116861967811768e-03 |   4.3116861967811768e-03 | 1
 22, 11 |   4.3476366992665442e-03 |   4.3476366992665442e-03 | 1
 22, 12 |   4.3116861967974996e-03 |   4.3116861967974996e-03 | 1
 22, 13 |   4.3116861967707892e-03 |   4.3116861967707892e-03 | 1
 22, 14 |   4.3116861967792772e-03 |   4.3116861967792772e-03 | 1
 22, 15 |   5.0692883821964671e-03 |   5.0692883821964671e-03 | 1
 22, 16 |   4.8566282546244621e-03 |   4.8566282546244621e-03 | 1
 22, 17 |   4.3116861967819210e-03 |   4.3116861967819210e-03 | 1
 22, 18 |   4.3116861968051957e-03 |   4.3116861968051957e-03 | 1
 22, 19 |   4.3116861967681117e-03 |   4.3116861967681117e-03 | 1
 22, 20 |   4.3116861967668167e-03 |   4.3116861967668167e-03 | 1
 22, 21 |   4.3116861967794498e-03 |   4.3116861967794498e-03 | 1
 22, 22 |   4.3116861967834900e-03 |   4.3116861967834900e-03 | 1
 22, 23 |   4.7197406369652124e-03 |   4.7197406369652124e-03 | 1
 22, 24 |   4.3116861968112274e-03 |   4.3116861968112274e-03 | 1
 22, 25 |   4.3116861967852273e-03 |   4.3116861967852273e-03 | 1
 22, 26 |   4.3116861968032928e-03 |   4.3116861968032928e-03 | 1
 22, 27 |   4.7200064094822212e-03 |   4.7200064094822212e-03 | 1
 22, 28 |   4.3116861967798532e-03 |   4.3116861967798532e-03 | 1
 22, 29 |   4.3116861968076885e-03 |   4.3116861968076885e-03 | 1
 22, 30 |   5.2223752491921856e-03 |   5.2223752491921856e-03 | 1
 23,  1 |   5.6700413929527127e-03 |   5.6700413929527127e-03 | 1
 23,  2 |   4.7197406369948553e-03 |   4.7197406369948553e-03 | 1
 23,  3 |   5.1592252810521867e-03 |   5.1592252810521867e-03 | 1
 23,  4 |   4.7197406369937113e-03 |   4.7197406369937113e-03 | 1
 23,  5 |   4.7197406369737255e-03 |   4.7197406369737255e-03 | 1
 23,  6 |   4.7197406369692066e-03 |   4.7197406369692066e-03 | 1
 23,  7 |   5.3905589017639562e-03 |   5.3905589017639562e-03 | 1
 23,  8 |   5.0545436386339468e-03 |   5.0545436386339468e-03 | 1
 23,  9 |   4.7197406370075943e-03 |   4.7197406370075943e-03 | 1
 23, 10 |   4.7197406369620179e-03 |   4.7197406369620179e-03 | 1
 23, 11 |   4.9254181905024584e-03 |   4.9254181905024584e-03 | 1
 23, 12 |   4.7197406369865400e-03 |   4.7197406369865400e-03 | 1
 23, 13 |   4.7197406369468738e-03 |   4.7197406369468738e-03 | 1
 23, 14 |   4.7197406369589631e-03 |   4.7197406369589631e-03 | 1
 23, 15 |   5.8529761726562254e-03 |   5.8529761726562254e-03 | 1
 23, 16 |   5.6602566040798909e-03 |   5.6602566040798909e-03 | 1
 23, 17 |   4.7197406369629148e-03 |   4.7197406369629148e-03 | 1
 23, 18 |   4.7197406369964634e-03 |   4.7197406369964634e-03 | 1
 23, 19 |   4.7197406369405732e-03 |   4.7197406369405732e-03 | 1
 23, 20 |   4.7197406369399652e-03 |   4.7197406369399652e-03 | 1
 23, 21 |   4.7197406369598391e-03 |   4.7197406369598391e-03 | 1
 23, 22 |   4.7197406369652124e-03 |   4.7197406369652124e-03 | 1
 23, 23 |   6.2489231268684159e-03 |   6.2489231268684159e-03 | 1
 23, 24 |   4.7197406370061926e-03 |   4.7197406370061926e-03 | 1
 23, 25 |   4.7197406369671492e-03 |   4.7197406369671492e-03 | 1
 23, 26 |   4.7197406369949516e-03 |   4.7197406369949516e-03 | 1
 23, 27 |   5.5857050984258307e-03 |   5.5857050984258307e-03 | 1
 23, 28 |   4.7197406369575128e-03 |   4.7197406369575128e-03 | 1
 23, 29 |   4.7197406370025436e-03 |   4.7197406370025436e-03 | 1
 23, 30 |   6.2645546338262973e-03 |   6.2645546338262973e-03 | 1
 24,  1 |   4.9369657276955589e-03 |   4.9369657276955589e-03 | 1
 24,  2 |   4.3116861968315280e-03 |   4.3116861968315280e-03 | 1
 24,  3 |   4.4778951974499210e-03 |   4.4778951974499210e-03 | 1
 24,  4 |   4.3116861968313259e-03 |   4.3116861968313259e-03 | 1
 24,  5 |   4.3116861968185236e-03 |   4.3116861968185236e-03 | 1
 24,  6 |   4.3116861968139630e-03 |   4.3116861968139630e-03 | 1
 24,  7 |   4.5857272892489394e-03 |   4.5857272892489394e-03 | 1
 24,  8 |   4.2452477224422100e-03 |   4.2452477224422100e-03 | 1
 24,  9 |   4.3116861968401756e-03 |   4.3116861968401756e-03 | 1
 24, 10 |   4.3116861968089141e-03 |   4.3116861968089141e-03 | 1
 24, 11 |   4.3476366992930351e-03 |   4.3476366992930351e-03 | 1
 24, 12 |   4.3116861968252379e-03 |   4.3116861968252379e-03 | 1
 24, 13 |   4.3116861967985275e-03 |   4.3116861967985275e-03 | 1
 24, 14 |   4.3116861968070155e-03 |   4.3116861968070155e-03 | 1
 24, 15 |   5.0692883822298970e-03 |   5.0692883822298970e-03 | 1
 24, 16 |   4.8566282546605791e-03 |   4.8566282546605791e-03 | 1
 24, 17 |   4.3116861968096583e-03 |   4.3116861968096583e-03 | 1
 24, 18 |   4.3116861968329340e-03 |   4.3116861968329340e-03 | 1
 24, 19 |   4.3116861967958491e-03 |   4.3116861967958491e-03 | 1
 24, 20 |   4.3116861967945549e-03 |   4.3116861967945549e-03 | 1
 24, 21 |   4.3116861968071881e-03 |   4.3116861968071881e-03 | 1
 24, 22 |   4.3116861968112274e-03 |   4.3116861968112274e-03 | 1
 24, 23 |   4.7197406370061926e-03 |   4.7197406370061926e-03 | 1
 24, 24 |   4.3116861968389656e-03 |   4.3116861968389656e-03 | 1
 24, 25 |   4.3116861968129647e-03 |   4.3116861968129647e-03 | 1
 24, 26 |   4.3116861968310310e-03 |   4.3116861968310310e-03 | 1
 24, 27 |   4.7200064095149936e-03 |   4.7200064095149936e-03 | 1
 24, 28 |   4.3116861968075905e-03 |   4.3116861968075905e-03 | 1
 24, 29 |   4.3116861968354259e-03 |   4.3116861968354259e-03 | 1
 24, 30 |   5.2223752492215423e-03 |   5.2223752492215423e-03 | 1
 25,  1 |   4.9369657276580273e-03 |   4.9369657276580273e-03 | 1
 25,  2 |   4.3116861968055271e-03 |   4.3116861968055271e-03 | 1
 25,  3 |   4.4778951974206649e-03 |   4.4778951974206649e-03 | 1
 25,  4 |   4.3116861968053250e-03 |   4.3116861968053250e-03 | 1
 25,  5 |   4.3116861967925227e-03 |   4.3116861967925227e-03 | 1
 25,  6 |   4.3116861967879621e-03 |   4.3116861967879621e-03 | 1
 25,  7 |   4.5857272892166241e-03 |   4.5857272892166241e-03 | 1
 25,  8 |   4.2452477224138134e-03 |   4.2452477224138134e-03 | 1
 25,  9 |   4.3116861968141747e-03 |   4.3116861968141747e-03 | 1
 25, 10 |   4.3116861967829132e-03 |   4.3116861967829132e-03 | 1
 25, 11 |   4.3476366992682902e-03 |   4.3476366992682902e-03 | 1
 25, 12 |   4.3116861967992370e-03 |   4.3116861967992370e-03 | 1
 25, 13 |   4.3116861967725266e-03 |   4.3116861967725266e-03 | 1
 25, 14 |   4.3116861967810146e-03 |   4.3116861967810146e-03 | 1
 25, 15 |   5.0692883821985123e-03 |   5.0692883821985123e-03 | 1
 25, 16 |   4.8566282546264345e-03 |   4.8566282546264345e-03 | 1
 25, 17 |   4.3116861967836574e-03 |   4.3116861967836574e-03 | 1
 25, 18 |   4.3116861968069331e-03 |   4.3116861968069331e-03 | 1
 25, 19 |   4.3116861967698490e-03 |   4.3116861967698490e-03 | 1
 25, 20 |   4.3116861967685549e-03 |   4.3116861967685549e-03 | 1
 25, 21 |   4.3116861967811872e-03 |   4.3116861967811872e-03 | 1
 25, 22 |   4.3116861967852273e-03 |   4.3116861967852273e-03 | 1
 25, 23 |   4.7197406369671492e-03 |   4.7197406369671492e-03 | 1
 25, 24 |   4.3116861968129647e-03 |   4.3116861968129647e-03 | 1
 25, 25 |   4.3116861967869638e-03 |   4.3116861967869638e-03 | 1
 25, 26 |   4.3116861968050301e-03 |   4.3116861968050301e-03 | 1
 25, 27 |   4.7200064094841303e-03 |   4.7200064094841303e-03 | 1
 25, 28 |   4.3116861967815905e-03 |   4.3116861967815905e-03 | 1
 25, 29 |   4.3116861968094250e-03 |   4.3116861968094250e-03 | 1
 25, 30 |   5.2223752491942759e-03 |   5.2223752491942759e-03 | 1
 26,  1 |   4.9369657276845998e-03 |   4.9369657276845998e-03 | 1
 26,  2 |   4.3116861968235934e-03 |   4.3116861968235934e-03 | 1
 26,  3 |   4.4778951974411363e-03 |   4.4778951974411363e-03 | 1
 26,  4 |   4.3116861968233913e-03 |   4.3116861968233913e-03 | 1
 26,  5 |   4.3116861968105890e-03 |   4.3116861968105890e-03 | 1
 26,  6 |   4.3116861968060284e-03 |   4.3116861968060284e-03 | 1
 26,  7 |   4.5857272892393750e-03 |   4.5857272892393750e-03 | 1
 26,  8 |   4.2452477224337228e-03 |   4.2452477224337228e-03 | 1
 26,  9 |   4.3116861968322409e-03 |   4.3116861968322409e-03 | 1
 26, 10 |   4.3116861968009795e-03 |   4.3116861968009795e-03 | 1
 26, 11 |   4.3476366992853902e-03 |   4.3476366992853902e-03 | 1
 26, 12 |   4.3116861968173032e-03 |   4.3116861968173032e-03 | 1
 26, 13 |   4.3116861967905928e-03 |   4.3116861967905928e-03 | 1
 26, 14 |   4.3116861967990808e-03 |   4.3116861967990808e-03 | 1
 26, 15 |   5.0692883822203716e-03 |   5.0692883822203716e-03 | 1
 26, 16 |   4.8566282546504691e-03 |   4.8566282546504691e-03 | 1
 26, 17 |   4.3116861968017237e-03 |   4.3116861968017237e-03 | 1
 26, 18 |   4.3116861968249993e-03 |   4.3116861968249993e-03 | 1
 26, 19 |   4.3116861967879153e-03 |   4.3116861967879153e-03 | 1
 26, 20 |   4.3116861967866203e-03 |   4.3116861967866203e-03 | 1
 26, 21 |   4.3116861967992534e-03 |   4.3116861967992534e-03 | 1
 26, 22 |   4.3116861968032928e-03 |   4.3116861968032928e-03 | 1
 26, 23 |   4.7197406369949516e-03 |   4.7197406369949516e-03 | 1
 26, 24 |   4.3116861968310310e-03 |   4.3116861968310310e-03 | 1
 26, 25 |   4.3116861968050301e-03 |   4.3116861968050301e-03 | 1
 26, 26 |   4.3116861968230964e-03 |   4.3116861968230964e-03 | 1
 26, 27 |   4.7200064095057285e-03 |   4.7200064095057285e-03 | 1
 26, 28 |   4.3116861967996559e-03 |   4.3116861967996559e-03 | 1
 26, 29 |   4.3116861968274913e-03 |   4.3116861968274913e-03 | 1
 26, 30 |   5.2223752492129528e-03 |   5.2223752492129528e-03 | 1
 27,  1 |   5.4648044351711909e-03 |   5.4648044351711909e-03 | 1
 27,  2 |   4.7200064095061275e-03 |   4.7200064095061275e-03 | 1
 27,  3 |   5.0489029300485617e-03 |   5.0489029300485617e-03 | 1
 27,  4 |   4.7200064095056964e-03 |   4.7200064095056964e-03 | 1
 27,  5 |   4.7200064094903276e-03 |   4.7200064094903276e-03 | 1
 27,  6 |   4.7200064094854426e-03 |   4.7200064094854426e-03 | 1
 27,  7 |   5.2301216074676889e-03 |   5.2301216074676889e-03 | 1
 27,  8 |   5.1641059540086234e-03 |   5.1641059540086234e-03 | 1
 27,  9 |   4.7200064095163363e-03 |   4.7200064095163363e-03 | 1
 27, 10 |   4.7200064094795385e-03 |   4.7200064094795385e-03 | 1
 27, 11 |   4.8650700540220134e-03 |   4.8650700540220134e-03 | 1
 27, 12 |   4.7200064094989171e-03 |   4.7200064094989171e-03 | 1
 27, 13 |   4.7200064094673113e-03 |   4.7200064094673113e-03 | 1
 27, 14 |   4.7200064094772383e-03 |   4.7200064094772383e-03 | 1
 27, 15 |   5.7406202510782590e-03 |   5.7406202510782590e-03 | 1
 27, 16 |   5.4259654244338557e-03 |   5.4259654244338557e-03 | 1
 27, 17 |   4.7200064094803712e-03 |   4.7200064094803712e-03 | 1
 27, 18 |   4.7200064095076818e-03 |   4.7200064095076818e-03 | 1
 27, 19 |   4.7200064094636163e-03 |   4.7200064094636163e-03 | 1
 27, 20 |   4.7200064094623821e-03 |   4.7200064094623821e-03 | 1
 27, 21 |   4.7200064094775826e-03 |   4.7200064094775826e-03 | 1
 27, 22 |   4.7200064094822212e-03 |   4.7200064094822212e-03 | 1
 27, 23 |   5.5857050984258307e-03 |   5.5857050984258307e-03 | 1
 27, 24 |   4.7200064095149936e-03 |   4.7200064095149936e-03 | 1
 27, 25 |   4.7200064094841303e-03 |   4.7200064094841303e-03 | 1
 27, 26 |   4.7200064095057285e-03 |   4.7200064095057285e-03 | 1
 27, 27 |   5.6585628443377384e-03 |   5.6585628443377384e-03 | 1
 27, 28 |   4.7200064094773961e-03 |   4.7200064094773961e-03 | 1
 27, 29 |   4.7200064095111703e-03 |   4.7200064095111703e-03 | 1
 27, 30 |   6.1405781567023983e-03 |   6.1405781567023983e-03 | 1
 28,  1 |   4.9369657276491213e-03 |   4.9369657276491213e-03 | 1
 28,  2 |   4.3116861968001529e-03 |   4.3116861968001529e-03 | 1
 28,  3 |   4.4778951974142845e-03 |   4.4778951974142845e-03 | 1
 28,  4 |   4.3116861967999517e-03 |   4.3116861967999517e-03 | 1
 28,  5 |   4.3116861967871494e-03 |   4.3116861967871494e-03 | 1
 28,  6 |   4.3116861967825888e-03 |   4.3116861967825888e-03 | 1
 28,  7 |   4.5857272892092541e-03 |   4.5857272892092541e-03 | 1
 28,  8 |   4.2452477224075302e-03 |   4.2452477224075302e-03 | 1
 28,  9 |   4.3116861968088005e-03 |   4.3116861968088005e-03 | 1
 28, 10 |   4.3116861967775399e-03 |   4.3116861967775399e-03 | 1
 28, 11 |   4.3476366992633939e-03 |   4.3476366992633939e-03 | 1
 28, 12 |   4.3116861967938628e-03 |   4.3116861967938628e-03 | 1
 28, 13 |   4.3116861967671524e-03 |   4.3116861967671524e-03 | 1
 28, 14 |   4.3116861967756413e-03 |   4.3116861967756413e-03 | 1
 28, 15 |   5.0692883821919048e-03 |   5.0692883821919048e-03 | 1
 28, 16 |   4.8566282546186577e-03 |   4.8566282546186577e-03 | 1
 28, 17 |   4.3116861967782832e-03 |   4.3116861967782832e-03 | 1
 28, 18 |   4.3116861968015598e-03 |   4.3116861968015598e-03 | 1
 28, 19 |   4.3116861967644748e-03 |   4.3116861967644748e-03 | 1
 28, 20 |   4.3116861967631807e-03 |   4.3116861967631807e-03 | 1
 28, 21 |   4.3116861967758130e-03 |   4.3116861967758130e-03 | 1
 28, 22 |   4.3116861967798532e-03 |   4.3116861967798532e-03 | 1
 28, 23 |   4.7197406369575128e-03 |   4.7197406369575128e-03 | 1
 28, 24 |   4.3116861968075905e-03 |   4.3116861968075905e-03 | 1
 28, 25 |   4.3116861967815905e-03 |   4.3116861967815905e-03 | 1
 28, 26 |   4.3116861967996559e-03 |   4.3116861967996559e-03 | 1
 28, 27 |   4.7200064094773961e-03 |   4.7200064094773961e-03 | 1
 28, 28 |   4.3116861967762163e-03 |   4.3116861967762163e-03 | 1
 28, 29 |   4.3116861968040508e-03 |   4.3116861968040508e-03 | 1
 28, 30 |   5.2223752491892652e-03 |   5.2223752491892652e-03 | 1
 29,  1 |   4.9369657276916714e-03 |   4.9369657276916714e-03 | 1
 29,  2 |   4.3116861968279883e-03 |   4.3116861968279883e-03 | 1
 29,  3 |   4.4778951974462928e-03 |   4.4778951974462928e-03 | 1
 29,  4 |   4.3116861968277870e-03 |   4.3116861968277870e-03 | 1
 29,  5 |   4.3116861968149839e-03 |   4.3116861968149839e-03 | 1
 29,  6 |   4.3116861968104233e-03 |   4.3116861968104233e-03 | 1
 29,  7 |   4.5857272892452748e-03 |   4.5857272892452748e-03 | 1
 29,  8 |   4.2452477224387847e-03 |   4.2452477224387847e-03 | 1
 29,  9 |   4.3116861968366359e-03 |   4.3116861968366359e-03 | 1
 29, 10 |   4.3116861968053744e-03 |   4.3116861968053744e-03 | 1
 29, 11 |   4.3476366992894356e-03 |   4.3476366992894356e-03 | 1
 29, 12 |   4.3116861968216982e-03 |   4.3116861968216982e-03 | 1
 29, 13 |   4.3116861967949878e-03 |   4.3116861967949878e-03 | 1
 29, 14 |   4.3116861968034758e-03 |   4.3116861968034758e-03 | 1
 29, 15 |   5.0692883822257527e-03 |   5.0692883822257527e-03 | 1
 29, 16 |   4.8566282546566968e-03 |   4.8566282546566968e-03 | 1
 29, 17 |   4.3116861968061186e-03 |   4.3116861968061186e-03 | 1
 29, 18 |   4.3116861968293943e-03 |   4.3116861968293943e-03 | 1
 29, 19 |   4.3116861967923102e-03 |   4.3116861967923102e-03 | 1
 29, 20 |   4.3116861967910152e-03 |   4.3116861967910152e-03 | 1
 29, 21 |   4.3116861968036484e-03 |   4.3116861968036484e-03 | 1
 29, 22 |   4.3116861968076885e-03 |   4.3116861968076885e-03 | 1
 29, 23 |   4.7197406370025436e-03 |   4.7197406370025436e-03 | 1
 29, 24 |   4.3116861968354259e-03 |   4.3116861968354259e-03 | 1
 29, 25 |   4.3116861968094250e-03 |   4.3116861968094250e-03 | 1
 29, 26 |   4.3116861968274913e-03 |   4.3116861968274913e-03 | 1
 29, 27 |   4.7200064095111703e-03 |   4.7200064095111703e-03 | 1
 29, 28 |   4.3116861968040508e-03 |   4.3116861968040508e-03 | 1
 29, 29 |   4.3116861968318862e-03 |   4.3116861968318862e-03 | 1
 29, 30 |   5.2223752492171656e-03 |   5.2223752492171656e-03 | 1
 30,  1 |   5.8735763445758246e-03 |   5.8735763445758246e-03 | 1
 30,  2 |   5.2223752492138106e-03 |   5.2223752492138106e-03 | 1
 30,  3 |   5.7883835609408305e-03 |   5.7883835609408305e-03 | 1
 30,  4 |   5.2223752492139338e-03 |   5.2223752492139338e-03 | 1
 30,  5 |   5.2223752492008124e-03 |   5.2223752492008124e-03 | 1
 30,  6 |   5.2223752491950990e-03 |   5.2223752491950990e-03 | 1
 30,  7 |   5.6893590462941427e-03 |   5.6893590462941427e-03 | 1
 30,  8 |   5.3793038257141795e-03 |   5.3793038257141795e-03 | 1
 30,  9 |   5.2223752492229769e-03 |   5.2223752492229769e-03 | 1
 30, 10 |   5.2223752491896477e-03 |   5.2223752491896477e-03 | 1
 30, 11 |   5.3916654639303251e-03 |   5.3916654639303251e-03 | 1
 30, 12 |   5.2223752492067625e-03 |   5.2223752492067625e-03 | 1
 30, 13 |   5.2223752491785741e-03 |   5.2223752491785741e-03 | 1
 30, 14 |   5.2223752491877377e-03 |   5.2223752491877377e-03 | 1
 30, 15 |   6.2251755324195992e-03 |   6.2251755324195992e-03 | 1
 30, 16 |   5.8744073038353994e-03 |   5.8744073038353994e-03 | 1
 30, 17 |   5.2223752491905150e-03 |   5.2223752491905150e-03 | 1
 30, 18 |   5.2223752492154864e-03 |   5.2223752492154864e-03 | 1
 30, 19 |   5.2223752491766763e-03 |   5.2223752491766763e-03 | 1
 30, 20 |   5.2223752491747846e-03 |   5.2223752491747846e-03 | 1
 30, 21 |   5.2223752491876718e-03 |   5.2223752491876718e-03 | 1
 30, 22 |   5.2223752491921856e-03 |   5.2223752491921856e-03 | 1
 30, 23 |   6.2645546338262973e-03 |   6.2645546338262973e-03 | 1
 30, 24 |   5.2223752492215423e-03 |   5.2223752492215423e-03 | 1
 30, 25 |   5.2223752491942759e-03 |   5.2223752491942759e-03 | 1
 30, 26 |   5.2223752492129528e-03 |   5.2223752492129528e-03 | 1
 30, 27 |   6.1405781567023983e-03 |   6.1405781567023983e-03 | 1
 30, 28 |   5.2223752491892652e-03 |   5.2223752491892652e-03 | 1
 30, 29 |   5.2223752492171656e-03 |   5.2223752492171656e-03 | 1
 30, 30 |   8.6000408679362296e-03 |   8.6000408679362296e-03 | 1
