row,col | V_base                   | V_new                    | equal
  1,  1 |   7.8608991080540876e-04 |   7.8608991080540876e-04 | 1
  1,  2 |   7.3039867192326849e-04 |   7.3039867192326849e-04 | 1
  1,  3 |   7.1638712972876893e-04 |   7.1638712972876893e-04 | 1
  1,  4 |   7.4821652939700801e-04 |   7.4821652939700801e-04 | 1
  1,  5 |   3.6350221473460411e-03 |   3.6350221473460411e-03 | 1
  1,  6 |   8.7617862570080998e-04 |   8.7617862570080998e-04 | 1
  1,  7 |   8.4392571517513204e-04 |   8.4392571517513204e-04 | 1
  1,  8 |   6.9473847994019748e-04 |   6.9473847994019748e-04 | 1
  1,  9 |   6.3293429011321821e-04 |   6.3293429011321821e-04 | 1
  1, 10 |   1.0453608984176473e-03 |   1.0453608984176473e-03 | 1
  1, 11 |   6.5580400018713325e-04 |   6.5580400018713325e-04 | 1
  1, 12 |   8.9010528425987343e-04 |   8.9010528425987343e-04 | 1
  2,  1 |   7.3039867192326849e-04 |   7.3039867192326849e-04 | 1
  2,  2 |   1.2886566538733257e-03 |   1.2886566538733257e-03 | 1
  2,  3 |   1.1726019728401445e-03 |   1.1726019728401445e-03 | 1
  2,  4 |   8.2625558739246661e-04 |   8.2625558739246661e-04 | 1
  2,  5 |  -1.2896798006390418e-04 |  -1.2896798006390418e-04 | 1
  2,  6 |  -4.3008454799092934e-04 |  -4.3008454799092934e-04 | 1
  2,  7 |   1.5018703476997393e-04 |   1.5018703476997393e-04 | 1
  2,  8 |   6.1536513896408480e-04 |   6.1536513896408480e-04 | 1
  2,  9 |   2.0227757290951888e-03 |   2.0227757290951888e-03 | 1
  2, 10 |   3.8372164080986435e-03 |   3.8372164080986435e-03 | 1
  2, 11 |   2.0623211968219240e-03 |   2.0623211968219240e-03 | 1
  2, 12 |   8.5941853841732855e-04 |   8.5941853841732855e-04 | 1
  3,  1 |   7.1638712972876893e-04 |   7.1638712972876893e-04 | 1
  3,  2 |   1.1726019728401445e-03 |   1.1726019728401445e-03 | 1
  3,  3 |   1.0974459967754554e-03 |   1.0974459967754554e-03 | 1
  3,  4 |   7.8200323189000869e-04 |   7.8200323189000869e-04 | 1
  3,  5 |   6.3661089557236748e-04 |   6.3661089557236748e-04 | 1
  3,  6 |  -4.5123284591901971e-04 |  -4.5123284591901971e-04 | 1
  3,  7 |   2.4612865992474687e-04 |   2.4612865992474687e-04 | 1
  3,  8 |   6.0142390438868007e-04 |   6.0142390438868007e-04 | 1
  3,  9 |   1.7920688398288601e-03 |   1.7920688398288601e-03 | 1
  3, 10 |   3.4028055824378350e-03 |   3.4028055824378350e-03 | 1
  3, 11 |   1.8407755243969623e-03 |   1.8407755243969623e-03 | 1
  3, 12 |   8.3717648468827608e-04 |   8.3717648468827608e-04 | 1
  4,  1 |   7.4821652939700801e-04 |   7.4821652939700801e-04 | 1
  4,  2 |   8.2625558739246661e-04 |   8.2625558739246661e-04 | 1
  4,  3 |   7.8200323189000869e-04 |   7.8200323189000869e-04 | 1
  4,  4 |   8.3410801015007746e-04 |   8.3410801015007746e-04 | 1
  4,  5 |   2.6195016194933162e-03 |   2.6195016194933162e-03 | 1
  4,  6 |   9.8019050967184350e-04 |   9.8019050967184350e-04 | 1
  4,  7 |   7.0787287182760090e-04 |   7.0787287182760090e-04 | 1
  4,  8 |   7.0592839123458052e-04 |   7.0592839123458052e-04 | 1
  4,  9 |   8.7621249561004564e-04 |   8.7621249561004564e-04 | 1
  4, 10 |   1.4974931808773837e-03 |   1.4974931808773837e-03 | 1
  4, 11 |   8.9493370648113953e-04 |   8.9493370648113953e-04 | 1
  4, 12 |   8.5658477965737520e-04 |   8.5658477965737520e-04 | 1
  5,  1 |   3.6350221473460411e-03 |   3.6350221473460411e-03 | 1
  5,  2 |  -1.2896798006390418e-04 |  -1.2896798006390418e-04 | 1
  5,  3 |   6.3661089557236748e-04 |   6.3661089557236748e-04 | 1
  5,  4 |   2.6195016194933162e-03 |   2.6195016194933162e-03 | 1
  5,  5 |   6.3516854280690344e-02 |   6.3516854280690344e-02 | 1
  5,  6 |  -9.2939695681475165e-04 |  -9.2939695681475165e-04 | 1
  5,  7 |   9.3374879775226863e-03 |   9.3374879775226863e-03 | 1
  5,  8 |   4.0954260166863148e-03 |   4.0954260166863148e-03 | 1
  5,  9 |  -6.8692946466057296e-03 |  -6.8692946466057296e-03 | 1
  5, 10 |  -1.4073720581961255e-02 |  -1.4073720581961255e-02 | 1
  5, 11 |  -6.4286195906083470e-03 |  -6.4286195906083470e-03 | 1
  5, 12 |   3.5838453907530714e-03 |   3.5838453907530714e-03 | 1
  6,  1 |   8.7617862570080998e-04 |   8.7617862570080998e-04 | 1
  6,  2 |  -4.3008454799092934e-04 |  -4.3008454799092934e-04 | 1
  6,  3 |  -4.5123284591901971e-04 |  -4.5123284591901971e-04 | 1
  6,  4 |   9.8019050967184350e-04 |   9.8019050967184350e-04 | 1
  6,  5 |  -9.2939695681475165e-04 |  -9.2939695681475165e-04 | 1
  6,  6 |   1.7765473534394984e-02 |   1.7765473534394984e-02 | 1
  6,  7 |   1.4055233138193875e-03 |   1.4055233138193875e-03 | 1
  6,  8 |   6.4117310553804606e-04 |   6.4117310553804606e-04 | 1
  6,  9 |  -1.3164673000256794e-03 |  -1.3164673000256794e-03 | 1
  6, 10 |  -3.4713701251789706e-03 |  -3.4713701251789706e-03 | 1
  6, 11 |  -1.7350829453560770e-03 |  -1.7350829453560770e-03 | 1
  6, 12 |   1.3852384079289502e-03 |   1.3852384079289502e-03 | 1
  7,  1 |   8.4392571517513204e-04 |   8.4392571517513204e-04 | 1
  7,  2 |   1.5018703476997393e-04 |   1.5018703476997393e-04 | 1
  7,  3 |   2.4612865992474687e-04 |   2.4612865992474687e-04 | 1
  7,  4 |   7.0787287182760090e-04 |   7.0787287182760090e-04 | 1
  7,  5 |   9.3374879775226863e-03 |   9.3374879775226863e-03 | 1
  7,  6 |   1.4055233138193875e-03 |   1.4055233138193875e-03 | 1
  7,  7 |   1.7862068576970412e-03 |   1.7862068576970412e-03 | 1
  7,  8 |   8.5927724896390340e-04 |   8.5927724896390340e-04 | 1
  7,  9 |  -9.7838580126140967e-04 |  -9.7838580126140967e-04 | 1
  7, 10 |  -2.1475785822807000e-03 |  -2.1475785822807000e-03 | 1
  7, 11 |  -9.3530642987074502e-04 |  -9.3530642987074502e-04 | 1
  7, 12 |   9.1977534466084485e-04 |   9.1977534466084485e-04 | 1
  8,  1 |   6.9473847994019748e-04 |   6.9473847994019748e-04 | 1
  8,  2 |   6.1536513896408480e-04 |   6.1536513896408480e-04 | 1
  8,  3 |   6.0142390438868007e-04 |   6.0142390438868007e-04 | 1
  8,  4 |   7.0592839123458052e-04 |   7.0592839123458052e-04 | 1
  8,  5 |   4.0954260166863148e-03 |   4.0954260166863148e-03 | 1
  8,  6 |   6.4117310553804606e-04 |   6.4117310553804606e-04 | 1
  8,  7 |   8.5927724896390340e-04 |   8.5927724896390340e-04 | 1
  8,  8 |   6.7648252154893377e-04 |   6.7648252154893377e-04 | 1
  8,  9 |   4.0527900144302889e-04 |   4.0527900144302889e-04 | 1
  8, 10 |   5.7970217407226320e-04 |   5.7970217407226320e-04 | 1
  8, 11 |   4.2784544529426559e-04 |   4.2784544529426559e-04 | 1
  8, 12 |   7.7294507494317789e-04 |   7.7294507494317789e-04 | 1
  9,  1 |   6.3293429011321821e-04 |   6.3293429011321821e-04 | 1
  9,  2 |   2.0227757290951888e-03 |   2.0227757290951888e-03 | 1
  9,  3 |   1.7920688398288601e-03 |   1.7920688398288601e-03 | 1
  9,  4 |   8.7621249561004564e-04 |   8.7621249561004564e-04 | 1
  9,  5 |  -6.8692946466057296e-03 |  -6.8692946466057296e-03 | 1
  9,  6 |  -1.3164673000256794e-03 |  -1.3164673000256794e-03 | 1
  9,  7 |  -9.7838580126140967e-04 |  -9.7838580126140967e-04 | 1
  9,  8 |   4.0527900144302889e-04 |   4.0527900144302889e-04 | 1
  9,  9 |   4.1718846095303132e-03 |   4.1718846095303132e-03 | 1
  9, 10 |   7.9679471361895071e-03 |   7.9679471361895071e-03 | 1
  9, 11 |   4.1799633246072604e-03 |   4.1799633246072604e-03 | 1
  9, 12 |   8.3289942146313133e-04 |   8.3289942146313133e-04 | 1
 10,  1 |   1.0453608984176473e-03 |   1.0453608984176473e-03 | 1
 10,  2 |   3.8372164080986435e-03 |   3.8372164080986435e-03 | 1
 10,  3 |   3.4028055824378350e-03 |   3.4028055824378350e-03 | 1
 10,  4 |   1.4974931808773837e-03 |   1.4974931808773837e-03 | 1
 10,  5 |  -1.4073720581961255e-02 |  -1.4073720581961255e-02 | 1
 10,  6 |  -3.4713701251789706e-03 |  -3.4713701251789706e-03 | 1
 10,  7 |  -2.1475785822807000e-03 |  -2.1475785822807000e-03 | 1
 10,  8 |   5.7970217407226320e-04 |   5.7970217407226320e-04 | 1
 10,  9 |   7.9679471361895071e-03 |   7.9679471361895071e-03 | 1
 10, 10 |   1.6396742926579107e-02 |   1.6396742926579107e-02 | 1
 10, 11 |   8.0545084940781136e-03 |   8.0545084940781136e-03 | 1
 10, 12 |   1.2743724789059877e-03 |   1.2743724789059877e-03 | 1
 11,  1 |   6.5580400018713325e-04 |   6.5580400018713325e-04 | 1
 11,  2 |   2.0623211968219240e-03 |   2.0623211968219240e-03 | 1
 11,  3 |   1.8407755243969623e-03 |   1.8407755243969623e-03 | 1
 11,  4 |   8.9493370648113953e-04 |   8.9493370648113953e-04 | 1
 11,  5 |  -6.4286195906083470e-03 |  -6.4286195906083470e-03 | 1
 11,  6 |  -1.7350829453560770e-03 |  -1.7350829453560770e-03 | 1
 11,  7 |  -9.3530642987074502e-04 |  -9.3530642987074502e-04 | 1
 11,  8 |   4.2784544529426559e-04 |   4.2784544529426559e-04 | 1
 11,  9 |   4.1799633246072604e-03 |   4.1799633246072604e-03 | 1
 11, 10 |   8.0545084940781136e-03 |   8.0545084940781136e-03 | 1
 11, 11 |   4.2495461167464787e-03 |   4.2495461167464787e-03 | 1
 11, 12 |   8.5486977272607450e-04 |   8.5486977272607450e-04 | 1
 12,  1 |   8.9010528425987343e-04 |   8.9010528425987343e-04 | 1
 12,  2 |   8.5941853841732855e-04 |   8.5941853841732855e-04 | 1
 12,  3 |   8.3717648468827608e-04 |   8.3717648468827608e-04 | 1
 12,  4 |   8.5658477965737520e-04 |   8.5658477965737520e-04 | 1
 12,  5 |   3.5838453907530714e-03 |   3.5838453907530714e-03 | 1
 12,  6 |   1.3852384079289502e-03 |   1.3852384079289502e-03 | 1
 12,  7 |   9.1977534466084485e-04 |   9.1977534466084485e-04 | 1
 12,  8 |   7.7294507494317789e-04 |   7.7294507494317789e-04 | 1
 12,  9 |   8.3289942146313133e-04 |   8.3289942146313133e-04 | 1
 12, 10 |   1.2743724789059877e-03 |   1.2743724789059877e-03 | 1
 12, 11 |   8.5486977272607450e-04 |   8.5486977272607450e-04 | 1
 12, 12 |   1.1037907657096609e-03 |   1.1037907657096609e-03 | 1
