row,col | V_base                   | V_new                    | equal
  1,  1 |   6.2272160323350008e-03 |   6.2272160323350008e-03 | 1
  1,  2 |   5.4508781993190640e-03 |   5.4508781993190640e-03 | 1
  1,  3 |   5.5686390096766104e-03 |   5.5686390096766104e-03 | 1
  1,  4 |   5.4508781993796423e-03 |   5.4508781993796423e-03 | 1
  1,  5 |   5.4508781993758528e-03 |   5.4508781993758528e-03 | 1
  1,  6 |   5.4508781993545131e-03 |   5.4508781993545131e-03 | 1
  1,  7 |   5.7794436673024177e-03 |   5.7794436673024177e-03 | 1
  1,  8 |   5.3412039898400156e-03 |   5.3412039898400156e-03 | 1
  1,  9 |   5.4508781993304212e-03 |   5.4508781993304212e-03 | 1
  1, 10 |   5.4508781993320831e-03 |   5.4508781993320831e-03 | 1
  1, 11 |   5.3505263287305068e-03 |   5.3505263287305068e-03 | 1
  1, 12 |   5.4508781993592714e-03 |   5.4508781993592714e-03 | 1
  1, 13 |   5.4508781993364338e-03 |   5.4508781993364338e-03 | 1
  1, 14 |   5.4508781993497617e-03 |   5.4508781993497617e-03 | 1
  1, 15 |   6.2339630695489052e-03 |   6.2339630695489052e-03 | 1
  1, 16 |   6.0846650549839414e-03 |   6.0846650549839414e-03 | 1
  1, 17 |   5.4508781993707145e-03 |   5.4508781993707145e-03 | 1
  1, 18 |   5.4508781993409120e-03 |   5.4508781993409120e-03 | 1
  1, 19 |   5.4508781993597051e-03 |   5.4508781993597051e-03 | 1
  1, 20 |   5.4508781993713295e-03 |   5.4508781993713295e-03 | 1
  1, 21 |   5.4508781993574777e-03 |   5.4508781993574777e-03 | 1
  1, 22 |   5.4508781993579565e-03 |   5.4508781993579565e-03 | 1
  1, 23 |   6.1125136230760248e-03 |   6.1125136230760248e-03 | 1
  1, 24 |   5.4508781993489030e-03 |   5.4508781993489030e-03 | 1
  1, 25 |   5.4508781993438359e-03 |   5.4508781993438359e-03 | 1
  1, 26 |   5.4508781993495717e-03 |   5.4508781993495717e-03 | 1
  1, 27 |   5.9193566932849804e-03 |   5.9193566932849804e-03 | 1
  1, 28 |   5.4508781993350469e-03 |   5.4508781993350469e-03 | 1
  1, 29 |   5.4508781993545339e-03 |   5.4508781993545339e-03 | 1
  1, 30 |   6.3008205725496105e-03 |   6.3008205725496105e-03 | 1
  2,  1 |   5.4508781993190640e-03 |   5.4508781993190640e-03 | 1
  2,  2 |   4.8929976649648389e-03 |   4.8929976649648389e-03 | 1
  2,  3 |   4.9578264473535043e-03 |   4.9578264473535043e-03 | 1
  2,  4 |   4.8929976650103971e-03 |   4.8929976650103971e-03 | 1
  2,  5 |   4.8929976650072451e-03 |   4.8929976650072451e-03 | 1
  2,  6 |   4.8929976649924279e-03 |   4.8929976649924279e-03 | 1
  2,  7 |   5.1109153841723664e-03 |   5.1109153841723664e-03 | 1
  2,  8 |   4.7384895618514953e-03 |   4.7384895618514953e-03 | 1
  2,  9 |   4.8929976649753106e-03 |   4.8929976649753106e-03 | 1
  2, 10 |   4.8929976649764312e-03 |   4.8929976649764312e-03 | 1
  2, 11 |   4.8110844620439840e-03 |   4.8110844620439840e-03 | 1
  2, 12 |   4.8929976649953284e-03 |   4.8929976649953284e-03 | 1
  2, 13 |   4.8929976649778033e-03 |   4.8929976649778033e-03 | 1
  2, 14 |   4.8929976649889333e-03 |   4.8929976649889333e-03 | 1
  2, 15 |   5.5967956404254140e-03 |   5.5967956404254140e-03 | 1
  2, 16 |   5.3839683023141488e-03 |   5.3839683023141488e-03 | 1
  2, 17 |   4.8929976650033151e-03 |   4.8929976650033151e-03 | 1
  2, 18 |   4.8929976649813604e-03 |   4.8929976649813604e-03 | 1
  2, 19 |   4.8929976649948635e-03 |   4.8929976649948635e-03 | 1
  2, 20 |   4.8929976650044990e-03 |   4.8929976650044990e-03 | 1
  2, 21 |   4.8929976649932224e-03 |   4.8929976649932224e-03 | 1
  2, 22 |   4.8929976649944758e-03 |   4.8929976649944758e-03 | 1
  2, 23 |   5.2896131080268118e-03 |   5.2896131080268118e-03 | 1
  2, 24 |   4.8929976649879020e-03 |   4.8929976649879020e-03 | 1
  2, 25 |   4.8929976649830110e-03 |   4.8929976649830110e-03 | 1
  2, 26 |   4.8929976649884814e-03 |   4.8929976649884814e-03 | 1
  2, 27 |   5.2692432330147688e-03 |   5.2692432330147688e-03 | 1
  2, 28 |   4.8929976649779361e-03 |   4.8929976649779361e-03 | 1
  2, 29 |   4.8929976649926144e-03 |   4.8929976649926144e-03 | 1
  2, 30 |   5.7183094889530512e-03 |   5.7183094889530512e-03 | 1
  3,  1 |   5.5686390096766104e-03 |   5.5686390096766104e-03 | 1
  3,  2 |   4.9578264473535043e-03 |   4.9578264473535043e-03 | 1
  3,  3 |   5.1556038706870528e-03 |   5.1556038706870528e-03 | 1
  3,  4 |   4.9578264474025562e-03 |   4.9578264474025562e-03 | 1
  3,  5 |   4.9578264473992802e-03 |   4.9578264473992802e-03 | 1
  3,  6 |   4.9578264473828454e-03 |   4.9578264473828454e-03 | 1
  3,  7 |   5.2656327223911991e-03 |   5.2656327223911991e-03 | 1
  3,  8 |   4.9665001178636585e-03 |   4.9665001178636585e-03 | 1
  3,  9 |   4.9578264473640245e-03 |   4.9578264473640245e-03 | 1
  3, 10 |   4.9578264473652814e-03 |   4.9578264473652814e-03 | 1
  3, 11 |   4.9532046512527047e-03 |   4.9532046512527047e-03 | 1
  3, 12 |   4.9578264473862333e-03 |   4.9578264473862333e-03 | 1
  3, 13 |   4.9578264473675009e-03 |   4.9578264473675009e-03 | 1
  3, 14 |   4.9578264473790525e-03 |   4.9578264473790525e-03 | 1
  3, 15 |   5.7184524635222854e-03 |   5.7184524635222854e-03 | 1
  3, 16 |   5.5723313231881115e-03 |   5.5723313231881115e-03 | 1
  3, 17 |   4.9578264473950744e-03 |   4.9578264473950744e-03 | 1
  3, 18 |   4.9578264473712566e-03 |   4.9578264473712566e-03 | 1
  3, 19 |   4.9578264473860425e-03 |   4.9578264473860425e-03 | 1
  3, 20 |   4.9578264473960666e-03 |   4.9578264473960666e-03 | 1
  3, 21 |   4.9578264473842618e-03 |   4.9578264473842618e-03 | 1
  3, 22 |   4.9578264473852628e-03 |   4.9578264473852628e-03 | 1
  3, 23 |   5.5912535400500368e-03 |   5.5912535400500368e-03 | 1
  3, 24 |   4.9578264473780932e-03 |   4.9578264473780932e-03 | 1
  3, 25 |   4.9578264473732481e-03 |   4.9578264473732481e-03 | 1
  3, 26 |   4.9578264473786864e-03 |   4.9578264473786864e-03 | 1
  3, 27 |   5.4742941771920729e-03 |   5.4742941771920729e-03 | 1
  3, 28 |   4.9578264473671843e-03 |   4.9578264473671843e-03 | 1
  3, 29 |   4.9578264473829790e-03 |   4.9578264473829790e-03 | 1
  3, 30 |   6.1541049512544048e-03 |   6.1541049512544048e-03 | 1
  4,  1 |   5.4508781993796423e-03 |   5.4508781993796423e-03 | 1
  4,  2 |   4.8929976650103971e-03 |   4.8929976650103971e-03 | 1
  4,  3 |   4.9578264474025562e-03 |   4.9578264474025562e-03 | 1
  4,  4 |   4.8929976650559561e-03 |   4.8929976650559561e-03 | 1
  4,  5 |   4.8929976650528033e-03 |   4.8929976650528033e-03 | 1
  4,  6 |   4.8929976650379870e-03 |   4.8929976650379870e-03 | 1
  4,  7 |   5.1109153842253978e-03 |   5.1109153842253978e-03 | 1
  4,  8 |   4.7384895618995775e-03 |   4.7384895618995775e-03 | 1
  4,  9 |   4.8929976650208687e-03 |   4.8929976650208687e-03 | 1
  4, 10 |   4.8929976650219902e-03 |   4.8929976650219902e-03 | 1
  4, 11 |   4.8110844620882030e-03 |   4.8110844620882030e-03 | 1
  4, 12 |   4.8929976650408866e-03 |   4.8929976650408866e-03 | 1
  4, 13 |   4.8929976650233615e-03 |   4.8929976650233615e-03 | 1
  4, 14 |   4.8929976650344924e-03 |   4.8929976650344924e-03 | 1
  4, 15 |   5.5967956404774644e-03 |   5.5967956404774644e-03 | 1
  4, 16 |   5.3839683023697883e-03 |   5.3839683023697883e-03 | 1
  4, 17 |   4.8929976650488732e-03 |   4.8929976650488732e-03 | 1
  4, 18 |   4.8929976650269186e-03 |   4.8929976650269186e-03 | 1
  4, 19 |   4.8929976650404217e-03 |   4.8929976650404217e-03 | 1
  4, 20 |   4.8929976650500572e-03 |   4.8929976650500572e-03 | 1
  4, 21 |   4.8929976650387806e-03 |   4.8929976650387806e-03 | 1
  4, 22 |   4.8929976650400348e-03 |   4.8929976650400348e-03 | 1
  4, 23 |   5.2896131080900086e-03 |   5.2896131080900086e-03 | 1
  4, 24 |   4.8929976650334611e-03 |   4.8929976650334611e-03 | 1
  4, 25 |   4.8929976650285700e-03 |   4.8929976650285700e-03 | 1
  4, 26 |   4.8929976650340405e-03 |   4.8929976650340405e-03 | 1
  4, 27 |   5.2692432330669605e-03 |   5.2692432330669605e-03 | 1
  4, 28 |   4.8929976650234951e-03 |   4.8929976650234951e-03 | 1
  4, 29 |   4.8929976650381726e-03 |   4.8929976650381726e-03 | 1
  4, 30 |   5.7183094890018871e-03 |   5.7183094890018871e-03 | 1
  5,  1 |   5.4508781993758528e-03 |   5.4508781993758528e-03 | 1
  5,  2 |   4.8929976650072451e-03 |   4.8929976650072451e-03 | 1
  5,  3 |   4.9578264473992802e-03 |   4.9578264473992802e-03 | 1
  5,  4 |   4.8929976650528033e-03 |   4.8929976650528033e-03 | 1
  5,  5 |   4.8929976650496513e-03 |   4.8929976650496513e-03 | 1
  5,  6 |   4.8929976650348341e-03 |   4.8929976650348341e-03 | 1
  5,  7 |   5.1109153842219517e-03 |   5.1109153842219517e-03 | 1
  5,  8 |   4.7384895618964133e-03 |   4.7384895618964133e-03 | 1
  5,  9 |   4.8929976650177167e-03 |   4.8929976650177167e-03 | 1
  5, 10 |   4.8929976650188374e-03 |   4.8929976650188374e-03 | 1
  5, 11 |   4.8110844620851204e-03 |   4.8110844620851204e-03 | 1
  5, 12 |   4.8929976650377346e-03 |   4.8929976650377346e-03 | 1
  5, 13 |   4.8929976650202095e-03 |   4.8929976650202095e-03 | 1
  5, 14 |   4.8929976650313395e-03 |   4.8929976650313395e-03 | 1
  5, 15 |   5.5967956404738613e-03 |   5.5967956404738613e-03 | 1
  5, 16 |   5.3839683023661645e-03 |   5.3839683023661645e-03 | 1
  5, 17 |   4.8929976650457212e-03 |   4.8929976650457212e-03 | 1
  5, 18 |   4.8929976650237666e-03 |   4.8929976650237666e-03 | 1
  5, 19 |   4.8929976650372697e-03 |   4.8929976650372697e-03 | 1
  5, 20 |   4.8929976650469043e-03 |   4.8929976650469043e-03 | 1
  5, 21 |   4.8929976650356286e-03 |   4.8929976650356286e-03 | 1
  5, 22 |   4.8929976650368828e-03 |   4.8929976650368828e-03 | 1
  5, 23 |   5.2896131080862070e-03 |   5.2896131080862070e-03 | 1
  5, 24 |   4.8929976650303082e-03 |   4.8929976650303082e-03 | 1
  5, 25 |   4.8929976650254180e-03 |   4.8929976650254180e-03 | 1
  5, 26 |   4.8929976650308876e-03 |   4.8929976650308876e-03 | 1
  5, 27 |   5.2692432330634772e-03 |   5.2692432330634772e-03 | 1
  5, 28 |   4.8929976650203422e-03 |   4.8929976650203422e-03 | 1
  5, 29 |   4.8929976650350206e-03 |   4.8929976650350206e-03 | 1
  5, 30 |   5.7183094889983275e-03 |   5.7183094889983275e-03 | 1
  6,  1 |   5.4508781993545131e-03 |   5.4508781993545131e-03 | 1
  6,  2 |   4.8929976649924279e-03 |   4.8929976649924279e-03 | 1
  6,  3 |   4.9578264473828454e-03 |   4.9578264473828454e-03 | 1
  6,  4 |   4.8929976650379870e-03 |   4.8929976650379870e-03 | 1
  6,  5 |   4.8929976650348341e-03 |   4.8929976650348341e-03 | 1
  6,  6 |   4.8929976650200170e-03 |   4.8929976650200170e-03 | 1
  6,  7 |   5.1109153842037961e-03 |   5.1109153842037961e-03 | 1
  6,  8 |   4.7384895618801139e-03 |   4.7384895618801139e-03 | 1
  6,  9 |   4.8929976650028996e-03 |   4.8929976650028996e-03 | 1
  6, 10 |   4.8929976650040202e-03 |   4.8929976650040202e-03 | 1
  6, 11 |   4.8110844620708349e-03 |   4.8110844620708349e-03 | 1
  6, 12 |   4.8929976650229174e-03 |   4.8929976650229174e-03 | 1
  6, 13 |   4.8929976650053924e-03 |   4.8929976650053924e-03 | 1
  6, 14 |   4.8929976650165224e-03 |   4.8929976650165224e-03 | 1
  6, 15 |   5.5967956404569426e-03 |   5.5967956404569426e-03 | 1
  6, 16 |   5.3839683023471493e-03 |   5.3839683023471493e-03 | 1
  6, 17 |   4.8929976650309032e-03 |   4.8929976650309032e-03 | 1
  6, 18 |   4.8929976650089494e-03 |   4.8929976650089494e-03 | 1
  6, 19 |   4.8929976650224525e-03 |   4.8929976650224525e-03 | 1
  6, 20 |   4.8929976650320881e-03 |   4.8929976650320881e-03 | 1
  6, 21 |   4.8929976650208115e-03 |   4.8929976650208115e-03 | 1
  6, 22 |   4.8929976650220657e-03 |   4.8929976650220657e-03 | 1
  6, 23 |   5.2896131080633286e-03 |   5.2896131080633286e-03 | 1
  6, 24 |   4.8929976650154920e-03 |   4.8929976650154920e-03 | 1
  6, 25 |   4.8929976650106000e-03 |   4.8929976650106000e-03 | 1
  6, 26 |   4.8929976650160705e-03 |   4.8929976650160705e-03 | 1
  6, 27 |   5.2692432330459817e-03 |   5.2692432330459817e-03 | 1
  6, 28 |   4.8929976650055251e-03 |   4.8929976650055251e-03 | 1
  6, 29 |   4.8929976650202035e-03 |   4.8929976650202035e-03 | 1
  6, 30 |   5.7183094889831790e-03 |   5.7183094889831790e-03 | 1
  7,  1 |   5.7794436673024177e-03 |   5.7794436673024177e-03 | 1
  7,  2 |   5.1109153841723664e-03 |   5.1109153841723664e-03 | 1
  7,  3 |   5.2656327223911991e-03 |   5.2656327223911991e-03 | 1
  7,  4 |   5.1109153842253978e-03 |   5.1109153842253978e-03 | 1
  7,  5 |   5.1109153842219517e-03 |   5.1109153842219517e-03 | 1
  7,  6 |   5.1109153842037961e-03 |   5.1109153842037961e-03 | 1
  7,  7 |   5.5848798878051767e-03 |   5.5848798878051767e-03 | 1
  7,  8 |   5.1284534519926176e-03 |   5.1284534519926176e-03 | 1
  7,  9 |   5.1109153841831338e-03 |   5.1109153841831338e-03 | 1
  7, 10 |   5.1109153841845337e-03 |   5.1109153841845337e-03 | 1
  7, 11 |   5.0394724935814827e-03 |   5.0394724935814827e-03 | 1
  7, 12 |   5.1109153842076715e-03 |   5.1109153842076715e-03 | 1
  7, 13 |   5.1109153841875296e-03 |   5.1109153841875296e-03 | 1
  7, 14 |   5.1109153841996709e-03 |   5.1109153841996709e-03 | 1
  7, 15 |   5.9194703425683188e-03 |   5.9194703425683188e-03 | 1
  7, 16 |   5.7283288554839905e-03 |   5.7283288554839905e-03 | 1
  7, 17 |   5.1109153842174250e-03 |   5.1109153842174250e-03 | 1
  7, 18 |   5.1109153841915316e-03 |   5.1109153841915316e-03 | 1
  7, 19 |   5.1109153842077140e-03 |   5.1109153842077140e-03 | 1
  7, 20 |   5.1109153842182706e-03 |   5.1109153842182706e-03 | 1
  7, 21 |   5.1109153842057789e-03 |   5.1109153842057789e-03 | 1
  7, 22 |   5.1109153842065795e-03 |   5.1109153842065795e-03 | 1
  7, 23 |   5.8494056218687026e-03 |   5.8494056218687026e-03 | 1
  7, 24 |   5.1109153841987533e-03 |   5.1109153841987533e-03 | 1
  7, 25 |   5.1109153841938561e-03 |   5.1109153841938561e-03 | 1
  7, 26 |   5.1109153841993726e-03 |   5.1109153841993726e-03 | 1
  7, 27 |   5.6891606317408137e-03 |   5.6891606317408137e-03 | 1
  7, 28 |   5.1109153841868184e-03 |   5.1109153841868184e-03 | 1
  7, 29 |   5.1109153842038872e-03 |   5.1109153842038872e-03 | 1
  7, 30 |   6.1139281230226227e-03 |   6.1139281230226227e-03 | 1
  8,  1 |   5.3412039898400156e-03 |   5.3412039898400156e-03 | 1
  8,  2 |   4.7384895618514953e-03 |   4.7384895618514953e-03 | 1
  8,  3 |   4.9665001178636585e-03 |   4.9665001178636585e-03 | 1
  8,  4 |   4.7384895618995775e-03 |   4.7384895618995775e-03 | 1
  8,  5 |   4.7384895618964133e-03 |   4.7384895618964133e-03 | 1
  8,  6 |   4.7384895618801139e-03 |   4.7384895618801139e-03 | 1
  8,  7 |   5.1284534519926176e-03 |   5.1284534519926176e-03 | 1
  8,  8 |   5.8097055053636260e-03 |   5.8097055053636260e-03 | 1
  8,  9 |   4.7384895618615124e-03 |   4.7384895618615124e-03 | 1
  8, 10 |   4.7384895618627640e-03 |   4.7384895618627640e-03 | 1
  8, 11 |   4.9499817260056419e-03 |   4.9499817260056419e-03 | 1
  8, 12 |   4.7384895618835391e-03 |   4.7384895618835391e-03 | 1
  8, 13 |   4.7384895618652308e-03 |   4.7384895618652308e-03 | 1
  8, 14 |   4.7384895618763842e-03 |   4.7384895618763842e-03 | 1
  8, 15 |   5.4921678556238635e-03 |   5.4921678556238635e-03 | 1
  8, 16 |   5.4518125183894116e-03 |   5.4518125183894116e-03 | 1
  8, 17 |   4.7384895618923003e-03 |   4.7384895618923003e-03 | 1
  8, 18 |   4.7384895618688833e-03 |   4.7384895618688833e-03 | 1
  8, 19 |   4.7384895618834732e-03 |   4.7384895618834732e-03 | 1
  8, 20 |   4.7384895618931624e-03 |   4.7384895618931624e-03 | 1
  8, 21 |   4.7384895618817228e-03 |   4.7384895618817228e-03 | 1
  8, 22 |   4.7384895618825668e-03 |   4.7384895618825668e-03 | 1
  8, 23 |   5.4926944985658564e-03 |   5.4926944985658564e-03 | 1
  8, 24 |   4.7384895618755030e-03 |   4.7384895618755030e-03 | 1
  8, 25 |   4.7384895618709198e-03 |   4.7384895618709198e-03 | 1
  8, 26 |   4.7384895618760728e-03 |   4.7384895618760728e-03 | 1
  8, 27 |   5.5736234020637033e-03 |   5.5736234020637033e-03 | 1
  8, 28 |   4.7384895618647399e-03 |   4.7384895618647399e-03 | 1
  8, 29 |   4.7384895618802188e-03 |   4.7384895618802188e-03 | 1
  8, 30 |   5.7845810232164179e-03 |   5.7845810232164179e-03 | 1
  9,  1 |   5.4508781993304212e-03 |   5.4508781993304212e-03 | 1
  9,  2 |   4.8929976649753106e-03 |   4.8929976649753106e-03 | 1
  9,  3 |   4.9578264473640245e-03 |   4.9578264473640245e-03 | 1
  9,  4 |   4.8929976650208687e-03 |   4.8929976650208687e-03 | 1
  9,  5 |   4.8929976650177167e-03 |   4.8929976650177167e-03 | 1
  9,  6 |   4.8929976650028996e-03 |   4.8929976650028996e-03 | 1
  9,  7 |   5.1109153841831338e-03 |   5.1109153841831338e-03 | 1
  9,  8 |   4.7384895618615124e-03 |   4.7384895618615124e-03 | 1
  9,  9 |   4.8929976649857822e-03 |   4.8929976649857822e-03 | 1
  9, 10 |   4.8929976649869028e-03 |   4.8929976649869028e-03 | 1
  9, 11 |   4.8110844620542995e-03 |   4.8110844620542995e-03 | 1
  9, 12 |   4.8929976650058001e-03 |   4.8929976650058001e-03 | 1
  9, 13 |   4.8929976649882750e-03 |   4.8929976649882750e-03 | 1
  9, 14 |   4.8929976649994050e-03 |   4.8929976649994050e-03 | 1
  9, 15 |   5.5967956404373940e-03 |   5.5967956404373940e-03 | 1
  9, 16 |   5.3839683023254991e-03 |   5.3839683023254991e-03 | 1
  9, 17 |   4.8929976650137867e-03 |   4.8929976650137867e-03 | 1
  9, 18 |   4.8929976649918321e-03 |   4.8929976649918321e-03 | 1
  9, 19 |   4.8929976650053351e-03 |   4.8929976650053351e-03 | 1
  9, 20 |   4.8929976650149698e-03 |   4.8929976650149698e-03 | 1
  9, 21 |   4.8929976650036941e-03 |   4.8929976650036941e-03 | 1
  9, 22 |   4.8929976650049483e-03 |   4.8929976650049483e-03 | 1
  9, 23 |   5.2896131080376954e-03 |   5.2896131080376954e-03 | 1
  9, 24 |   4.8929976649983737e-03 |   4.8929976649983737e-03 | 1
  9, 25 |   4.8929976649934835e-03 |   4.8929976649934835e-03 | 1
  9, 26 |   4.8929976649989531e-03 |   4.8929976649989531e-03 | 1
  9, 27 |   5.2692432330259473e-03 |   5.2692432330259473e-03 | 1
  9, 28 |   4.8929976649884077e-03 |   4.8929976649884077e-03 | 1
  9, 29 |   4.8929976650030861e-03 |   4.8929976650030861e-03 | 1
  9, 30 |   5.7183094889654285e-03 |   5.7183094889654285e-03 | 1
 10,  1 |   5.4508781993320831e-03 |   5.4508781993320831e-03 | 1
 10,  2 |   4.8929976649764312e-03 |   4.8929976649764312e-03 | 1
 10,  3 |   4.9578264473652814e-03 |   4.9578264473652814e-03 | 1
 10,  4 |   4.8929976650219902e-03 |   4.8929976650219902e-03 | 1
 10,  5 |   4.8929976650188374e-03 |   4.8929976650188374e-03 | 1
 10,  6 |   4.8929976650040202e-03 |   4.8929976650040202e-03 | 1
 10,  7 |   5.1109153841845337e-03 |   5.1109153841845337e-03 | 1
 10,  8 |   4.7384895618627640e-03 |   4.7384895618627640e-03 | 1
 10,  9 |   4.8929976649869028e-03 |   4.8929976649869028e-03 | 1
 10, 10 |   4.8929976649880243e-03 |   4.8929976649880243e-03 | 1
 10, 11 |   4.8110844620553768e-03 |   4.8110844620553768e-03 | 1
 10, 12 |   4.8929976650069207e-03 |   4.8929976650069207e-03 | 1
 10, 13 |   4.8929976649893956e-03 |   4.8929976649893956e-03 | 1
 10, 14 |   4.8929976650005265e-03 |   4.8929976650005265e-03 | 1
 10, 15 |   5.5967956404386742e-03 |   5.5967956404386742e-03 | 1
 10, 16 |   5.3839683023269632e-03 |   5.3839683023269632e-03 | 1
 10, 17 |   4.8929976650149073e-03 |   4.8929976650149073e-03 | 1
 10, 18 |   4.8929976649929527e-03 |   4.8929976649929527e-03 | 1
 10, 19 |   4.8929976650064558e-03 |   4.8929976650064558e-03 | 1
 10, 20 |   4.8929976650160913e-03 |   4.8929976650160913e-03 | 1
 10, 21 |   4.8929976650048147e-03 |   4.8929976650048147e-03 | 1
 10, 22 |   4.8929976650060689e-03 |   4.8929976650060689e-03 | 1
 10, 23 |   5.2896131080394926e-03 |   5.2896131080394926e-03 | 1
 10, 24 |   4.8929976649994943e-03 |   4.8929976649994943e-03 | 1
 10, 25 |   4.8929976649946041e-03 |   4.8929976649946041e-03 | 1
 10, 26 |   4.8929976650000737e-03 |   4.8929976650000737e-03 | 1
 10, 27 |   5.2692432330272865e-03 |   5.2692432330272865e-03 | 1
 10, 28 |   4.8929976649895283e-03 |   4.8929976649895283e-03 | 1
 10, 29 |   4.8929976650042067e-03 |   4.8929976650042067e-03 | 1
 10, 30 |   5.7183094889665517e-03 |   5.7183094889665517e-03 | 1
 11,  1 |   5.3505263287305068e-03 |   5.3505263287305068e-03 | 1
 11,  2 |   4.8110844620439840e-03 |   4.8110844620439840e-03 | 1
 11,  3 |   4.9532046512527047e-03 |   4.9532046512527047e-03 | 1
 11,  4 |   4.8110844620882030e-03 |   4.8110844620882030e-03 | 1
 11,  5 |   4.8110844620851204e-03 |   4.8110844620851204e-03 | 1
 11,  6 |   4.8110844620708349e-03 |   4.8110844620708349e-03 | 1
 11,  7 |   5.0394724935814827e-03 |   5.0394724935814827e-03 | 1
 11,  8 |   4.9499817260056419e-03 |   4.9499817260056419e-03 | 1
 11,  9 |   4.8110844620542995e-03 |   4.8110844620542995e-03 | 1
 11, 10 |   4.8110844620553768e-03 |   4.8110844620553768e-03 | 1
 11, 11 |   5.3746502740001740e-03 |   5.3746502740001740e-03 | 1
 11, 12 |   4.8110844620735966e-03 |   4.8110844620735966e-03 | 1
 11, 13 |   4.8110844620565599e-03 |   4.8110844620565599e-03 | 1
 11, 14 |   4.8110844620674487e-03 |   4.8110844620674487e-03 | 1
 11, 15 |   5.4663931293913101e-03 |   5.4663931293913101e-03 | 1
 11, 16 |   5.3685381614789803e-03 |   5.3685381614789803e-03 | 1
 11, 17 |   4.8110844620812996e-03 |   4.8110844620812996e-03 | 1
 11, 18 |   4.8110844620600276e-03 |   4.8110844620600276e-03 | 1
 11, 19 |   4.8110844620730831e-03 |   4.8110844620730831e-03 | 1
 11, 20 |   4.8110844620825044e-03 |   4.8110844620825044e-03 | 1
 11, 21 |   4.8110844620714932e-03 |   4.8110844620714932e-03 | 1
 11, 22 |   4.8110844620727795e-03 |   4.8110844620727795e-03 | 1
 11, 23 |   5.3774423001978107e-03 |   5.3774423001978107e-03 | 1
 11, 24 |   4.8110844620664183e-03 |   4.8110844620664183e-03 | 1
 11, 25 |   4.8110844620615862e-03 |   4.8110844620615862e-03 | 1
 11, 26 |   4.8110844620669864e-03 |   4.8110844620669864e-03 | 1
 11, 27 |   5.2970237282609616e-03 |   5.2970237282609616e-03 | 1
 11, 28 |   4.8110844620567802e-03 |   4.8110844620567802e-03 | 1
 11, 29 |   4.8110844620710292e-03 |   4.8110844620710292e-03 | 1
 11, 30 |   5.7783951139218611e-03 |   5.7783951139218611e-03 | 1
 12,  1 |   5.4508781993592714e-03 |   5.4508781993592714e-03 | 1
 12,  2 |   4.8929976649953284e-03 |   4.8929976649953284e-03 | 1
 12,  3 |   4.9578264473862333e-03 |   4.9578264473862333e-03 | 1
 12,  4 |   4.8929976650408866e-03 |   4.8929976650408866e-03 | 1
 12,  5 |   4.8929976650377346e-03 |   4.8929976650377346e-03 | 1
 12,  6 |   4.8929976650229174e-03 |   4.8929976650229174e-03 | 1
 12,  7 |   5.1109153842076715e-03 |   5.1109153842076715e-03 | 1
 12,  8 |   4.7384895618835391e-03 |   4.7384895618835391e-03 | 1
 12,  9 |   4.8929976650058001e-03 |   4.8929976650058001e-03 | 1
 12, 10 |   4.8929976650069207e-03 |   4.8929976650069207e-03 | 1
 12, 11 |   4.8110844620735966e-03 |   4.8110844620735966e-03 | 1
 12, 12 |   4.8929976650258179e-03 |   4.8929976650258179e-03 | 1
 12, 13 |   4.8929976650082928e-03 |   4.8929976650082928e-03 | 1
 12, 14 |   4.8929976650194228e-03 |   4.8929976650194228e-03 | 1
 12, 15 |   5.5967956404602507e-03 |   5.5967956404602507e-03 | 1
 12, 16 |   5.3839683023511973e-03 |   5.3839683023511973e-03 | 1
 12, 17 |   4.8929976650338037e-03 |   4.8929976650338037e-03 | 1
 12, 18 |   4.8929976650118499e-03 |   4.8929976650118499e-03 | 1
 12, 19 |   4.8929976650253530e-03 |   4.8929976650253530e-03 | 1
 12, 20 |   4.8929976650349876e-03 |   4.8929976650349876e-03 | 1
 12, 21 |   4.8929976650237119e-03 |   4.8929976650237119e-03 | 1
 12, 22 |   4.8929976650249653e-03 |   4.8929976650249653e-03 | 1
 12, 23 |   5.2896131080686316e-03 |   5.2896131080686316e-03 | 1
 12, 24 |   4.8929976650183915e-03 |   4.8929976650183915e-03 | 1
 12, 25 |   4.8929976650135005e-03 |   4.8929976650135005e-03 | 1
 12, 26 |   4.8929976650189709e-03 |   4.8929976650189709e-03 | 1
 12, 27 |   5.2692432330495908e-03 |   5.2692432330495908e-03 | 1
 12, 28 |   4.8929976650084256e-03 |   4.8929976650084256e-03 | 1
 12, 29 |   4.8929976650231039e-03 |   4.8929976650231039e-03 | 1
 12, 30 |   5.7183094889858826e-03 |   5.7183094889858826e-03 | 1
 13,  1 |   5.4508781993364338e-03 |   5.4508781993364338e-03 | 1
 13,  2 |   4.8929976649778033e-03 |   4.8929976649778033e-03 | 1
 13,  3 |   4.9578264473675009e-03 |   4.9578264473675009e-03 | 1
 13,  4 |   4.8929976650233615e-03 |   4.8929976650233615e-03 | 1
 13,  5 |   4.8929976650202095e-03 |   4.8929976650202095e-03 | 1
 13,  6 |   4.8929976650053924e-03 |   4.8929976650053924e-03 | 1
 13,  7 |   5.1109153841875296e-03 |   5.1109153841875296e-03 | 1
 13,  8 |   4.7384895618652308e-03 |   4.7384895618652308e-03 | 1
 13,  9 |   4.8929976649882750e-03 |   4.8929976649882750e-03 | 1
 13, 10 |   4.8929976649893956e-03 |   4.8929976649893956e-03 | 1
 13, 11 |   4.8110844620565599e-03 |   4.8110844620565599e-03 | 1
 13, 12 |   4.8929976650082928e-03 |   4.8929976650082928e-03 | 1
 13, 13 |   4.8929976649907678e-03 |   4.8929976649907678e-03 | 1
 13, 14 |   4.8929976650018978e-03 |   4.8929976650018978e-03 | 1
 13, 15 |   5.5967956404402251e-03 |   5.5967956404402251e-03 | 1
 13, 16 |   5.3839683023300553e-03 |   5.3839683023300553e-03 | 1
 13, 17 |   4.8929976650162795e-03 |   4.8929976650162795e-03 | 1
 13, 18 |   4.8929976649943249e-03 |   4.8929976649943249e-03 | 1
 13, 19 |   4.8929976650078279e-03 |   4.8929976650078279e-03 | 1
 13, 20 |   4.8929976650174626e-03 |   4.8929976650174626e-03 | 1
 13, 21 |   4.8929976650061869e-03 |   4.8929976650061869e-03 | 1
 13, 22 |   4.8929976650074411e-03 |   4.8929976650074411e-03 | 1
 13, 23 |   5.2896131080449830e-03 |   5.2896131080449830e-03 | 1
 13, 24 |   4.8929976650008665e-03 |   4.8929976650008665e-03 | 1
 13, 25 |   4.8929976649959754e-03 |   4.8929976649959754e-03 | 1
 13, 26 |   4.8929976650014459e-03 |   4.8929976650014459e-03 | 1
 13, 27 |   5.2692432330296623e-03 |   5.2692432330296623e-03 | 1
 13, 28 |   4.8929976649909005e-03 |   4.8929976649909005e-03 | 1
 13, 29 |   4.8929976650055789e-03 |   4.8929976650055789e-03 | 1
 13, 30 |   5.7183094889668891e-03 |   5.7183094889668891e-03 | 1
 14,  1 |   5.4508781993497617e-03 |   5.4508781993497617e-03 | 1
 14,  2 |   4.8929976649889333e-03 |   4.8929976649889333e-03 | 1
 14,  3 |   4.9578264473790525e-03 |   4.9578264473790525e-03 | 1
 14,  4 |   4.8929976650344924e-03 |   4.8929976650344924e-03 | 1
 14,  5 |   4.8929976650313395e-03 |   4.8929976650313395e-03 | 1
 14,  6 |   4.8929976650165224e-03 |   4.8929976650165224e-03 | 1
 14,  7 |   5.1109153841996709e-03 |   5.1109153841996709e-03 | 1
 14,  8 |   4.7384895618763842e-03 |   4.7384895618763842e-03 | 1
 14,  9 |   4.8929976649994050e-03 |   4.8929976649994050e-03 | 1
 14, 10 |   4.8929976650005265e-03 |   4.8929976650005265e-03 | 1
 14, 11 |   4.8110844620674487e-03 |   4.8110844620674487e-03 | 1
 14, 12 |   4.8929976650194228e-03 |   4.8929976650194228e-03 | 1
 14, 13 |   4.8929976650018978e-03 |   4.8929976650018978e-03 | 1
 14, 14 |   4.8929976650130286e-03 |   4.8929976650130286e-03 | 1
 14, 15 |   5.5967956404529510e-03 |   5.5967956404529510e-03 | 1
 14, 16 |   5.3839683023428238e-03 |   5.3839683023428238e-03 | 1
 14, 17 |   4.8929976650274095e-03 |   4.8929976650274095e-03 | 1
 14, 18 |   4.8929976650054548e-03 |   4.8929976650054548e-03 | 1
 14, 19 |   4.8929976650189579e-03 |   4.8929976650189579e-03 | 1
 14, 20 |   4.8929976650285935e-03 |   4.8929976650285935e-03 | 1
 14, 21 |   4.8929976650173169e-03 |   4.8929976650173169e-03 | 1
 14, 22 |   4.8929976650185711e-03 |   4.8929976650185711e-03 | 1
 14, 23 |   5.2896131080583334e-03 |   5.2896131080583334e-03 | 1
 14, 24 |   4.8929976650119965e-03 |   4.8929976650119965e-03 | 1
 14, 25 |   4.8929976650071063e-03 |   4.8929976650071063e-03 | 1
 14, 26 |   4.8929976650125759e-03 |   4.8929976650125759e-03 | 1
 14, 27 |   5.2692432330419450e-03 |   5.2692432330419450e-03 | 1
 14, 28 |   4.8929976650020305e-03 |   4.8929976650020305e-03 | 1
 14, 29 |   4.8929976650167089e-03 |   4.8929976650167089e-03 | 1
 14, 30 |   5.7183094889794797e-03 |   5.7183094889794797e-03 | 1
 15,  1 |   6.2339630695489052e-03 |   6.2339630695489052e-03 | 1
 15,  2 |   5.5967956404254140e-03 |   5.5967956404254140e-03 | 1
 15,  3 |   5.7184524635222854e-03 |   5.7184524635222854e-03 | 1
 15,  4 |   5.5967956404774644e-03 |   5.5967956404774644e-03 | 1
 15,  5 |   5.5967956404738613e-03 |   5.5967956404738613e-03 | 1
 15,  6 |   5.5967956404569426e-03 |   5.5967956404569426e-03 | 1
 15,  7 |   5.9194703425683188e-03 |   5.9194703425683188e-03 | 1
 15,  8 |   5.4921678556238635e-03 |   5.4921678556238635e-03 | 1
 15,  9 |   5.5967956404373940e-03 |   5.5967956404373940e-03 | 1
 15, 10 |   5.5967956404386742e-03 |   5.5967956404386742e-03 | 1
 15, 11 |   5.4663931293913101e-03 |   5.4663931293913101e-03 | 1
 15, 12 |   5.5967956404602507e-03 |   5.5967956404602507e-03 | 1
 15, 13 |   5.5967956404402251e-03 |   5.5967956404402251e-03 | 1
 15, 14 |   5.5967956404529510e-03 |   5.5967956404529510e-03 | 1
 15, 15 |   6.6016634072421400e-03 |   6.6016634072421400e-03 | 1
 15, 16 |   6.2468435589542962e-03 |   6.2468435589542962e-03 | 1
 15, 17 |   5.5967956404693701e-03 |   5.5967956404693701e-03 | 1
 15, 18 |   5.5967956404442912e-03 |   5.5967956404442912e-03 | 1
 15, 19 |   5.5967956404597129e-03 |   5.5967956404597129e-03 | 1
 15, 20 |   5.5967956404707284e-03 |   5.5967956404707284e-03 | 1
 15, 21 |   5.5967956404578377e-03 |   5.5967956404578377e-03 | 1
 15, 22 |   5.5967956404592775e-03 |   5.5967956404592775e-03 | 1
 15, 23 |   6.3111109557173768e-03 |   6.3111109557173768e-03 | 1
 15, 24 |   5.5967956404517696e-03 |   5.5967956404517696e-03 | 1
 15, 25 |   5.5967956404461726e-03 |   5.5967956404461726e-03 | 1
 15, 26 |   5.5967956404524323e-03 |   5.5967956404524323e-03 | 1
 15, 27 |   6.1933127429936730e-03 |   6.1933127429936730e-03 | 1
 15, 28 |   5.5967956404403864e-03 |   5.5967956404403864e-03 | 1
 15, 29 |   5.5967956404571560e-03 |   5.5967956404571560e-03 | 1
 15, 30 |   6.6447800268624457e-03 |   6.6447800268624457e-03 | 1
 16,  1 |   6.0846650549839414e-03 |   6.0846650549839414e-03 | 1
 16,  2 |   5.3839683023141488e-03 |   5.3839683023141488e-03 | 1
 16,  3 |   5.5723313231881115e-03 |   5.5723313231881115e-03 | 1
 16,  4 |   5.3839683023697883e-03 |   5.3839683023697883e-03 | 1
 16,  5 |   5.3839683023661645e-03 |   5.3839683023661645e-03 | 1
 16,  6 |   5.3839683023471493e-03 |   5.3839683023471493e-03 | 1
 16,  7 |   5.7283288554839905e-03 |   5.7283288554839905e-03 | 1
 16,  8 |   5.4518125183894116e-03 |   5.4518125183894116e-03 | 1
 16,  9 |   5.3839683023254991e-03 |   5.3839683023254991e-03 | 1
 16, 10 |   5.3839683023269632e-03 |   5.3839683023269632e-03 | 1
 16, 11 |   5.3685381614789803e-03 |   5.3685381614789803e-03 | 1
 16, 12 |   5.3839683023511973e-03 |   5.3839683023511973e-03 | 1
 16, 13 |   5.3839683023300553e-03 |   5.3839683023300553e-03 | 1
 16, 14 |   5.3839683023428238e-03 |   5.3839683023428238e-03 | 1
 16, 15 |   6.2468435589542962e-03 |   6.2468435589542962e-03 | 1
 16, 16 |   6.2291560576422907e-03 |   6.2291560576422907e-03 | 1
 16, 17 |   5.3839683023614131e-03 |   5.3839683023614131e-03 | 1
 16, 18 |   5.3839683023342577e-03 |   5.3839683023342577e-03 | 1
 16, 19 |   5.3839683023512198e-03 |   5.3839683023512198e-03 | 1
 16, 20 |   5.3839683023623203e-03 |   5.3839683023623203e-03 | 1
 16, 21 |   5.3839683023491902e-03 |   5.3839683023491902e-03 | 1
 16, 22 |   5.3839683023500541e-03 |   5.3839683023500541e-03 | 1
 16, 23 |   6.1113312946340665e-03 |   6.1113312946340665e-03 | 1
 16, 24 |   5.3839683023418506e-03 |   5.3839683023418506e-03 | 1
 16, 25 |   5.3839683023366829e-03 |   5.3839683023366829e-03 | 1
 16, 26 |   5.3839683023425011e-03 |   5.3839683023425011e-03 | 1
 16, 27 |   5.8883586952785463e-03 |   5.8883586952785463e-03 | 1
 16, 28 |   5.3839683023293398e-03 |   5.3839683023293398e-03 | 1
 16, 29 |   5.3839683023472491e-03 |   5.3839683023472491e-03 | 1
 16, 30 |   6.3052018135775507e-03 |   6.3052018135775507e-03 | 1
 17,  1 |   5.4508781993707145e-03 |   5.4508781993707145e-03 | 1
 17,  2 |   4.8929976650033151e-03 |   4.8929976650033151e-03 | 1
 17,  3 |   4.9578264473950744e-03 |   4.9578264473950744e-03 | 1
 17,  4 |   4.8929976650488732e-03 |   4.8929976650488732e-03 | 1
 17,  5 |   4.8929976650457212e-03 |   4.8929976650457212e-03 | 1
 17,  6 |   4.8929976650309032e-03 |   4.8929976650309032e-03 | 1
 17,  7 |   5.1109153842174250e-03 |   5.1109153842174250e-03 | 1
 17,  8 |   4.7384895618923003e-03 |   4.7384895618923003e-03 | 1
 17,  9 |   4.8929976650137867e-03 |   4.8929976650137867e-03 | 1
 17, 10 |   4.8929976650149073e-03 |   4.8929976650149073e-03 | 1
 17, 11 |   4.8110844620812996e-03 |   4.8110844620812996e-03 | 1
 17, 12 |   4.8929976650338037e-03 |   4.8929976650338037e-03 | 1
 17, 13 |   4.8929976650162795e-03 |   4.8929976650162795e-03 | 1
 17, 14 |   4.8929976650274095e-03 |   4.8929976650274095e-03 | 1
 17, 15 |   5.5967956404693701e-03 |   5.5967956404693701e-03 | 1
 17, 16 |   5.3839683023614131e-03 |   5.3839683023614131e-03 | 1
 17, 17 |   4.8929976650417912e-03 |   4.8929976650417912e-03 | 1
 17, 18 |   4.8929976650198357e-03 |   4.8929976650198357e-03 | 1
 17, 19 |   4.8929976650333397e-03 |   4.8929976650333397e-03 | 1
 17, 20 |   4.8929976650429743e-03 |   4.8929976650429743e-03 | 1
 17, 21 |   4.8929976650316986e-03 |   4.8929976650316986e-03 | 1
 17, 22 |   4.8929976650329519e-03 |   4.8929976650329519e-03 | 1
 17, 23 |   5.2896131080808796e-03 |   5.2896131080808796e-03 | 1
 17, 24 |   4.8929976650263782e-03 |   4.8929976650263782e-03 | 1
 17, 25 |   4.8929976650214872e-03 |   4.8929976650214872e-03 | 1
 17, 26 |   4.8929976650269576e-03 |   4.8929976650269576e-03 | 1
 17, 27 |   5.2692432330590025e-03 |   5.2692432330590025e-03 | 1
 17, 28 |   4.8929976650164122e-03 |   4.8929976650164122e-03 | 1
 17, 29 |   4.8929976650310906e-03 |   4.8929976650310906e-03 | 1
 17, 30 |   5.7183094889940739e-03 |   5.7183094889940739e-03 | 1
 18,  1 |   5.4508781993409120e-03 |   5.4508781993409120e-03 | 1
 18,  2 |   4.8929976649813604e-03 |   4.8929976649813604e-03 | 1
 18,  3 |   4.9578264473712566e-03 |   4.9578264473712566e-03 | 1
 18,  4 |   4.8929976650269186e-03 |   4.8929976650269186e-03 | 1
 18,  5 |   4.8929976650237666e-03 |   4.8929976650237666e-03 | 1
 18,  6 |   4.8929976650089494e-03 |   4.8929976650089494e-03 | 1
 18,  7 |   5.1109153841915316e-03 |   5.1109153841915316e-03 | 1
 18,  8 |   4.7384895618688833e-03 |   4.7384895618688833e-03 | 1
 18,  9 |   4.8929976649918321e-03 |   4.8929976649918321e-03 | 1
 18, 10 |   4.8929976649929527e-03 |   4.8929976649929527e-03 | 1
 18, 11 |   4.8110844620600276e-03 |   4.8110844620600276e-03 | 1
 18, 12 |   4.8929976650118499e-03 |   4.8929976650118499e-03 | 1
 18, 13 |   4.8929976649943249e-03 |   4.8929976649943249e-03 | 1
 18, 14 |   4.8929976650054548e-03 |   4.8929976650054548e-03 | 1
 18, 15 |   5.5967956404442912e-03 |   5.5967956404442912e-03 | 1
 18, 16 |   5.3839683023342577e-03 |   5.3839683023342577e-03 | 1
 18, 17 |   4.8929976650198357e-03 |   4.8929976650198357e-03 | 1
 18, 18 |   4.8929976649978819e-03 |   4.8929976649978819e-03 | 1
 18, 19 |   4.8929976650113850e-03 |   4.8929976650113850e-03 | 1
 18, 20 |   4.8929976650210196e-03 |   4.8929976650210196e-03 | 1
 18, 21 |   4.8929976650097439e-03 |   4.8929976650097439e-03 | 1
 18, 22 |   4.8929976650109973e-03 |   4.8929976650109973e-03 | 1
 18, 23 |   5.2896131080495592e-03 |   5.2896131080495592e-03 | 1
 18, 24 |   4.8929976650044235e-03 |   4.8929976650044235e-03 | 1
 18, 25 |   4.8929976649995325e-03 |   4.8929976649995325e-03 | 1
 18, 26 |   4.8929976650050029e-03 |   4.8929976650050029e-03 | 1
 18, 27 |   5.2692432330336565e-03 |   5.2692432330336565e-03 | 1
 18, 28 |   4.8929976649944576e-03 |   4.8929976649944576e-03 | 1
 18, 29 |   4.8929976650091359e-03 |   4.8929976650091359e-03 | 1
 18, 30 |   5.7183094889708148e-03 |   5.7183094889708148e-03 | 1
 19,  1 |   5.4508781993597051e-03 |   5.4508781993597051e-03 | 1
 19,  2 |   4.8929976649948635e-03 |   4.8929976649948635e-03 | 1
 19,  3 |   4.9578264473860425e-03 |   4.9578264473860425e-03 | 1
 19,  4 |   4.8929976650404217e-03 |   4.8929976650404217e-03 | 1
 19,  5 |   4.8929976650372697e-03 |   4.8929976650372697e-03 | 1
 19,  6 |   4.8929976650224525e-03 |   4.8929976650224525e-03 | 1
 19,  7 |   5.1109153842077140e-03 |   5.1109153842077140e-03 | 1
 19,  8 |   4.7384895618834732e-03 |   4.7384895618834732e-03 | 1
 19,  9 |   4.8929976650053351e-03 |   4.8929976650053351e-03 | 1
 19, 10 |   4.8929976650064558e-03 |   4.8929976650064558e-03 | 1
 19, 11 |   4.8110844620730831e-03 |   4.8110844620730831e-03 | 1
 19, 12 |   4.8929976650253530e-03 |   4.8929976650253530e-03 | 1
 19, 13 |   4.8929976650078279e-03 |   4.8929976650078279e-03 | 1
 19, 14 |   4.8929976650189579e-03 |   4.8929976650189579e-03 | 1
 19, 15 |   5.5967956404597129e-03 |   5.5967956404597129e-03 | 1
 19, 16 |   5.3839683023512198e-03 |   5.3839683023512198e-03 | 1
 19, 17 |   4.8929976650333397e-03 |   4.8929976650333397e-03 | 1
 19, 18 |   4.8929976650113850e-03 |   4.8929976650113850e-03 | 1
 19, 19 |   4.8929976650248881e-03 |   4.8929976650248881e-03 | 1
 19, 20 |   4.8929976650345227e-03 |   4.8929976650345227e-03 | 1
 19, 21 |   4.8929976650232470e-03 |   4.8929976650232470e-03 | 1
 19, 22 |   4.8929976650245004e-03 |   4.8929976650245004e-03 | 1
 19, 23 |   5.2896131080694807e-03 |   5.2896131080694807e-03 | 1
 19, 24 |   4.8929976650179275e-03 |   4.8929976650179275e-03 | 1
 19, 25 |   4.8929976650130356e-03 |   4.8929976650130356e-03 | 1
 19, 26 |   4.8929976650185060e-03 |   4.8929976650185060e-03 | 1
 19, 27 |   5.2692432330493939e-03 |   5.2692432330493939e-03 | 1
 19, 28 |   4.8929976650079615e-03 |   4.8929976650079615e-03 | 1
 19, 29 |   4.8929976650226390e-03 |   4.8929976650226390e-03 | 1
 19, 30 |   5.7183094889849129e-03 |   5.7183094889849129e-03 | 1
 20,  1 |   5.4508781993713295e-03 |   5.4508781993713295e-03 | 1
 20,  2 |   4.8929976650044990e-03 |   4.8929976650044990e-03 | 1
 20,  3 |   4.9578264473960666e-03 |   4.9578264473960666e-03 | 1
 20,  4 |   4.8929976650500572e-03 |   4.8929976650500572e-03 | 1
 20,  5 |   4.8929976650469043e-03 |   4.8929976650469043e-03 | 1
 20,  6 |   4.8929976650320881e-03 |   4.8929976650320881e-03 | 1
 20,  7 |   5.1109153842182706e-03 |   5.1109153842182706e-03 | 1
 20,  8 |   4.7384895618931624e-03 |   4.7384895618931624e-03 | 1
 20,  9 |   4.8929976650149698e-03 |   4.8929976650149698e-03 | 1
 20, 10 |   4.8929976650160913e-03 |   4.8929976650160913e-03 | 1
 20, 11 |   4.8110844620825044e-03 |   4.8110844620825044e-03 | 1
 20, 12 |   4.8929976650349876e-03 |   4.8929976650349876e-03 | 1
 20, 13 |   4.8929976650174626e-03 |   4.8929976650174626e-03 | 1
 20, 14 |   4.8929976650285935e-03 |   4.8929976650285935e-03 | 1
 20, 15 |   5.5967956404707284e-03 |   5.5967956404707284e-03 | 1
 20, 16 |   5.3839683023623203e-03 |   5.3839683023623203e-03 | 1
 20, 17 |   4.8929976650429743e-03 |   4.8929976650429743e-03 | 1
 20, 18 |   4.8929976650210196e-03 |   4.8929976650210196e-03 | 1
 20, 19 |   4.8929976650345227e-03 |   4.8929976650345227e-03 | 1
 20, 20 |   4.8929976650441583e-03 |   4.8929976650441583e-03 | 1
 20, 21 |   4.8929976650328826e-03 |   4.8929976650328826e-03 | 1
 20, 22 |   4.8929976650341359e-03 |   4.8929976650341359e-03 | 1
 20, 23 |   5.2896131080811598e-03 |   5.2896131080811598e-03 | 1
 20, 24 |   4.8929976650275622e-03 |   4.8929976650275622e-03 | 1
 20, 25 |   4.8929976650226711e-03 |   4.8929976650226711e-03 | 1
 20, 26 |   4.8929976650281416e-03 |   4.8929976650281416e-03 | 1
 20, 27 |   5.2692432330600537e-03 |   5.2692432330600537e-03 | 1
 20, 28 |   4.8929976650175962e-03 |   4.8929976650175962e-03 | 1
 20, 29 |   4.8929976650322737e-03 |   4.8929976650322737e-03 | 1
 20, 30 |   5.7183094889957740e-03 |   5.7183094889957740e-03 | 1
 21,  1 |   5.4508781993574777e-03 |   5.4508781993574777e-03 | 1
 21,  2 |   4.8929976649932224e-03 |   4.8929976649932224e-03 | 1
 21,  3 |   4.9578264473842618e-03 |   4.9578264473842618e-03 | 1
 21,  4 |   4.8929976650387806e-03 |   4.8929976650387806e-03 | 1
 21,  5 |   4.8929976650356286e-03 |   4.8929976650356286e-03 | 1
 21,  6 |   4.8929976650208115e-03 |   4.8929976650208115e-03 | 1
 21,  7 |   5.1109153842057789e-03 |   5.1109153842057789e-03 | 1
 21,  8 |   4.7384895618817228e-03 |   4.7384895618817228e-03 | 1
 21,  9 |   4.8929976650036941e-03 |   4.8929976650036941e-03 | 1
 21, 10 |   4.8929976650048147e-03 |   4.8929976650048147e-03 | 1
 21, 11 |   4.8110844620714932e-03 |   4.8110844620714932e-03 | 1
 21, 12 |   4.8929976650237119e-03 |   4.8929976650237119e-03 | 1
 21, 13 |   4.8929976650061869e-03 |   4.8929976650061869e-03 | 1
 21, 14 |   4.8929976650173169e-03 |   4.8929976650173169e-03 | 1
 21, 15 |   5.5967956404578377e-03 |   5.5967956404578377e-03 | 1
 21, 16 |   5.3839683023491902e-03 |   5.3839683023491902e-03 | 1
 21, 17 |   4.8929976650316986e-03 |   4.8929976650316986e-03 | 1
 21, 18 |   4.8929976650097439e-03 |   4.8929976650097439e-03 | 1
 21, 19 |   4.8929976650232470e-03 |   4.8929976650232470e-03 | 1
 21, 20 |   4.8929976650328826e-03 |   4.8929976650328826e-03 | 1
 21, 21 |   4.8929976650216060e-03 |   4.8929976650216060e-03 | 1
 21, 22 |   4.8929976650228593e-03 |   4.8929976650228593e-03 | 1
 21, 23 |   5.2896131080671406e-03 |   5.2896131080671406e-03 | 1
 21, 24 |   4.8929976650162865e-03 |   4.8929976650162865e-03 | 1
 21, 25 |   4.8929976650113945e-03 |   4.8929976650113945e-03 | 1
 21, 26 |   4.8929976650168650e-03 |   4.8929976650168650e-03 | 1
 21, 27 |   5.2692432330474995e-03 |   5.2692432330474995e-03 | 1
 21, 28 |   4.8929976650063205e-03 |   4.8929976650063205e-03 | 1
 21, 29 |   4.8929976650209980e-03 |   4.8929976650209980e-03 | 1
 21, 30 |   5.7183094889831747e-03 |   5.7183094889831747e-03 | 1
 22,  1 |   5.4508781993579565e-03 |   5.4508781993579565e-03 | 1
 22,  2 |   4.8929976649944758e-03 |   4.8929976649944758e-03 | 1
 22,  3 |   4.9578264473852628e-03 |   4.9578264473852628e-03 | 1
 22,  4 |   4.8929976650400348e-03 |   4.8929976650400348e-03 | 1
 22,  5 |   4.8929976650368828e-03 |   4.8929976650368828e-03 | 1
 22,  6 |   4.8929976650220657e-03 |   4.8929976650220657e-03 | 1
 22,  7 |   5.1109153842065795e-03 |   5.1109153842065795e-03 | 1
 22,  8 |   4.7384895618825668e-03 |   4.7384895618825668e-03 | 1
 22,  9 |   4.8929976650049483e-03 |   4.8929976650049483e-03 | 1
 22, 10 |   4.8929976650060689e-03 |   4.8929976650060689e-03 | 1
 22, 11 |   4.8110844620727795e-03 |   4.8110844620727795e-03 | 1
 22, 12 |   4.8929976650249653e-03 |   4.8929976650249653e-03 | 1
 22, 13 |   4.8929976650074411e-03 |   4.8929976650074411e-03 | 1
 22, 14 |   4.8929976650185711e-03 |   4.8929976650185711e-03 | 1
 22, 15 |   5.5967956404592775e-03 |   5.5967956404592775e-03 | 1
 22, 16 |   5.3839683023500541e-03 |   5.3839683023500541e-03 | 1
 22, 17 |   4.8929976650329519e-03 |   4.8929976650329519e-03 | 1
 22, 18 |   4.8929976650109973e-03 |   4.8929976650109973e-03 | 1
 22, 19 |   4.8929976650245004e-03 |   4.8929976650245004e-03 | 1
 22, 20 |   4.8929976650341359e-03 |   4.8929976650341359e-03 | 1
 22, 21 |   4.8929976650228593e-03 |   4.8929976650228593e-03 | 1
 22, 22 |   4.8929976650241135e-03 |   4.8929976650241135e-03 | 1
 22, 23 |   5.2896131080671918e-03 |   5.2896131080671918e-03 | 1
 22, 24 |   4.8929976650175398e-03 |   4.8929976650175398e-03 | 1
 22, 25 |   4.8929976650126487e-03 |   4.8929976650126487e-03 | 1
 22, 26 |   4.8929976650181183e-03 |   4.8929976650181183e-03 | 1
 22, 27 |   5.2692432330485569e-03 |   5.2692432330485569e-03 | 1
 22, 28 |   4.8929976650075738e-03 |   4.8929976650075738e-03 | 1
 22, 29 |   4.8929976650222522e-03 |   4.8929976650222522e-03 | 1
 22, 30 |   5.7183094889850516e-03 |   5.7183094889850516e-03 | 1
 23,  1 |   6.1125136230760248e-03 |   6.1125136230760248e-03 | 1
 23,  2 |   5.2896131080268118e-03 |   5.2896131080268118e-03 | 1
 23,  3 |   5.5912535400500368e-03 |   5.5912535400500368e-03 | 1
 23,  4 |   5.2896131080900086e-03 |   5.2896131080900086e-03 | 1
 23,  5 |   5.2896131080862070e-03 |   5.2896131080862070e-03 | 1
 23,  6 |   5.2896131080633286e-03 |   5.2896131080633286e-03 | 1
 23,  7 |   5.8494056218687026e-03 |   5.8494056218687026e-03 | 1
 23,  8 |   5.4926944985658564e-03 |   5.4926944985658564e-03 | 1
 23,  9 |   5.2896131080376954e-03 |   5.2896131080376954e-03 | 1
 23, 10 |   5.2896131080394926e-03 |   5.2896131080394926e-03 | 1
 23, 11 |   5.3774423001978107e-03 |   5.3774423001978107e-03 | 1
 23, 12 |   5.2896131080686316e-03 |   5.2896131080686316e-03 | 1
 23, 13 |   5.2896131080449830e-03 |   5.2896131080449830e-03 | 1
 23, 14 |   5.2896131080583334e-03 |   5.2896131080583334e-03 | 1
 23, 15 |   6.3111109557173768e-03 |   6.3111109557173768e-03 | 1
 23, 16 |   6.1113312946340665e-03 |   6.1113312946340665e-03 | 1
 23, 17 |   5.2896131080808796e-03 |   5.2896131080808796e-03 | 1
 23, 18 |   5.2896131080495592e-03 |   5.2896131080495592e-03 | 1
 23, 19 |   5.2896131080694807e-03 |   5.2896131080694807e-03 | 1
 23, 20 |   5.2896131080811598e-03 |   5.2896131080811598e-03 | 1
 23, 21 |   5.2896131080671406e-03 |   5.2896131080671406e-03 | 1
 23, 22 |   5.2896131080671918e-03 |   5.2896131080671918e-03 | 1
 23, 23 |   6.6826685387106370e-03 |   6.6826685387106370e-03 | 1
 23, 24 |   5.2896131080576291e-03 |   5.2896131080576291e-03 | 1
 23, 25 |   5.2896131080528829e-03 |   5.2896131080528829e-03 | 1
 23, 26 |   5.2896131080582883e-03 |   5.2896131080582883e-03 | 1
 23, 27 |   6.0770293442219993e-03 |   6.0770293442219993e-03 | 1
 23, 28 |   5.2896131080429464e-03 |   5.2896131080429464e-03 | 1
 23, 29 |   5.2896131080632635e-03 |   5.2896131080632635e-03 | 1
 23, 30 |   6.6964162159728014e-03 |   6.6964162159728014e-03 | 1
 24,  1 |   5.4508781993489030e-03 |   5.4508781993489030e-03 | 1
 24,  2 |   4.8929976649879020e-03 |   4.8929976649879020e-03 | 1
 24,  3 |   4.9578264473780932e-03 |   4.9578264473780932e-03 | 1
 24,  4 |   4.8929976650334611e-03 |   4.8929976650334611e-03 | 1
 24,  5 |   4.8929976650303082e-03 |   4.8929976650303082e-03 | 1
 24,  6 |   4.8929976650154920e-03 |   4.8929976650154920e-03 | 1
 24,  7 |   5.1109153841987533e-03 |   5.1109153841987533e-03 | 1
 24,  8 |   4.7384895618755030e-03 |   4.7384895618755030e-03 | 1
 24,  9 |   4.8929976649983737e-03 |   4.8929976649983737e-03 | 1
 24, 10 |   4.8929976649994943e-03 |   4.8929976649994943e-03 | 1
 24, 11 |   4.8110844620664183e-03 |   4.8110844620664183e-03 | 1
 24, 12 |   4.8929976650183915e-03 |   4.8929976650183915e-03 | 1
 24, 13 |   4.8929976650008665e-03 |   4.8929976650008665e-03 | 1
 24, 14 |   4.8929976650119965e-03 |   4.8929976650119965e-03 | 1
 24, 15 |   5.5967956404517696e-03 |   5.5967956404517696e-03 | 1
 24, 16 |   5.3839683023418506e-03 |   5.3839683023418506e-03 | 1
 24, 17 |   4.8929976650263782e-03 |   4.8929976650263782e-03 | 1
 24, 18 |   4.8929976650044235e-03 |   4.8929976650044235e-03 | 1
 24, 19 |   4.8929976650179275e-03 |   4.8929976650179275e-03 | 1
 24, 20 |   4.8929976650275622e-03 |   4.8929976650275622e-03 | 1
 24, 21 |   4.8929976650162865e-03 |   4.8929976650162865e-03 | 1
 24, 22 |   4.8929976650175398e-03 |   4.8929976650175398e-03 | 1
 24, 23 |   5.2896131080576291e-03 |   5.2896131080576291e-03 | 1
 24, 24 |   4.8929976650109661e-03 |   4.8929976650109661e-03 | 1
 24, 25 |   4.8929976650060741e-03 |   4.8929976650060741e-03 | 1
 24, 26 |   4.8929976650115455e-03 |   4.8929976650115455e-03 | 1
 24, 27 |   5.2692432330409267e-03 |   5.2692432330409267e-03 | 1
 24, 28 |   4.8929976650010001e-03 |   4.8929976650010001e-03 | 1
 24, 29 |   4.8929976650156776e-03 |   4.8929976650156776e-03 | 1
 24, 30 |   5.7183094889781448e-03 |   5.7183094889781448e-03 | 1
 25,  1 |   5.4508781993438359e-03 |   5.4508781993438359e-03 | 1
 25,  2 |   4.8929976649830110e-03 |   4.8929976649830110e-03 | 1
 25,  3 |   4.9578264473732481e-03 |   4.9578264473732481e-03 | 1
 25,  4 |   4.8929976650285700e-03 |   4.8929976650285700e-03 | 1
 25,  5 |   4.8929976650254180e-03 |   4.8929976650254180e-03 | 1
 25,  6 |   4.8929976650106000e-03 |   4.8929976650106000e-03 | 1
 25,  7 |   5.1109153841938561e-03 |   5.1109153841938561e-03 | 1
 25,  8 |   4.7384895618709198e-03 |   4.7384895618709198e-03 | 1
 25,  9 |   4.8929976649934835e-03 |   4.8929976649934835e-03 | 1
 25, 10 |   4.8929976649946041e-03 |   4.8929976649946041e-03 | 1
 25, 11 |   4.8110844620615862e-03 |   4.8110844620615862e-03 | 1
 25, 12 |   4.8929976650135005e-03 |   4.8929976650135005e-03 | 1
 25, 13 |   4.8929976649959754e-03 |   4.8929976649959754e-03 | 1
 25, 14 |   4.8929976650071063e-03 |   4.8929976650071063e-03 | 1
 25, 15 |   5.5967956404461726e-03 |   5.5967956404461726e-03 | 1
 25, 16 |   5.3839683023366829e-03 |   5.3839683023366829e-03 | 1
 25, 17 |   4.8929976650214872e-03 |   4.8929976650214872e-03 | 1
 25, 18 |   4.8929976649995325e-03 |   4.8929976649995325e-03 | 1
 25, 19 |   4.8929976650130356e-03 |   4.8929976650130356e-03 | 1
 25, 20 |   4.8929976650226711e-03 |   4.8929976650226711e-03 | 1
 25, 21 |   4.8929976650113945e-03 |   4.8929976650113945e-03 | 1
 25, 22 |   4.8929976650126487e-03 |   4.8929976650126487e-03 | 1
 25, 23 |   5.2896131080528829e-03 |   5.2896131080528829e-03 | 1
 25, 24 |   4.8929976650060741e-03 |   4.8929976650060741e-03 | 1
 25, 25 |   4.8929976650011840e-03 |   4.8929976650011840e-03 | 1
 25, 26 |   4.8929976650066535e-03 |   4.8929976650066535e-03 | 1
 25, 27 |   5.2692432330357815e-03 |   5.2692432330357815e-03 | 1
 25, 28 |   4.8929976649961082e-03 |   4.8929976649961082e-03 | 1
 25, 29 |   4.8929976650107865e-03 |   4.8929976650107865e-03 | 1
 25, 30 |   5.7183094889722581e-03 |   5.7183094889722581e-03 | 1
 26,  1 |   5.4508781993495717e-03 |   5.4508781993495717e-03 | 1
 26,  2 |   4.8929976649884814e-03 |   4.8929976649884814e-03 | 1
 26,  3 |   4.9578264473786864e-03 |   4.9578264473786864e-03 | 1
 26,  4 |   4.8929976650340405e-03 |   4.8929976650340405e-03 | 1
 26,  5 |   4.8929976650308876e-03 |   4.8929976650308876e-03 | 1
 26,  6 |   4.8929976650160705e-03 |   4.8929976650160705e-03 | 1
 26,  7 |   5.1109153841993726e-03 |   5.1109153841993726e-03 | 1
 26,  8 |   4.7384895618760728e-03 |   4.7384895618760728e-03 | 1
 26,  9 |   4.8929976649989531e-03 |   4.8929976649989531e-03 | 1
 26, 10 |   4.8929976650000737e-03 |   4.8929976650000737e-03 | 1
 26, 11 |   4.8110844620669864e-03 |   4.8110844620669864e-03 | 1
 26, 12 |   4.8929976650189709e-03 |   4.8929976650189709e-03 | 1
 26, 13 |   4.8929976650014459e-03 |   4.8929976650014459e-03 | 1
 26, 14 |   4.8929976650125759e-03 |   4.8929976650125759e-03 | 1
 26, 15 |   5.5967956404524323e-03 |   5.5967956404524323e-03 | 1
 26, 16 |   5.3839683023425011e-03 |   5.3839683023425011e-03 | 1
 26, 17 |   4.8929976650269576e-03 |   4.8929976650269576e-03 | 1
 26, 18 |   4.8929976650050029e-03 |   4.8929976650050029e-03 | 1
 26, 19 |   4.8929976650185060e-03 |   4.8929976650185060e-03 | 1
 26, 20 |   4.8929976650281416e-03 |   4.8929976650281416e-03 | 1
 26, 21 |   4.8929976650168650e-03 |   4.8929976650168650e-03 | 1
 26, 22 |   4.8929976650181183e-03 |   4.8929976650181183e-03 | 1
 26, 23 |   5.2896131080582883e-03 |   5.2896131080582883e-03 | 1
 26, 24 |   4.8929976650115455e-03 |   4.8929976650115455e-03 | 1
 26, 25 |   4.8929976650066535e-03 |   4.8929976650066535e-03 | 1
 26, 26 |   4.8929976650121249e-03 |   4.8929976650121249e-03 | 1
 26, 27 |   5.2692432330415581e-03 |   5.2692432330415581e-03 | 1
 26, 28 |   4.8929976650015795e-03 |   4.8929976650015795e-03 | 1
 26, 29 |   4.8929976650162570e-03 |   4.8929976650162570e-03 | 1
 26, 30 |   5.7183094889788118e-03 |   5.7183094889788118e-03 | 1
 27,  1 |   5.9193566932849804e-03 |   5.9193566932849804e-03 | 1
 27,  2 |   5.2692432330147688e-03 |   5.2692432330147688e-03 | 1
 27,  3 |   5.4742941771920729e-03 |   5.4742941771920729e-03 | 1
 27,  4 |   5.2692432330669605e-03 |   5.2692432330669605e-03 | 1
 27,  5 |   5.2692432330634772e-03 |   5.2692432330634772e-03 | 1
 27,  6 |   5.2692432330459817e-03 |   5.2692432330459817e-03 | 1
 27,  7 |   5.6891606317408137e-03 |   5.6891606317408137e-03 | 1
 27,  8 |   5.5736234020637033e-03 |   5.5736234020637033e-03 | 1
 27,  9 |   5.2692432330259473e-03 |   5.2692432330259473e-03 | 1
 27, 10 |   5.2692432330272865e-03 |   5.2692432330272865e-03 | 1
 27, 11 |   5.2970237282609616e-03 |   5.2970237282609616e-03 | 1
 27, 12 |   5.2692432330495908e-03 |   5.2692432330495908e-03 | 1
 27, 13 |   5.2692432330296623e-03 |   5.2692432330296623e-03 | 1
 27, 14 |   5.2692432330419450e-03 |   5.2692432330419450e-03 | 1
 27, 15 |   6.1933127429936730e-03 |   6.1933127429936730e-03 | 1
 27, 16 |   5.8883586952785463e-03 |   5.8883586952785463e-03 | 1
 27, 17 |   5.2692432330590025e-03 |   5.2692432330590025e-03 | 1
 27, 18 |   5.2692432330336565e-03 |   5.2692432330336565e-03 | 1
 27, 19 |   5.2692432330493939e-03 |   5.2692432330493939e-03 | 1
 27, 20 |   5.2692432330600537e-03 |   5.2692432330600537e-03 | 1
 27, 21 |   5.2692432330474995e-03 |   5.2692432330474995e-03 | 1
 27, 22 |   5.2692432330485569e-03 |   5.2692432330485569e-03 | 1
 27, 23 |   6.0770293442219993e-03 |   6.0770293442219993e-03 | 1
 27, 24 |   5.2692432330409267e-03 |   5.2692432330409267e-03 | 1
 27, 25 |   5.2692432330357815e-03 |   5.2692432330357815e-03 | 1
 27, 26 |   5.2692432330415581e-03 |   5.2692432330415581e-03 | 1
 27, 27 |   6.1176705205687144e-03 |   6.1176705205687144e-03 | 1
 27, 28 |   5.2692432330293162e-03 |   5.2692432330293162e-03 | 1
 27, 29 |   5.2692432330461222e-03 |   5.2692432330461222e-03 | 1
 27, 30 |   6.5626583883708900e-03 |   6.5626583883708900e-03 | 1
 28,  1 |   5.4508781993350469e-03 |   5.4508781993350469e-03 | 1
 28,  2 |   4.8929976649779361e-03 |   4.8929976649779361e-03 | 1
 28,  3 |   4.9578264473671843e-03 |   4.9578264473671843e-03 | 1
 28,  4 |   4.8929976650234951e-03 |   4.8929976650234951e-03 | 1
 28,  5 |   4.8929976650203422e-03 |   4.8929976650203422e-03 | 1
 28,  6 |   4.8929976650055251e-03 |   4.8929976650055251e-03 | 1
 28,  7 |   5.1109153841868184e-03 |   5.1109153841868184e-03 | 1
 28,  8 |   4.7384895618647399e-03 |   4.7384895618647399e-03 | 1
 28,  9 |   4.8929976649884077e-03 |   4.8929976649884077e-03 | 1
 28, 10 |   4.8929976649895283e-03 |   4.8929976649895283e-03 | 1
 28, 11 |   4.8110844620567802e-03 |   4.8110844620567802e-03 | 1
 28, 12 |   4.8929976650084256e-03 |   4.8929976650084256e-03 | 1
 28, 13 |   4.8929976649909005e-03 |   4.8929976649909005e-03 | 1
 28, 14 |   4.8929976650020305e-03 |   4.8929976650020305e-03 | 1
 28, 15 |   5.5967956404403864e-03 |   5.5967956404403864e-03 | 1
 28, 16 |   5.3839683023293398e-03 |   5.3839683023293398e-03 | 1
 28, 17 |   4.8929976650164122e-03 |   4.8929976650164122e-03 | 1
 28, 18 |   4.8929976649944576e-03 |   4.8929976649944576e-03 | 1
 28, 19 |   4.8929976650079615e-03 |   4.8929976650079615e-03 | 1
 28, 20 |   4.8929976650175962e-03 |   4.8929976650175962e-03 | 1
 28, 21 |   4.8929976650063205e-03 |   4.8929976650063205e-03 | 1
 28, 22 |   4.8929976650075738e-03 |   4.8929976650075738e-03 | 1
 28, 23 |   5.2896131080429464e-03 |   5.2896131080429464e-03 | 1
 28, 24 |   4.8929976650010001e-03 |   4.8929976650010001e-03 | 1
 28, 25 |   4.8929976649961082e-03 |   4.8929976649961082e-03 | 1
 28, 26 |   4.8929976650015795e-03 |   4.8929976650015795e-03 | 1
 28, 27 |   5.2692432330293162e-03 |   5.2692432330293162e-03 | 1
 28, 28 |   4.8929976649910341e-03 |   4.8929976649910341e-03 | 1
 28, 29 |   4.8929976650057116e-03 |   4.8929976650057116e-03 | 1
 28, 30 |   5.7183094889677330e-03 |   5.7183094889677330e-03 | 1
 29,  1 |   5.4508781993545339e-03 |   5.4508781993545339e-03 | 1
 29,  2 |   4.8929976649926144e-03 |   4.8929976649926144e-03 | 1
 29,  3 |   4.9578264473829790e-03 |   4.9578264473829790e-03 | 1
 29,  4 |   4.8929976650381726e-03 |   4.8929976650381726e-03 | 1
 29,  5 |   4.8929976650350206e-03 |   4.8929976650350206e-03 | 1
 29,  6 |   4.8929976650202035e-03 |   4.8929976650202035e-03 | 1
 29,  7 |   5.1109153842038872e-03 |   5.1109153842038872e-03 | 1
 29,  8 |   4.7384895618802188e-03 |   4.7384895618802188e-03 | 1
 29,  9 |   4.8929976650030861e-03 |   4.8929976650030861e-03 | 1
 29, 10 |   4.8929976650042067e-03 |   4.8929976650042067e-03 | 1
 29, 11 |   4.8110844620710292e-03 |   4.8110844620710292e-03 | 1
 29, 12 |   4.8929976650231039e-03 |   4.8929976650231039e-03 | 1
 29, 13 |   4.8929976650055789e-03 |   4.8929976650055789e-03 | 1
 29, 14 |   4.8929976650167089e-03 |   4.8929976650167089e-03 | 1
 29, 15 |   5.5967956404571560e-03 |   5.5967956404571560e-03 | 1
 29, 16 |   5.3839683023472491e-03 |   5.3839683023472491e-03 | 1
 29, 17 |   4.8929976650310906e-03 |   4.8929976650310906e-03 | 1
 29, 18 |   4.8929976650091359e-03 |   4.8929976650091359e-03 | 1
 29, 19 |   4.8929976650226390e-03 |   4.8929976650226390e-03 | 1
 29, 20 |   4.8929976650322737e-03 |   4.8929976650322737e-03 | 1
 29, 21 |   4.8929976650209980e-03 |   4.8929976650209980e-03 | 1
 29, 22 |   4.8929976650222522e-03 |   4.8929976650222522e-03 | 1
 29, 23 |   5.2896131080632635e-03 |   5.2896131080632635e-03 | 1
 29, 24 |   4.8929976650156776e-03 |   4.8929976650156776e-03 | 1
 29, 25 |   4.8929976650107865e-03 |   4.8929976650107865e-03 | 1
 29, 26 |   4.8929976650162570e-03 |   4.8929976650162570e-03 | 1
 29, 27 |   5.2692432330461222e-03 |   5.2692432330461222e-03 | 1
 29, 28 |   4.8929976650057116e-03 |   4.8929976650057116e-03 | 1
 29, 29 |   4.8929976650203899e-03 |   4.8929976650203899e-03 | 1
 29, 30 |   5.7183094889834800e-03 |   5.7183094889834800e-03 | 1
 30,  1 |   6.3008205725496105e-03 |   6.3008205725496105e-03 | 1
 30,  2 |   5.7183094889530512e-03 |   5.7183094889530512e-03 | 1
 30,  3 |   6.1541049512544048e-03 |   6.1541049512544048e-03 | 1
 30,  4 |   5.7183094890018871e-03 |   5.7183094890018871e-03 | 1
 30,  5 |   5.7183094889983275e-03 |   5.7183094889983275e-03 | 1
 30,  6 |   5.7183094889831790e-03 |   5.7183094889831790e-03 | 1
 30,  7 |   6.1139281230226227e-03 |   6.1139281230226227e-03 | 1
 30,  8 |   5.7845810232164179e-03 |   5.7845810232164179e-03 | 1
 30,  9 |   5.7183094889654285e-03 |   5.7183094889654285e-03 | 1
 30, 10 |   5.7183094889665517e-03 |   5.7183094889665517e-03 | 1
 30, 11 |   5.7783951139218611e-03 |   5.7783951139218611e-03 | 1
 30, 12 |   5.7183094889858826e-03 |   5.7183094889858826e-03 | 1
 30, 13 |   5.7183094889668891e-03 |   5.7183094889668891e-03 | 1
 30, 14 |   5.7183094889794797e-03 |   5.7183094889794797e-03 | 1
 30, 15 |   6.6447800268624457e-03 |   6.6447800268624457e-03 | 1
 30, 16 |   6.3052018135775507e-03 |   6.3052018135775507e-03 | 1
 30, 17 |   5.7183094889940739e-03 |   5.7183094889940739e-03 | 1
 30, 18 |   5.7183094889708148e-03 |   5.7183094889708148e-03 | 1
 30, 19 |   5.7183094889849129e-03 |   5.7183094889849129e-03 | 1
 30, 20 |   5.7183094889957740e-03 |   5.7183094889957740e-03 | 1
 30, 21 |   5.7183094889831747e-03 |   5.7183094889831747e-03 | 1
 30, 22 |   5.7183094889850516e-03 |   5.7183094889850516e-03 | 1
 30, 23 |   6.6964162159728014e-03 |   6.6964162159728014e-03 | 1
 30, 24 |   5.7183094889781448e-03 |   5.7183094889781448e-03 | 1
 30, 25 |   5.7183094889722581e-03 |   5.7183094889722581e-03 | 1
 30, 26 |   5.7183094889788118e-03 |   5.7183094889788118e-03 | 1
 30, 27 |   6.5626583883708900e-03 |   6.5626583883708900e-03 | 1
 30, 28 |   5.7183094889677330e-03 |   5.7183094889677330e-03 | 1
 30, 29 |   5.7183094889834800e-03 |   5.7183094889834800e-03 | 1
 30, 30 |   8.7686215844965613e-03 |   8.7686215844965613e-03 | 1
