row,col | V_base                   | V_new                    | equal
  1,  1 |   7.8586520122534938e-04 |   7.8586520122534938e-04 | 1
  1,  2 |   7.2944531809998874e-04 |   7.2944531809998874e-04 | 1
  1,  3 |   7.1495766907296522e-04 |   7.1495766907296522e-04 | 1
  1,  4 |   7.4582603019852814e-04 |   7.4582603019852814e-04 | 1
  1,  5 |   3.6363460199579463e-03 |   3.6363460199579463e-03 | 1
  1,  6 |   8.7575422791697486e-04 |   8.7575422791697486e-04 | 1
  1,  7 |   8.4214475527446555e-04 |   8.4214475527446555e-04 | 1
  1,  8 |   6.9230420096429417e-04 |   6.9230420096429417e-04 | 1
  1,  9 |   6.2907027684611485e-04 |   6.2907027684611485e-04 | 1
  1, 10 |   1.0530393203389728e-03 |   1.0530393203389728e-03 | 1
  1, 11 |   6.5459162281315906e-04 |   6.5459162281315906e-04 | 1
  1, 12 |   8.9205296561272623e-04 |   8.9205296561272623e-04 | 1
  2,  1 |   7.2944531809998874e-04 |   7.2944531809998874e-04 | 1
  2,  2 |   1.2780089851648882e-03 |   1.2780089851648882e-03 | 1
  2,  3 |   1.1632140462364540e-03 |   1.1632140462364540e-03 | 1
  2,  4 |   8.2603624211990620e-04 |   8.2603624211990620e-04 | 1
  2,  5 |  -9.7667955070308713e-05 |  -9.7667955070308713e-05 | 1
  2,  6 |  -4.2365743599021992e-04 |  -4.2365743599021992e-04 | 1
  2,  7 |   1.5451056465251719e-04 |   1.5451056465251719e-04 | 1
  2,  8 |   6.1141669868431574e-04 |   6.1141669868431574e-04 | 1
  2,  9 |   2.0140421798024886e-03 |   2.0140421798024886e-03 | 1
  2, 10 |   3.8204397211240868e-03 |   3.8204397211240868e-03 | 1
  2, 11 |   2.0379322339668443e-03 |   2.0379322339668443e-03 | 1
  2, 12 |   8.5616893694603663e-04 |   8.5616893694603663e-04 | 1
  3,  1 |   7.1495766907296522e-04 |   7.1495766907296522e-04 | 1
  3,  2 |   1.1632140462364540e-03 |   1.1632140462364540e-03 | 1
  3,  3 |   1.0899023691143183e-03 |   1.0899023691143183e-03 | 1
  3,  4 |   7.8064707228886693e-04 |   7.8064707228886693e-04 | 1
  3,  5 |   6.6168655677071849e-04 |   6.6168655677071849e-04 | 1
  3,  6 |  -4.4983364257999894e-04 |  -4.4983364257999894e-04 | 1
  3,  7 |   2.4866491939684121e-04 |   2.4866491939684121e-04 | 1
  3,  8 |   5.9689674322828748e-04 |   5.9689674322828748e-04 | 1
  3,  9 |   1.7851818547434182e-03 |   1.7851818547434182e-03 | 1
  3, 10 |   3.3926576367734641e-03 |   3.3926576367734641e-03 | 1
  3, 11 |   1.8215932714059429e-03 |   1.8215932714059429e-03 | 1
  3, 12 |   8.3437472764870326e-04 |   8.3437472764870326e-04 | 1
  4,  1 |   7.4582603019852814e-04 |   7.4582603019852814e-04 | 1
  4,  2 |   8.2603624211990620e-04 |   8.2603624211990620e-04 | 1
  4,  3 |   7.8064707228886693e-04 |   7.8064707228886693e-04 | 1
  4,  4 |   8.3381048915051061e-04 |   8.3381048915051061e-04 | 1
  4,  5 |   2.5790943054143523e-03 |   2.5790943054143523e-03 | 1
  4,  6 |   9.7819588668148069e-04 |   9.7819588668148069e-04 | 1
  4,  7 |   7.0049377627563443e-04 |   7.0049377627563443e-04 | 1
  4,  8 |   7.0228966790184379e-04 |   7.0228966790184379e-04 | 1
  4,  9 |   8.8079233439321714e-04 |   8.8079233439321714e-04 | 1
  4, 10 |   1.5169265479165464e-03 |   1.5169265479165464e-03 | 1
  4, 11 |   8.9808305295919306e-04 |   8.9808305295919306e-04 | 1
  4, 12 |   8.5505101942801465e-04 |   8.5505101942801465e-04 | 1
  5,  1 |   3.6363460199579463e-03 |   3.6363460199579463e-03 | 1
  5,  2 |  -9.7667955070308713e-05 |  -9.7667955070308713e-05 | 1
  5,  3 |   6.6168655677071849e-04 |   6.6168655677071849e-04 | 1
  5,  4 |   2.5790943054143523e-03 |   2.5790943054143523e-03 | 1
  5,  5 |   6.4056445870939671e-02 |   6.4056445870939671e-02 | 1
  5,  6 |  -9.8150736321449749e-04 |  -9.8150736321449749e-04 | 1
  5,  7 |   9.3775940390575414e-03 |   9.3775940390575414e-03 | 1
  5,  8 |   4.1158837212743379e-03 |   4.1158837212743379e-03 | 1
  5,  9 |  -7.0120243476490002e-03 |  -7.0120243476490002e-03 | 1
  5, 10 |  -1.4093563938590271e-02 |  -1.4093563938590271e-02 | 1
  5, 11 |  -6.3898389908233991e-03 |  -6.3898389908233991e-03 | 1
  5, 12 |   3.6134696970391523e-03 |   3.6134696970391523e-03 | 1
  6,  1 |   8.7575422791697486e-04 |   8.7575422791697486e-04 | 1
  6,  2 |  -4.2365743599021992e-04 |  -4.2365743599021992e-04 | 1
  6,  3 |  -4.4983364257999894e-04 |  -4.4983364257999894e-04 | 1
  6,  4 |   9.7819588668148069e-04 |   9.7819588668148069e-04 | 1
  6,  5 |  -9.8150736321449749e-04 |  -9.8150736321449749e-04 | 1
  6,  6 |   1.7723308848604666e-02 |   1.7723308848604666e-02 | 1
  6,  7 |   1.3890127497381635e-03 |   1.3890127497381635e-03 | 1
  6,  8 |   6.3888844271577355e-04 |   6.3888844271577355e-04 | 1
  6,  9 |  -1.2977702417767130e-03 |  -1.2977702417767130e-03 | 1
  6, 10 |  -3.4462997182822929e-03 |  -3.4462997182822929e-03 | 1
  6, 11 |  -1.7095761163121029e-03 |  -1.7095761163121029e-03 | 1
  6, 12 |   1.4028318789518640e-03 |   1.4028318789518640e-03 | 1
  7,  1 |   8.4214475527446555e-04 |   8.4214475527446555e-04 | 1
  7,  2 |   1.5451056465251719e-04 |   1.5451056465251719e-04 | 1
  7,  3 |   2.4866491939684121e-04 |   2.4866491939684121e-04 | 1
  7,  4 |   7.0049377627563443e-04 |   7.0049377627563443e-04 | 1
  7,  5 |   9.3775940390575414e-03 |   9.3775940390575414e-03 | 1
  7,  6 |   1.3890127497381635e-03 |   1.3890127497381635e-03 | 1
  7,  7 |   1.7869914141433810e-03 |   1.7869914141433810e-03 | 1
  7,  8 |   8.5971518592129880e-04 |   8.5971518592129880e-04 | 1
  7,  9 |  -9.9617663823324239e-04 |  -9.9617663823324239e-04 | 1
  7, 10 |  -2.1440442246526172e-03 |  -2.1440442246526172e-03 | 1
  7, 11 |  -9.2606721202375785e-04 |  -9.2606721202375785e-04 | 1
  7, 12 |   9.2434331481310483e-04 |   9.2434331481310483e-04 | 1
  8,  1 |   6.9230420096429417e-04 |   6.9230420096429417e-04 | 1
  8,  2 |   6.1141669868431574e-04 |   6.1141669868431574e-04 | 1
  8,  3 |   5.9689674322828748e-04 |   5.9689674322828748e-04 | 1
  8,  4 |   7.0228966790184379e-04 |   7.0228966790184379e-04 | 1
  8,  5 |   4.1158837212743379e-03 |   4.1158837212743379e-03 | 1
  8,  6 |   6.3888844271577355e-04 |   6.3888844271577355e-04 | 1
  8,  7 |   8.5971518592129880e-04 |   8.5971518592129880e-04 | 1
  8,  8 |   6.7465507733114466e-04 |   6.7465507733114466e-04 | 1
  8,  9 |   3.9181444798765499e-04 |   3.9181444798765499e-04 | 1
  8, 10 |   5.6875336556157414e-04 |   5.6875336556157414e-04 | 1
  8, 11 |   4.1947192843681152e-04 |   4.1947192843681152e-04 | 1
  8, 12 |   7.7198102757676209e-04 |   7.7198102757676209e-04 | 1
  9,  1 |   6.2907027684611485e-04 |   6.2907027684611485e-04 | 1
  9,  2 |   2.0140421798024886e-03 |   2.0140421798024886e-03 | 1
  9,  3 |   1.7851818547434182e-03 |   1.7851818547434182e-03 | 1
  9,  4 |   8.8079233439321714e-04 |   8.8079233439321714e-04 | 1
  9,  5 |  -7.0120243476490002e-03 |  -7.0120243476490002e-03 | 1
  9,  6 |  -1.2977702417767130e-03 |  -1.2977702417767130e-03 | 1
  9,  7 |  -9.9617663823324239e-04 |  -9.9617663823324239e-04 | 1
  9,  8 |   3.9181444798765499e-04 |   3.9181444798765499e-04 | 1
  9,  9 |   4.2151940849581970e-03 |   4.2151940849581970e-03 | 1
  9, 10 |   8.0204560154062757e-03 |   8.0204560154062757e-03 | 1
  9, 11 |   4.1749529602067136e-03 |   4.1749529602067136e-03 | 1
  9, 12 |   8.2302866177214279e-04 |   8.2302866177214279e-04 | 1
 10,  1 |   1.0530393203389728e-03 |   1.0530393203389728e-03 | 1
 10,  2 |   3.8204397211240868e-03 |   3.8204397211240868e-03 | 1
 10,  3 |   3.3926576367734641e-03 |   3.3926576367734641e-03 | 1
 10,  4 |   1.5169265479165464e-03 |   1.5169265479165464e-03 | 1
 10,  5 |  -1.4093563938590271e-02 |  -1.4093563938590271e-02 | 1
 10,  6 |  -3.4462997182822929e-03 |  -3.4462997182822929e-03 | 1
 10,  7 |  -2.1440442246526172e-03 |  -2.1440442246526172e-03 | 1
 10,  8 |   5.6875336556157414e-04 |   5.6875336556157414e-04 | 1
 10,  9 |   8.0204560154062757e-03 |   8.0204560154062757e-03 | 1
 10, 10 |   1.6471665707990520e-02 |   1.6471665707990520e-02 | 1
 10, 11 |   8.0157179782335709e-03 |   8.0157179782335709e-03 | 1
 10, 12 |   1.2654755676839526e-03 |   1.2654755676839526e-03 | 1
 11,  1 |   6.5459162281315906e-04 |   6.5459162281315906e-04 | 1
 11,  2 |   2.0379322339668443e-03 |   2.0379322339668443e-03 | 1
 11,  3 |   1.8215932714059429e-03 |   1.8215932714059429e-03 | 1
 11,  4 |   8.9808305295919306e-04 |   8.9808305295919306e-04 | 1
 11,  5 |  -6.3898389908233991e-03 |  -6.3898389908233991e-03 | 1
 11,  6 |  -1.7095761163121029e-03 |  -1.7095761163121029e-03 | 1
 11,  7 |  -9.2606721202375785e-04 |  -9.2606721202375785e-04 | 1
 11,  8 |   4.1947192843681152e-04 |   4.1947192843681152e-04 | 1
 11,  9 |   4.1749529602067136e-03 |   4.1749529602067136e-03 | 1
 11, 10 |   8.0157179782335709e-03 |   8.0157179782335709e-03 | 1
 11, 11 |   4.2006454805215169e-03 |   4.2006454805215169e-03 | 1
 11, 12 |   8.4704361001342618e-04 |   8.4704361001342618e-04 | 1
 12,  1 |   8.9205296561272623e-04 |   8.9205296561272623e-04 | 1
 12,  2 |   8.5616893694603663e-04 |   8.5616893694603663e-04 | 1
 12,  3 |   8.3437472764870326e-04 |   8.3437472764870326e-04 | 1
 12,  4 |   8.5505101942801465e-04 |   8.5505101942801465e-04 | 1
 12,  5 |   3.6134696970391523e-03 |   3.6134696970391523e-03 | 1
 12,  6 |   1.4028318789518640e-03 |   1.4028318789518640e-03 | 1
 12,  7 |   9.2434331481310483e-04 |   9.2434331481310483e-04 | 1
 12,  8 |   7.7198102757676209e-04 |   7.7198102757676209e-04 | 1
 12,  9 |   8.2302866177214279e-04 |   8.2302866177214279e-04 | 1
 12, 10 |   1.2654755676839526e-03 |   1.2654755676839526e-03 | 1
 12, 11 |   8.4704361001342618e-04 |   8.4704361001342618e-04 | 1
 12, 12 |   1.1122624327330865e-03 |   1.1122624327330865e-03 | 1
