row,col | V_base                   | V_new                    | equal
  1,  1 |   1.5463839413630638e-03 |   1.5463839413630638e-03 | 1
  1,  2 |   1.9956771569810865e-03 |   1.9956771569810865e-03 | 1
  1,  3 |  -8.9778310961262945e-05 |  -8.9778310961262945e-05 | 1
  1,  4 |   4.1587357431746592e-03 |   4.1587357431746592e-03 | 1
  1,  5 |   1.2073759410255016e-03 |   1.2073759410255016e-03 | 1
  1,  6 |   2.9165974926778724e-03 |   2.9165974926778724e-03 | 1
  1,  7 |   5.1889394147284509e-04 |   5.1889394147284509e-04 | 1
  1,  8 |  -1.9479138124430654e-04 |  -1.9479138124430654e-04 | 1
  1,  9 |  -1.4612345807485001e-03 |  -1.4612345807485001e-03 | 1
  1, 10 |   4.3644262748226623e-03 |   4.3644262748226623e-03 | 1
  1, 11 |  -2.2986177274833490e-04 |  -2.2986177274833490e-04 | 1
  1, 12 |  -2.2979774538850283e-04 |  -2.2979774538850283e-04 | 1
  1, 13 |   1.8290436266305598e-03 |   1.8290436266305598e-03 | 1
  1, 14 |   5.2606797373819876e-04 |   5.2606797373819876e-04 | 1
  2,  1 |   1.9956771569810865e-03 |   1.9956771569810865e-03 | 1
  2,  2 |   1.0625288677776335e-02 |   1.0625288677776335e-02 | 1
  2,  3 |  -6.2669539075838282e-05 |  -6.2669539075838282e-05 | 1
  2,  4 |   5.8534793061534220e-03 |   5.8534793061534220e-03 | 1
  2,  5 |   7.7393513533385912e-03 |   7.7393513533385912e-03 | 1
  2,  6 |   1.0085140492546864e-02 |   1.0085140492546864e-02 | 1
  2,  7 |   2.2899260752576710e-03 |   2.2899260752576710e-03 | 1
  2,  8 |  -2.0972313523790823e-03 |  -2.0972313523790823e-03 | 1
  2,  9 |  -5.6673261642473036e-03 |  -5.6673261642473036e-03 | 1
  2, 10 |   3.1337062609305841e-02 |   3.1337062609305841e-02 | 1
  2, 11 |  -9.2097820391392441e-04 |  -9.2097820391392441e-04 | 1
  2, 12 |  -1.4667027538002111e-03 |  -1.4667027538002111e-03 | 1
  2, 13 |   3.7702058205921034e-03 |   3.7702058205921034e-03 | 1
  2, 14 |   1.4208950892550684e-02 |   1.4208950892550684e-02 | 1
  3,  1 |  -8.9778310961262945e-05 |  -8.9778310961262945e-05 | 1
  3,  2 |  -6.2669539075838282e-05 |  -6.2669539075838282e-05 | 1
  3,  3 |   1.9212977942910945e-04 |   1.9212977942910945e-04 | 1
  3,  4 |  -6.4746827548890047e-04 |  -6.4746827548890047e-04 | 1
  3,  5 |   1.2564195444427493e-04 |   1.2564195444427493e-04 | 1
  3,  6 |  -1.5293304369454322e-04 |  -1.5293304369454322e-04 | 1
  3,  7 |   1.7848595794533637e-04 |   1.7848595794533637e-04 | 1
  3,  8 |  -1.4676645529255376e-04 |  -1.4676645529255376e-04 | 1
  3,  9 |   1.4343000413131349e-03 |   1.4343000413131349e-03 | 1
  3, 10 |  -3.7752832608256462e-04 |  -3.7752832608256462e-04 | 1
  3, 11 |  -6.9805975737509900e-05 |  -6.9805975737509900e-05 | 1
  3, 12 |  -9.8140305134322762e-05 |  -9.8140305134322762e-05 | 1
  3, 13 |  -4.0386164245863495e-05 |  -4.0386164245863495e-05 | 1
  3, 14 |   7.2767331391284935e-04 |   7.2767331391284935e-04 | 1
  4,  1 |   4.1587357431746592e-03 |   4.1587357431746592e-03 | 1
  4,  2 |   5.8534793061534220e-03 |   5.8534793061534220e-03 | 1
  4,  3 |  -6.4746827548890047e-04 |  -6.4746827548890047e-04 | 1
  4,  4 |   8.1406401781761631e-02 |   8.1406401781761631e-02 | 1
  4,  5 |  -4.0817008929370895e-03 |  -4.0817008929370895e-03 | 1
  4,  6 |   8.8391571363910029e-03 |   8.8391571363910029e-03 | 1
  4,  7 |   7.9945384030175710e-04 |   7.9945384030175710e-04 | 1
  4,  8 |  -1.1422768156778237e-03 |  -1.1422768156778237e-03 | 1
  4,  9 |  -3.3453429003753414e-03 |  -3.3453429003753414e-03 | 1
  4, 10 |   1.0702584138281113e-02 |   1.0702584138281113e-02 | 1
  4, 11 |  -1.1152217016794822e-04 |  -1.1152217016794822e-04 | 1
  4, 12 |   4.8530048034724162e-04 |   4.8530048034724162e-04 | 1
  4, 13 |   3.5232202338672082e-03 |   3.5232202338672082e-03 | 1
  4, 14 |   2.6174044660194655e-03 |   2.6174044660194655e-03 | 1
  5,  1 |   1.2073759410255016e-03 |   1.2073759410255016e-03 | 1
  5,  2 |   7.7393513533385912e-03 |   7.7393513533385912e-03 | 1
  5,  3 |   1.2564195444427493e-04 |   1.2564195444427493e-04 | 1
  5,  4 |  -4.0817008929370895e-03 |  -4.0817008929370895e-03 | 1
  5,  5 |   1.1225942440908781e-02 |   1.1225942440908781e-02 | 1
  5,  6 |   1.1849113736178057e-02 |   1.1849113736178057e-02 | 1
  5,  7 |   9.0562817051433628e-04 |   9.0562817051433628e-04 | 1
  5,  8 |  -1.7635750034871664e-03 |  -1.7635750034871664e-03 | 1
  5,  9 |  -4.0465249946181146e-03 |  -4.0465249946181146e-03 | 1
  5, 10 |   2.7527000031785213e-02 |   2.7527000031785213e-02 | 1
  5, 11 |  -7.6651349347975437e-04 |  -7.6651349347975437e-04 | 1
  5, 12 |  -1.2856452565528356e-03 |  -1.2856452565528356e-03 | 1
  5, 13 |   3.0634339821231319e-03 |   3.0634339821231319e-03 | 1
  5, 14 |   1.3000842900147407e-02 |   1.3000842900147407e-02 | 1
  6,  1 |   2.9165974926778724e-03 |   2.9165974926778724e-03 | 1
  6,  2 |   1.0085140492546864e-02 |   1.0085140492546864e-02 | 1
  6,  3 |  -1.5293304369454322e-04 |  -1.5293304369454322e-04 | 1
  6,  4 |   8.8391571363910029e-03 |   8.8391571363910029e-03 | 1
  6,  5 |   1.1849113736178057e-02 |   1.1849113736178057e-02 | 1
  6,  6 |   2.4932084595470097e-02 |   2.4932084595470097e-02 | 1
  6,  7 |   1.4330554941740020e-03 |   1.4330554941740020e-03 | 1
  6,  8 |  -1.2820686442617361e-03 |  -1.2820686442617361e-03 | 1
  6,  9 |  -6.0574898124023269e-03 |  -6.0574898124023269e-03 | 1
  6, 10 |   3.2708236819544767e-02 |   3.2708236819544767e-02 | 1
  6, 11 |  -1.1628373922109229e-03 |  -1.1628373922109229e-03 | 1
  6, 12 |  -1.4642691504298737e-03 |  -1.4642691504298737e-03 | 1
  6, 13 |   5.0153237558561714e-03 |   5.0153237558561714e-03 | 1
  6, 14 |   1.3569359062632113e-02 |   1.3569359062632113e-02 | 1
  7,  1 |   5.1889394147284509e-04 |   5.1889394147284509e-04 | 1
  7,  2 |   2.2899260752576710e-03 |   2.2899260752576710e-03 | 1
  7,  3 |   1.7848595794533637e-04 |   1.7848595794533637e-04 | 1
  7,  4 |   7.9945384030175710e-04 |   7.9945384030175710e-04 | 1
  7,  5 |   9.0562817051433628e-04 |   9.0562817051433628e-04 | 1
  7,  6 |   1.4330554941740020e-03 |   1.4330554941740020e-03 | 1
  7,  7 |   4.2993436726141568e-03 |   4.2993436726141568e-03 | 1
  7,  8 |  -7.2228055177157944e-04 |  -7.2228055177157944e-04 | 1
  7,  9 |   1.6436268847149613e-03 |   1.6436268847149613e-03 | 1
  7, 10 |   3.6483750190502455e-03 |   3.6483750190502455e-03 | 1
  7, 11 |  -2.3674380390034193e-05 |  -2.3674380390034193e-05 | 1
  7, 12 |  -2.8154062921809813e-04 |  -2.8154062921809813e-04 | 1
  7, 13 |   1.5466971349740108e-03 |   1.5466971349740108e-03 | 1
  7, 14 |   2.5077123641261282e-03 |   2.5077123641261282e-03 | 1
  8,  1 |  -1.9479138124430654e-04 |  -1.9479138124430654e-04 | 1
  8,  2 |  -2.0972313523790823e-03 |  -2.0972313523790823e-03 | 1
  8,  3 |  -1.4676645529255376e-04 |  -1.4676645529255376e-04 | 1
  8,  4 |  -1.1422768156778237e-03 |  -1.1422768156778237e-03 | 1
  8,  5 |  -1.7635750034871664e-03 |  -1.7635750034871664e-03 | 1
  8,  6 |  -1.2820686442617361e-03 |  -1.2820686442617361e-03 | 1
  8,  7 |  -7.2228055177157944e-04 |  -7.2228055177157944e-04 | 1
  8,  8 |   7.7787111793821753e-04 |   7.7787111793821753e-04 | 1
  8,  9 |  -7.3705870968786689e-05 |  -7.3705870968786689e-05 | 1
  8, 10 |  -6.4478685766578368e-03 |  -6.4478685766578368e-03 | 1
  8, 11 |   1.5009467930577670e-04 |   1.5009467930577670e-04 | 1
  8, 12 |   2.9338324885001777e-04 |   2.9338324885001777e-04 | 1
  8, 13 |  -6.8425411224201887e-04 |  -6.8425411224201887e-04 | 1
  8, 14 |  -3.7401719509498263e-03 |  -3.7401719509498263e-03 | 1
  9,  1 |  -1.4612345807485001e-03 |  -1.4612345807485001e-03 | 1
  9,  2 |  -5.6673261642473036e-03 |  -5.6673261642473036e-03 | 1
  9,  3 |   1.4343000413131349e-03 |   1.4343000413131349e-03 | 1
  9,  4 |  -3.3453429003753414e-03 |  -3.3453429003753414e-03 | 1
  9,  5 |  -4.0465249946181146e-03 |  -4.0465249946181146e-03 | 1
  9,  6 |  -6.0574898124023269e-03 |  -6.0574898124023269e-03 | 1
  9,  7 |   1.6436268847149613e-03 |   1.6436268847149613e-03 | 1
  9,  8 |  -7.3705870968786689e-05 |  -7.3705870968786689e-05 | 1
  9,  9 |   2.0861207908591365e-02 |   2.0861207908591365e-02 | 1
  9, 10 |  -3.1728668127812817e-02 |  -3.1728668127812817e-02 | 1
  9, 11 |   6.3637259758711593e-04 |   6.3637259758711593e-04 | 1
  9, 12 |   7.5285167704221018e-04 |   7.5285167704221018e-04 | 1
  9, 13 |  -2.1875628438151086e-03 |  -2.1875628438151086e-03 | 1
  9, 14 |  -3.4277828438894573e-03 |  -3.4277828438894573e-03 | 1
 10,  1 |   4.3644262748226623e-03 |   4.3644262748226623e-03 | 1
 10,  2 |   3.1337062609305841e-02 |   3.1337062609305841e-02 | 1
 10,  3 |  -3.7752832608256462e-04 |  -3.7752832608256462e-04 | 1
 10,  4 |   1.0702584138281113e-02 |   1.0702584138281113e-02 | 1
 10,  5 |   2.7527000031785213e-02 |   2.7527000031785213e-02 | 1
 10,  6 |   3.2708236819544767e-02 |   3.2708236819544767e-02 | 1
 10,  7 |   3.6483750190502455e-03 |   3.6483750190502455e-03 | 1
 10,  8 |  -6.4478685766578368e-03 |  -6.4478685766578368e-03 | 1
 10,  9 |  -3.1728668127812817e-02 |  -3.1728668127812817e-02 | 1
 10, 10 |   1.2708427953992066e-01 |   1.2708427953992066e-01 | 1
 10, 11 |  -3.4929933422194271e-03 |  -3.4929933422194271e-03 | 1
 10, 12 |  -5.4885644477559413e-03 |  -5.4885644477559413e-03 | 1
 10, 13 |   1.0230856607691942e-02 |   1.0230856607691942e-02 | 1
 10, 14 |   5.0457892826241066e-02 |   5.0457892826241066e-02 | 1
 11,  1 |  -2.2986177274833490e-04 |  -2.2986177274833490e-04 | 1
 11,  2 |  -9.2097820391392441e-04 |  -9.2097820391392441e-04 | 1
 11,  3 |  -6.9805975737509900e-05 |  -6.9805975737509900e-05 | 1
 11,  4 |  -1.1152217016794822e-04 |  -1.1152217016794822e-04 | 1
 11,  5 |  -7.6651349347975437e-04 |  -7.6651349347975437e-04 | 1
 11,  6 |  -1.1628373922109229e-03 |  -1.1628373922109229e-03 | 1
 11,  7 |  -2.3674380390034193e-05 |  -2.3674380390034193e-05 | 1
 11,  8 |   1.5009467930577670e-04 |   1.5009467930577670e-04 | 1
 11,  9 |   6.3637259758711593e-04 |   6.3637259758711593e-04 | 1
 11, 10 |  -3.4929933422194271e-03 |  -3.4929933422194271e-03 | 1
 11, 11 |   2.6768714685265126e-04 |   2.6768714685265126e-04 | 1
 11, 12 |   2.3471365844815136e-04 |   2.3471365844815136e-04 | 1
 11, 13 |  -3.9311250851237835e-04 |  -3.9311250851237835e-04 | 1
 11, 14 |  -1.4389300494513828e-03 |  -1.4389300494513828e-03 | 1
 12,  1 |  -2.2979774538850283e-04 |  -2.2979774538850283e-04 | 1
 12,  2 |  -1.4667027538002111e-03 |  -1.4667027538002111e-03 | 1
 12,  3 |  -9.8140305134322762e-05 |  -9.8140305134322762e-05 | 1
 12,  4 |   4.8530048034724162e-04 |   4.8530048034724162e-04 | 1
 12,  5 |  -1.2856452565528356e-03 |  -1.2856452565528356e-03 | 1
 12,  6 |  -1.4642691504298737e-03 |  -1.4642691504298737e-03 | 1
 12,  7 |  -2.8154062921809813e-04 |  -2.8154062921809813e-04 | 1
 12,  8 |   2.9338324885001777e-04 |   2.9338324885001777e-04 | 1
 12,  9 |   7.5285167704221018e-04 |   7.5285167704221018e-04 | 1
 12, 10 |  -5.4885644477559413e-03 |  -5.4885644477559413e-03 | 1
 12, 11 |   2.3471365844815136e-04 |   2.3471365844815136e-04 | 1
 12, 12 |   3.8667680258514046e-04 |   3.8667680258514046e-04 | 1
 12, 13 |  -4.9722985759847527e-04 |  -4.9722985759847527e-04 | 1
 12, 14 |  -2.5852687244196605e-03 |  -2.5852687244196605e-03 | 1
 13,  1 |   1.8290436266305598e-03 |   1.8290436266305598e-03 | 1
 13,  2 |   3.7702058205921034e-03 |   3.7702058205921034e-03 | 1
 13,  3 |  -4.0386164245863495e-05 |  -4.0386164245863495e-05 | 1
 13,  4 |   3.5232202338672082e-03 |   3.5232202338672082e-03 | 1
 13,  5 |   3.0634339821231319e-03 |   3.0634339821231319e-03 | 1
 13,  6 |   5.0153237558561714e-03 |   5.0153237558561714e-03 | 1
 13,  7 |   1.5466971349740108e-03 |   1.5466971349740108e-03 | 1
 13,  8 |  -6.8425411224201887e-04 |  -6.8425411224201887e-04 | 1
 13,  9 |  -2.1875628438151086e-03 |  -2.1875628438151086e-03 | 1
 13, 10 |   1.0230856607691942e-02 |   1.0230856607691942e-02 | 1
 13, 11 |  -3.9311250851237835e-04 |  -3.9311250851237835e-04 | 1
 13, 12 |  -4.9722985759847527e-04 |  -4.9722985759847527e-04 | 1
 13, 13 |   2.9048565680390784e-03 |   2.9048565680390784e-03 | 1
 13, 14 |   2.9322150529187581e-03 |   2.9322150529187581e-03 | 1
 14,  1 |   5.2606797373819876e-04 |   5.2606797373819876e-04 | 1
 14,  2 |   1.4208950892550684e-02 |   1.4208950892550684e-02 | 1
 14,  3 |   7.2767331391284935e-04 |   7.2767331391284935e-04 | 1
 14,  4 |   2.6174044660194655e-03 |   2.6174044660194655e-03 | 1
 14,  5 |   1.3000842900147407e-02 |   1.3000842900147407e-02 | 1
 14,  6 |   1.3569359062632113e-02 |   1.3569359062632113e-02 | 1
 14,  7 |   2.5077123641261282e-03 |   2.5077123641261282e-03 | 1
 14,  8 |  -3.7401719509498263e-03 |  -3.7401719509498263e-03 | 1
 14,  9 |  -3.4277828438894573e-03 |  -3.4277828438894573e-03 | 1
 14, 10 |   5.0457892826241066e-02 |   5.0457892826241066e-02 | 1
 14, 11 |  -1.4389300494513828e-03 |  -1.4389300494513828e-03 | 1
 14, 12 |  -2.5852687244196605e-03 |  -2.5852687244196605e-03 | 1
 14, 13 |   2.9322150529187581e-03 |   2.9322150529187581e-03 | 1
 14, 14 |   2.8367428105958454e-02 |   2.8367428105958454e-02 | 1
