row,col | V_base                   | V_new                    | equal
  1,  1 |   4.3588539832685735e-03 |   4.3588539832685735e-03 | 1
  1,  2 |   2.6745112372566068e-03 |   2.6745112372566068e-03 | 1
  1,  3 |   1.5848187589505747e-03 |   1.5848187589505747e-03 | 1
  1,  4 |  -1.9025072585143965e-04 |  -1.9025072585143965e-04 | 1
  1,  5 |   1.9173450695173539e-03 |   1.9173450695173539e-03 | 1
  1,  6 |   3.8920792407044205e-03 |   3.8920792407044205e-03 | 1
  1,  7 |   2.5385356056896154e-03 |   2.5385356056896154e-03 | 1
  1,  8 |   2.7200781062672129e-04 |   2.7200781062672129e-04 | 1
  1,  9 |   4.6637278569800445e-03 |   4.6637278569800445e-03 | 1
  1, 10 |   7.6770532254909554e-03 |   7.6770532254909554e-03 | 1
  1, 11 |   2.8649587925955343e-03 |   2.8649587925955343e-03 | 1
  1, 12 |   2.8180983362904605e-03 |   2.8180983362904605e-03 | 1
  2,  1 |   2.6745112372566068e-03 |   2.6745112372566068e-03 | 1
  2,  2 |   4.5349614030357364e-03 |   4.5349614030357364e-03 | 1
  2,  3 |   1.7463203438415169e-03 |   1.7463203438415169e-03 | 1
  2,  4 |   1.9863954929817467e-03 |   1.9863954929817467e-03 | 1
  2,  5 |   2.1582321386501326e-03 |   2.1582321386501326e-03 | 1
  2,  6 |   7.2660303682292177e-03 |   7.2660303682292177e-03 | 1
  2,  7 |  -1.1757925346714661e-05 |  -1.1757925346714661e-05 | 1
  2,  8 |   1.9529542413586521e-03 |   1.9529542413586521e-03 | 1
  2,  9 |   7.9024546183988145e-03 |   7.9024546183988145e-03 | 1
  2, 10 |   1.1170044970882618e-02 |   1.1170044970882618e-02 | 1
  2, 11 |   5.4281937770636873e-03 |   5.4281937770636873e-03 | 1
  2, 12 |   9.4796899661231978e-04 |   9.4796899661231978e-04 | 1
  3,  1 |   1.5848187589505747e-03 |   1.5848187589505747e-03 | 1
  3,  2 |   1.7463203438415169e-03 |   1.7463203438415169e-03 | 1
  3,  3 |   1.5991325567512090e-03 |   1.5991325567512090e-03 | 1
  3,  4 |   1.1161570897770608e-03 |   1.1161570897770608e-03 | 1
  3,  5 |   1.1115241556217360e-03 |   1.1115241556217360e-03 | 1
  3,  6 |   1.9843735296855595e-03 |   1.9843735296855595e-03 | 1
  3,  7 |   1.3406326423089864e-03 |   1.3406326423089864e-03 | 1
  3,  8 |   2.7853260261223969e-04 |   2.7853260261223969e-04 | 1
  3,  9 |   3.0506242425620451e-03 |   3.0506242425620451e-03 | 1
  3, 10 |   3.2768868114840480e-03 |   3.2768868114840480e-03 | 1
  3, 11 |   2.0245583883472195e-03 |   2.0245583883472195e-03 | 1
  3, 12 |   3.7539489009268199e-04 |   3.7539489009268199e-04 | 1
  4,  1 |  -1.9025072585143965e-04 |  -1.9025072585143965e-04 | 1
  4,  2 |   1.9863954929817467e-03 |   1.9863954929817467e-03 | 1
  4,  3 |   1.1161570897770608e-03 |   1.1161570897770608e-03 | 1
  4,  4 |   1.5104045167996932e-02 |   1.5104045167996932e-02 | 1
  4,  5 |   1.5497480039016486e-03 |   1.5497480039016486e-03 | 1
  4,  6 |   5.6320999635481560e-03 |   5.6320999635481560e-03 | 1
  4,  7 |  -5.5108569091118463e-03 |  -5.5108569091118463e-03 | 1
  4,  8 |   3.5152618456027324e-03 |   3.5152618456027324e-03 | 1
  4,  9 |   1.2349144014113408e-02 |   1.2349144014113408e-02 | 1
  4, 10 |   9.2807084429356382e-03 |   9.2807084429356382e-03 | 1
  4, 11 |   3.6814473447562106e-03 |   3.6814473447562106e-03 | 1
  4, 12 |   5.0132918209389358e-04 |   5.0132918209389358e-04 | 1
  5,  1 |   1.9173450695173539e-03 |   1.9173450695173539e-03 | 1
  5,  2 |   2.1582321386501326e-03 |   2.1582321386501326e-03 | 1
  5,  3 |   1.1115241556217360e-03 |   1.1115241556217360e-03 | 1
  5,  4 |   1.5497480039016486e-03 |   1.5497480039016486e-03 | 1
  5,  5 |   2.1439188750056611e-03 |   2.1439188750056611e-03 | 1
  5,  6 |   3.3090613455594841e-03 |   3.3090613455594841e-03 | 1
  5,  7 |   1.5149293265852167e-03 |   1.5149293265852167e-03 | 1
  5,  8 |   1.5088318766458321e-03 |   1.5088318766458321e-03 | 1
  5,  9 |   2.9413072353777561e-03 |   2.9413072353777561e-03 | 1
  5, 10 |   4.1425546741647758e-03 |   4.1425546741647758e-03 | 1
  5, 11 |   2.0738682581531304e-03 |   2.0738682581531304e-03 | 1
  5, 12 |   1.9192096816827288e-03 |   1.9192096816827288e-03 | 1
  6,  1 |   3.8920792407044205e-03 |   3.8920792407044205e-03 | 1
  6,  2 |   7.2660303682292177e-03 |   7.2660303682292177e-03 | 1
  6,  3 |   1.9843735296855595e-03 |   1.9843735296855595e-03 | 1
  6,  4 |   5.6320999635481560e-03 |   5.6320999635481560e-03 | 1
  6,  5 |   3.3090613455594841e-03 |   3.3090613455594841e-03 | 1
  6,  6 |   1.9804007126566540e-02 |   1.9804007126566540e-02 | 1
  6,  7 |  -5.5675202603986786e-03 |  -5.5675202603986786e-03 | 1
  6,  8 |   5.0135351685905039e-03 |   5.0135351685905039e-03 | 1
  6,  9 |   2.0695455123895284e-02 |   2.0695455123895284e-02 | 1
  6, 10 |   2.6564068693895326e-02 |   2.6564068693895326e-02 | 1
  6, 11 |   1.4527403970393562e-02 |   1.4527403970393562e-02 | 1
  6, 12 |   1.7937914941497932e-03 |   1.7937914941497932e-03 | 1
  7,  1 |   2.5385356056896154e-03 |   2.5385356056896154e-03 | 1
  7,  2 |  -1.1757925346714661e-05 |  -1.1757925346714661e-05 | 1
  7,  3 |   1.3406326423089864e-03 |   1.3406326423089864e-03 | 1
  7,  4 |  -5.5108569091118463e-03 |  -5.5108569091118463e-03 | 1
  7,  5 |   1.5149293265852167e-03 |   1.5149293265852167e-03 | 1
  7,  6 |  -5.5675202603986786e-03 |  -5.5675202603986786e-03 | 1
  7,  7 |   1.4439579371362771e-02 |   1.4439579371362771e-02 | 1
  7,  8 |  -2.1431683770299585e-03 |  -2.1431683770299585e-03 | 1
  7,  9 |  -1.2837672289098660e-02 |  -1.2837672289098660e-02 | 1
  7, 10 |  -3.6062697285176430e-03 |  -3.6062697285176430e-03 | 1
  7, 11 |  -4.1985213785306844e-03 |  -4.1985213785306844e-03 | 1
  7, 12 |   1.5872537924082907e-03 |   1.5872537924082907e-03 | 1
  8,  1 |   2.7200781062672129e-04 |   2.7200781062672129e-04 | 1
  8,  2 |   1.9529542413586521e-03 |   1.9529542413586521e-03 | 1
  8,  3 |   2.7853260261223969e-04 |   2.7853260261223969e-04 | 1
  8,  4 |   3.5152618456027324e-03 |   3.5152618456027324e-03 | 1
  8,  5 |   1.5088318766458321e-03 |   1.5088318766458321e-03 | 1
  8,  6 |   5.0135351685905039e-03 |   5.0135351685905039e-03 | 1
  8,  7 |  -2.1431683770299585e-03 |  -2.1431683770299585e-03 | 1
  8,  8 |   3.2857472279238169e-03 |   3.2857472279238169e-03 | 1
  8,  9 |   5.4440404490459036e-03 |   5.4440404490459036e-03 | 1
  8, 10 |   5.4540940073634428e-03 |   5.4540940073634428e-03 | 1
  8, 11 |   2.9370663807294639e-03 |   2.9370663807294639e-03 | 1
  8, 12 |   4.7086666432837726e-04 |   4.7086666432837726e-04 | 1
  9,  1 |   4.6637278569800445e-03 |   4.6637278569800445e-03 | 1
  9,  2 |   7.9024546183988145e-03 |   7.9024546183988145e-03 | 1
  9,  3 |   3.0506242425620451e-03 |   3.0506242425620451e-03 | 1
  9,  4 |   1.2349144014113408e-02 |   1.2349144014113408e-02 | 1
  9,  5 |   2.9413072353777561e-03 |   2.9413072353777561e-03 | 1
  9,  6 |   2.0695455123895284e-02 |   2.0695455123895284e-02 | 1
  9,  7 |  -1.2837672289098660e-02 |  -1.2837672289098660e-02 | 1
  9,  8 |   5.4440404490459036e-03 |   5.4440404490459036e-03 | 1
  9,  9 |   4.1597665734053414e-02 |   4.1597665734053414e-02 | 1
  9, 10 |   2.7404661562005123e-02 |   2.7404661562005123e-02 | 1
  9, 11 |   2.1852806251762530e-02 |   2.1852806251762530e-02 | 1
  9, 12 |   1.0259992648193498e-02 |   1.0259992648193498e-02 | 1
 10,  1 |   7.6770532254909554e-03 |   7.6770532254909554e-03 | 1
 10,  2 |   1.1170044970882618e-02 |   1.1170044970882618e-02 | 1
 10,  3 |   3.2768868114840480e-03 |   3.2768868114840480e-03 | 1
 10,  4 |   9.2807084429356382e-03 |   9.2807084429356382e-03 | 1
 10,  5 |   4.1425546741647758e-03 |   4.1425546741647758e-03 | 1
 10,  6 |   2.6564068693895326e-02 |   2.6564068693895326e-02 | 1
 10,  7 |  -3.6062697285176430e-03 |  -3.6062697285176430e-03 | 1
 10,  8 |   5.4540940073634428e-03 |   5.4540940073634428e-03 | 1
 10,  9 |   2.7404661562005123e-02 |   2.7404661562005123e-02 | 1
 10, 10 |   8.7908267590646239e-02 |   8.7908267590646239e-02 | 1
 10, 11 |   1.1345598304078920e-02 |   1.1345598304078920e-02 | 1
 10, 12 |   1.6658122392170258e-03 |   1.6658122392170258e-03 | 1
 11,  1 |   2.8649587925955343e-03 |   2.8649587925955343e-03 | 1
 11,  2 |   5.4281937770636873e-03 |   5.4281937770636873e-03 | 1
 11,  3 |   2.0245583883472195e-03 |   2.0245583883472195e-03 | 1
 11,  4 |   3.6814473447562106e-03 |   3.6814473447562106e-03 | 1
 11,  5 |   2.0738682581531304e-03 |   2.0738682581531304e-03 | 1
 11,  6 |   1.4527403970393562e-02 |   1.4527403970393562e-02 | 1
 11,  7 |  -4.1985213785306844e-03 |  -4.1985213785306844e-03 | 1
 11,  8 |   2.9370663807294639e-03 |   2.9370663807294639e-03 | 1
 11,  9 |   2.1852806251762530e-02 |   2.1852806251762530e-02 | 1
 11, 10 |   1.1345598304078920e-02 |   1.1345598304078920e-02 | 1
 11, 11 |   1.7343640034113445e-02 |   1.7343640034113445e-02 | 1
 11, 12 |   7.1022330484473029e-03 |   7.1022330484473029e-03 | 1
 12,  1 |   2.8180983362904605e-03 |   2.8180983362904605e-03 | 1
 12,  2 |   9.4796899661231978e-04 |   9.4796899661231978e-04 | 1
 12,  3 |   3.7539489009268199e-04 |   3.7539489009268199e-04 | 1
 12,  4 |   5.0132918209389358e-04 |   5.0132918209389358e-04 | 1
 12,  5 |   1.9192096816827288e-03 |   1.9192096816827288e-03 | 1
 12,  6 |   1.7937914941497932e-03 |   1.7937914941497932e-03 | 1
 12,  7 |   1.5872537924082907e-03 |   1.5872537924082907e-03 | 1
 12,  8 |   4.7086666432837726e-04 |   4.7086666432837726e-04 | 1
 12,  9 |   1.0259992648193498e-02 |   1.0259992648193498e-02 | 1
 12, 10 |   1.6658122392170258e-03 |   1.6658122392170258e-03 | 1
 12, 11 |   7.1022330484473029e-03 |   7.1022330484473029e-03 | 1
 12, 12 |   2.2301075183391347e-02 |   2.2301075183391347e-02 | 1
