row,col | V_base                   | V_new                    | equal
  1,  1 |   1.4731053556824045e-03 |   1.4731053556824045e-03 | 1
  1,  2 |   5.7271891286599249e-04 |   5.7271891286599249e-04 | 1
  1,  3 |   6.1550590627740558e-04 |   6.1550590627740558e-04 | 1
  1,  4 |   6.4166921924478323e-04 |   6.4166921924478323e-04 | 1
  1,  5 |   5.8870341185954657e-04 |   5.8870341185954657e-04 | 1
  1,  6 |  -7.5406688485284024e-01 |  -7.5406688485284024e-01 | 1
  1,  7 |   1.5259410330135123e-03 |   1.5259410330135123e-03 | 1
  1,  8 |   2.7714508100709710e-04 |   2.7714508100709710e-04 | 1
  1,  9 |  -1.9796724954637395e-04 |  -1.9796724954637395e-04 | 1
  1, 10 |  -5.3869115834489795e-04 |  -5.3869115834489795e-04 | 1
  1, 11 |  -3.4126666472673742e-04 |  -3.4126666472673742e-04 | 1
  1, 12 |   2.9458663236246879e-03 |   2.9458663236246879e-03 | 1
  2,  1 |   5.7271891286599249e-04 |   5.7271891286599249e-04 | 1
  2,  2 |   1.6042571113007501e-03 |   1.6042571113007501e-03 | 1
  2,  3 |   7.1908424791735162e-04 |   7.1908424791735162e-04 | 1
  2,  4 |   4.8377479480045025e-04 |   4.8377479480045025e-04 | 1
  2,  5 |   4.5407350894982493e-04 |   4.5407350894982493e-04 | 1
  2,  6 |   1.0521869979567278e-01 |   1.0521869979567278e-01 | 1
  2,  7 |   6.6851867323334245e-04 |   6.6851867323334245e-04 | 1
  2,  8 |   5.7802251644471043e-04 |   5.7802251644471043e-04 | 1
  2,  9 |   1.9950840264778706e-06 |   1.9950840264778706e-06 | 1
  2, 10 |   4.0499497231468405e-04 |   4.0499497231468405e-04 | 1
  2, 11 |   1.8427687051109835e-04 |   1.8427687051109835e-04 | 1
  2, 12 |  -8.7582117704151333e-04 |  -8.7582117704151333e-04 | 1
  3,  1 |   6.1550590627740558e-04 |   6.1550590627740558e-04 | 1
  3,  2 |   7.1908424791735162e-04 |   7.1908424791735162e-04 | 1
  3,  3 |   1.0902869685243315e-03 |   1.0902869685243315e-03 | 1
  3,  4 |   3.4102653405656500e-04 |   3.4102653405656500e-04 | 1
  3,  5 |   2.8585421578445200e-05 |   2.8585421578445200e-05 | 1
  3,  6 |  -3.3535291389429273e-01 |  -3.3535291389429273e-01 | 1
  3,  7 |   1.1541986352758603e-03 |   1.1541986352758603e-03 | 1
  3,  8 |   1.5991588322678262e-04 |   1.5991588322678262e-04 | 1
  3,  9 |  -1.9051763610309239e-05 |  -1.9051763610309239e-05 | 1
  3, 10 |  -1.2284245469760782e-03 |  -1.2284245469760782e-03 | 1
  3, 11 |   2.4708267609625421e-04 |   2.4708267609625421e-04 | 1
  3, 12 |  -3.6820007502139850e-04 |  -3.6820007502139850e-04 | 1
  4,  1 |   6.4166921924478323e-04 |   6.4166921924478323e-04 | 1
  4,  2 |   4.8377479480045025e-04 |   4.8377479480045025e-04 | 1
  4,  3 |   3.4102653405656500e-04 |   3.4102653405656500e-04 | 1
  4,  4 |   7.6863911002937558e-03 |   7.6863911002937558e-03 | 1
  4,  5 |   4.0286346407460427e-03 |   4.0286346407460427e-03 | 1
  4,  6 |  -4.0233285149077325e-01 |  -4.0233285149077325e-01 | 1
  4,  7 |  -7.0604963269037268e-04 |  -7.0604963269037268e-04 | 1
  4,  8 |   1.3711691291658978e-03 |   1.3711691291658978e-03 | 1
  4,  9 |   1.3298738439406307e-04 |   1.3298738439406307e-04 | 1
  4, 10 |   2.2120352364996942e-03 |   2.2120352364996942e-03 | 1
  4, 11 |  -2.9151633428956382e-03 |  -2.9151633428956382e-03 | 1
  4, 12 |  -3.0154668051430300e-03 |  -3.0154668051430300e-03 | 1
  5,  1 |   5.8870341185954657e-04 |   5.8870341185954657e-04 | 1
  5,  2 |   4.5407350894982493e-04 |   4.5407350894982493e-04 | 1
  5,  3 |   2.8585421578445200e-05 |   2.8585421578445200e-05 | 1
  5,  4 |   4.0286346407460427e-03 |   4.0286346407460427e-03 | 1
  5,  5 |   4.6984013955289608e-03 |   4.6984013955289608e-03 | 1
  5,  6 |  -3.8184297559470232e-01 |  -3.8184297559470232e-01 | 1
  5,  7 |  -2.0105391930160740e-03 |  -2.0105391930160740e-03 | 1
  5,  8 |   9.2096868505395202e-04 |   9.2096868505395202e-04 | 1
  5,  9 |   6.7362700986526620e-05 |   6.7362700986526620e-05 | 1
  5, 10 |   4.0095319873906298e-04 |   4.0095319873906298e-04 | 1
  5, 11 |  -2.1900723293641804e-03 |  -2.1900723293641804e-03 | 1
  5, 12 |  -2.4888478715253360e-03 |  -2.4888478715253360e-03 | 1
  6,  1 |  -7.5406688485284024e-01 |  -7.5406688485284024e-01 | 1
  6,  2 |   1.0521869979567278e-01 |   1.0521869979567278e-01 | 1
  6,  3 |  -3.3535291389429273e-01 |  -3.3535291389429273e-01 | 1
  6,  4 |  -4.0233285149077325e-01 |  -4.0233285149077325e-01 | 1
  6,  5 |  -3.8184297559470232e-01 |  -3.8184297559470232e-01 | 1
  6,  6 |   1.5544578377949579e+03 |   1.5544578377949579e+03 | 1
  6,  7 |  -1.4940721689673211e+00 |  -1.4940721689673211e+00 | 1
  6,  8 |   3.0172521645993433e-01 |   3.0172521645993433e-01 | 1
  6,  9 |   1.5058756014797434e-01 |   1.5058756014797434e-01 | 1
  6, 10 |   4.5150767680237411e+00 |   4.5150767680237411e+00 | 1
  6, 11 |   5.2595984949384977e-01 |   5.2595984949384977e-01 | 1
  6, 12 |  -2.8382412719066945e+00 |  -2.8382412719066945e+00 | 1
  7,  1 |   1.5259410330135123e-03 |   1.5259410330135123e-03 | 1
  7,  2 |   6.6851867323334245e-04 |   6.6851867323334245e-04 | 1
  7,  3 |   1.1541986352758603e-03 |   1.1541986352758603e-03 | 1
  7,  4 |  -7.0604963269037268e-04 |  -7.0604963269037268e-04 | 1
  7,  5 |  -2.0105391930160740e-03 |  -2.0105391930160740e-03 | 1
  7,  6 |  -1.4940721689673211e+00 |  -1.4940721689673211e+00 | 1
  7,  7 |   4.8827601177715658e-03 |   4.8827601177715658e-03 | 1
  7,  8 |  -1.0164119169876190e-05 |  -1.0164119169876190e-05 | 1
  7,  9 |  -2.9688840614006177e-04 |  -2.9688840614006177e-04 | 1
  7, 10 |  -3.7714737915732228e-03 |  -3.7714737915732228e-03 | 1
  7, 11 |   1.1357755438832005e-03 |   1.1357755438832005e-03 | 1
  7, 12 |   4.8880294620005024e-03 |   4.8880294620005024e-03 | 1
  8,  1 |   2.7714508100709710e-04 |   2.7714508100709710e-04 | 1
  8,  2 |   5.7802251644471043e-04 |   5.7802251644471043e-04 | 1
  8,  3 |   1.5991588322678262e-04 |   1.5991588322678262e-04 | 1
  8,  4 |   1.3711691291658978e-03 |   1.3711691291658978e-03 | 1
  8,  5 |   9.2096868505395202e-04 |   9.2096868505395202e-04 | 1
  8,  6 |   3.0172521645993433e-01 |   3.0172521645993433e-01 | 1
  8,  7 |  -1.0164119169876190e-05 |  -1.0164119169876190e-05 | 1
  8,  8 |   8.9293253149400401e-04 |   8.9293253149400401e-04 | 1
  8,  9 |   1.2589047963807890e-05 |   1.2589047963807890e-05 | 1
  8, 10 |   1.3747446019838853e-03 |   1.3747446019838853e-03 | 1
  8, 11 |  -2.9065613921079310e-04 |  -2.9065613921079310e-04 | 1
  8, 12 |  -1.4835131099284167e-03 |  -1.4835131099284167e-03 | 1
  9,  1 |  -1.9796724954637395e-04 |  -1.9796724954637395e-04 | 1
  9,  2 |   1.9950840264778706e-06 |   1.9950840264778706e-06 | 1
  9,  3 |  -1.9051763610309239e-05 |  -1.9051763610309239e-05 | 1
  9,  4 |   1.3298738439406307e-04 |   1.3298738439406307e-04 | 1
  9,  5 |   6.7362700986526620e-05 |   6.7362700986526620e-05 | 1
  9,  6 |   1.5058756014797434e-01 |   1.5058756014797434e-01 | 1
  9,  7 |  -2.9688840614006177e-04 |  -2.9688840614006177e-04 | 1
  9,  8 |   1.2589047963807890e-05 |   1.2589047963807890e-05 | 1
  9,  9 |   6.4850452678263015e-05 |   6.4850452678263015e-05 | 1
  9, 10 |   3.4568738176645451e-04 |   3.4568738176645451e-04 | 1
  9, 11 |  -1.1339801153456999e-04 |  -1.1339801153456999e-04 | 1
  9, 12 |  -1.0057348190291434e-03 |  -1.0057348190291434e-03 | 1
 10,  1 |  -5.3869115834489795e-04 |  -5.3869115834489795e-04 | 1
 10,  2 |   4.0499497231468405e-04 |   4.0499497231468405e-04 | 1
 10,  3 |  -1.2284245469760782e-03 |  -1.2284245469760782e-03 | 1
 10,  4 |   2.2120352364996942e-03 |   2.2120352364996942e-03 | 1
 10,  5 |   4.0095319873906298e-04 |   4.0095319873906298e-04 | 1
 10,  6 |   4.5150767680237411e+00 |   4.5150767680237411e+00 | 1
 10,  7 |  -3.7714737915732228e-03 |  -3.7714737915732228e-03 | 1
 10,  8 |   1.3747446019838853e-03 |   1.3747446019838853e-03 | 1
 10,  9 |   3.4568738176645451e-04 |   3.4568738176645451e-04 | 1
 10, 10 |   2.3924781749323089e-02 |   2.3924781749323089e-02 | 1
 10, 11 |  -2.3777099484746512e-03 |  -2.3777099484746512e-03 | 1
 10, 12 |  -5.7683846433781620e-03 |  -5.7683846433781620e-03 | 1
 11,  1 |  -3.4126666472673742e-04 |  -3.4126666472673742e-04 | 1
 11,  2 |   1.8427687051109835e-04 |   1.8427687051109835e-04 | 1
 11,  3 |   2.4708267609625421e-04 |   2.4708267609625421e-04 | 1
 11,  4 |  -2.9151633428956382e-03 |  -2.9151633428956382e-03 | 1
 11,  5 |  -2.1900723293641804e-03 |  -2.1900723293641804e-03 | 1
 11,  6 |   5.2595984949384977e-01 |   5.2595984949384977e-01 | 1
 11,  7 |   1.1357755438832005e-03 |   1.1357755438832005e-03 | 1
 11,  8 |  -2.9065613921079310e-04 |  -2.9065613921079310e-04 | 1
 11,  9 |  -1.1339801153456999e-04 |  -1.1339801153456999e-04 | 1
 11, 10 |  -2.3777099484746512e-03 |  -2.3777099484746512e-03 | 1
 11, 11 |   3.5283208104654939e-03 |   3.5283208104654939e-03 | 1
 11, 12 |   1.2284354644364205e-03 |   1.2284354644364205e-03 | 1
 12,  1 |   2.9458663236246879e-03 |   2.9458663236246879e-03 | 1
 12,  2 |  -8.7582117704151333e-04 |  -8.7582117704151333e-04 | 1
 12,  3 |  -3.6820007502139850e-04 |  -3.6820007502139850e-04 | 1
 12,  4 |  -3.0154668051430300e-03 |  -3.0154668051430300e-03 | 1
 12,  5 |  -2.4888478715253360e-03 |  -2.4888478715253360e-03 | 1
 12,  6 |  -2.8382412719066945e+00 |  -2.8382412719066945e+00 | 1
 12,  7 |   4.8880294620005024e-03 |   4.8880294620005024e-03 | 1
 12,  8 |  -1.4835131099284167e-03 |  -1.4835131099284167e-03 | 1
 12,  9 |  -1.0057348190291434e-03 |  -1.0057348190291434e-03 | 1
 12, 10 |  -5.7683846433781620e-03 |  -5.7683846433781620e-03 | 1
 12, 11 |   1.2284354644364205e-03 |   1.2284354644364205e-03 | 1
 12, 12 |   1.9678772228005487e-02 |   1.9678772228005487e-02 | 1
