row,col | V_base                   | V_new                    | equal
  1,  1 |   4.4676191485998150e-04 |   4.4676191485998150e-04 | 1
  1,  2 |   3.5357079268296386e-04 |   3.5357079268296386e-04 | 1
  1,  3 |   3.5233631106890856e-04 |   3.5233631106890856e-04 | 1
  1,  4 |   5.4135377288177708e-04 |   5.4135377288177708e-04 | 1
  1,  5 |   8.9668127783085888e-04 |   8.9668127783085888e-04 | 1
  1,  6 |   2.6285534969666712e-04 |   2.6285534969666712e-04 | 1
  1,  7 |   5.7390272906206055e-04 |   5.7390272906206055e-04 | 1
  1,  8 |   4.5616828028217352e-04 |   4.5616828028217352e-04 | 1
  1,  9 |   2.8467164750300956e-04 |   2.8467164750300956e-04 | 1
  1, 10 |  -1.1356459699101036e-04 |  -1.1356459699101036e-04 | 1
  1, 11 |   1.3580966718000685e-04 |   1.3580966718000685e-04 | 1
  1, 12 |   4.1587866123583015e-04 |   4.1587866123583015e-04 | 1
  2,  1 |   3.5357079268296386e-04 |   3.5357079268296386e-04 | 1
  2,  2 |   5.8381437338764718e-04 |   5.8381437338764718e-04 | 1
  2,  3 |   5.0398476033324132e-04 |   5.0398476033324132e-04 | 1
  2,  4 |   2.1305297524974802e-04 |   2.1305297524974802e-04 | 1
  2,  5 |  -2.0454414768497650e-04 |  -2.0454414768497650e-04 | 1
  2,  6 |   7.7239288896168768e-04 |   7.7239288896168768e-04 | 1
  2,  7 |   2.0853446950448127e-04 |   2.0853446950448127e-04 | 1
  2,  8 |   3.3262449429116291e-04 |   3.3262449429116291e-04 | 1
  2,  9 |   6.5400257499669716e-04 |   6.5400257499669716e-04 | 1
  2, 10 |   1.2099379718426306e-03 |   1.2099379718426306e-03 | 1
  2, 11 |   9.2798198905826653e-04 |   9.2798198905826653e-04 | 1
  2, 12 |   4.8293581961758754e-04 |   4.8293581961758754e-04 | 1
  3,  1 |   3.5233631106890856e-04 |   3.5233631106890856e-04 | 1
  3,  2 |   5.0398476033324132e-04 |   5.0398476033324132e-04 | 1
  3,  3 |   5.4259973775046136e-04 |   5.4259973775046136e-04 | 1
  3,  4 |   1.9630275486790303e-04 |   1.9630275486790303e-04 | 1
  3,  5 |  -2.6782479867300718e-04 |  -2.6782479867300718e-04 | 1
  3,  6 |   8.0685287534803282e-04 |   8.0685287534803282e-04 | 1
  3,  7 |   1.8995095068667569e-04 |   1.8995095068667569e-04 | 1
  3,  8 |   3.2846740735823117e-04 |   3.2846740735823117e-04 | 1
  3,  9 |   6.7984624271025512e-04 |   6.7984624271025512e-04 | 1
  3, 10 |   1.2937232821293770e-03 |   1.2937232821293770e-03 | 1
  3, 11 |   9.7990888169940601e-04 |   9.7990888169940601e-04 | 1
  3, 12 |   4.9078492879022309e-04 |   4.9078492879022309e-04 | 1
  4,  1 |   5.4135377288177708e-04 |   5.4135377288177708e-04 | 1
  4,  2 |   2.1305297524974802e-04 |   2.1305297524974802e-04 | 1
  4,  3 |   1.9630275486790303e-04 |   1.9630275486790303e-04 | 1
  4,  4 |   1.2553299460182467e-03 |   1.2553299460182467e-03 | 1
  4,  5 |   2.2315869618919344e-03 |   2.2315869618919344e-03 | 1
  4,  6 |  -3.1349220346879136e-04 |  -3.1349220346879136e-04 | 1
  4,  7 |   1.0324820642041339e-03 |   1.0324820642041339e-03 | 1
  4,  8 |   6.2691617721592741e-04 |   6.2691617721592741e-04 | 1
  4,  9 |  -1.2797079851280220e-04 |  -1.2797079851280220e-04 | 1
  4, 10 |  -1.6605948344815035e-03 |  -1.6605948344815035e-03 | 1
  4, 11 |  -7.7842590594313595e-04 |  -7.7842590594313595e-04 | 1
  4, 12 |   3.6178669779053944e-04 |   3.6178669779053944e-04 | 1
  5,  1 |   8.9668127783085888e-04 |   8.9668127783085888e-04 | 1
  5,  2 |  -2.0454414768497650e-04 |  -2.0454414768497650e-04 | 1
  5,  3 |  -2.6782479867300718e-04 |  -2.6782479867300718e-04 | 1
  5,  4 |   2.2315869618919344e-03 |   2.2315869618919344e-03 | 1
  5,  5 |   6.3196208722875163e-03 |   6.3196208722875163e-03 | 1
  5,  6 |  -2.0633342486371395e-03 |  -2.0633342486371395e-03 | 1
  5,  7 |   2.4454447336238324e-03 |   2.4454447336238324e-03 | 1
  5,  8 |   1.1596457459605853e-03 |   1.1596457459605853e-03 | 1
  5,  9 |  -1.3765322389433148e-03 |  -1.3765322389433148e-03 | 1
  5, 10 |  -6.3720717804716812e-03 |  -6.3720717804716812e-03 | 1
  5, 11 |  -3.5562446071262105e-03 |  -3.5562446071262105e-03 | 1
  5, 12 |   2.1030864623908062e-04 |   2.1030864623908062e-04 | 1
  6,  1 |   2.6285534969666712e-04 |   2.6285534969666712e-04 | 1
  6,  2 |   7.7239288896168768e-04 |   7.7239288896168768e-04 | 1
  6,  3 |   8.0685287534803282e-04 |   8.0685287534803282e-04 | 1
  6,  4 |  -3.1349220346879136e-04 |  -3.1349220346879136e-04 | 1
  6,  5 |  -2.0633342486371395e-03 |  -2.0633342486371395e-03 | 1
  6,  6 |   1.7005769328773562e-03 |   1.7005769328773562e-03 | 1
  6,  7 |  -3.8090304041372628e-04 |  -3.8090304041372628e-04 | 1
  6,  8 |   1.5910365911920012e-04 |   1.5910365911920012e-04 | 1
  6,  9 |   1.3353876779337041e-03 |   1.3353876779337041e-03 | 1
  6, 10 |   3.5389714615970463e-03 |   3.5389714615970463e-03 | 1
  6, 11 |   2.3419092832136171e-03 |   2.3419092832136171e-03 | 1
  6, 12 |   6.4219766142277848e-04 |   6.4219766142277848e-04 | 1
  7,  1 |   5.7390272906206055e-04 |   5.7390272906206055e-04 | 1
  7,  2 |   2.0853446950448127e-04 |   2.0853446950448127e-04 | 1
  7,  3 |   1.8995095068667569e-04 |   1.8995095068667569e-04 | 1
  7,  4 |   1.0324820642041339e-03 |   1.0324820642041339e-03 | 1
  7,  5 |   2.4454447336238324e-03 |   2.4454447336238324e-03 | 1
  7,  6 |  -3.8090304041372628e-04 |  -3.8090304041372628e-04 | 1
  7,  7 |   1.1472106756367291e-03 |   1.1472106756367291e-03 | 1
  7,  8 |   6.6804933903224974e-04 |   6.6804933903224974e-04 | 1
  7,  9 |  -1.7190488120774942e-04 |  -1.7190488120774942e-04 | 1
  7, 10 |  -1.8716955314294517e-03 |  -1.8716955314294517e-03 | 1
  7, 11 |  -8.9470951167943845e-04 |  -8.9470951167943845e-04 | 1
  7, 12 |   3.7183968510783630e-04 |   3.7183968510783630e-04 | 1
  8,  1 |   4.5616828028217352e-04 |   4.5616828028217352e-04 | 1
  8,  2 |   3.3262449429116291e-04 |   3.3262449429116291e-04 | 1
  8,  3 |   3.2846740735823117e-04 |   3.2846740735823117e-04 | 1
  8,  4 |   6.2691617721592741e-04 |   6.2691617721592741e-04 | 1
  8,  5 |   1.1596457459605853e-03 |   1.1596457459605853e-03 | 1
  8,  6 |   1.5910365911920012e-04 |   1.5910365911920012e-04 | 1
  8,  7 |   6.6804933903224974e-04 |   6.6804933903224974e-04 | 1
  8,  8 |   8.0871527218656972e-04 |   8.0871527218656972e-04 | 1
  8,  9 |   2.1191319306265610e-04 |   2.1191319306265610e-04 | 1
  8, 10 |  -4.0416138355980587e-04 |  -4.0416138355980587e-04 | 1
  8, 11 |  -3.2865477146321888e-05 |  -3.2865477146321888e-05 | 1
  8, 12 |   4.1195548241797409e-04 |   4.1195548241797409e-04 | 1
  9,  1 |   2.8467164750300956e-04 |   2.8467164750300956e-04 | 1
  9,  2 |   6.5400257499669716e-04 |   6.5400257499669716e-04 | 1
  9,  3 |   6.7984624271025512e-04 |   6.7984624271025512e-04 | 1
  9,  4 |  -1.2797079851280220e-04 |  -1.2797079851280220e-04 | 1
  9,  5 |  -1.3765322389433148e-03 |  -1.3765322389433148e-03 | 1
  9,  6 |   1.3353876779337041e-03 |   1.3353876779337041e-03 | 1
  9,  7 |  -1.7190488120774942e-04 |  -1.7190488120774942e-04 | 1
  9,  8 |   2.1191319306265610e-04 |   2.1191319306265610e-04 | 1
  9,  9 |   2.6731920290230223e-03 |   2.6731920290230223e-03 | 1
  9, 10 |   2.6476283773418782e-03 |   2.6476283773418782e-03 | 1
  9, 11 |   1.7947877143971950e-03 |   1.7947877143971950e-03 | 1
  9, 12 |   5.6863197290631107e-04 |   5.6863197290631107e-04 | 1
 10,  1 |  -1.1356459699101036e-04 |  -1.1356459699101036e-04 | 1
 10,  2 |   1.2099379718426306e-03 |   1.2099379718426306e-03 | 1
 10,  3 |   1.2937232821293770e-03 |   1.2937232821293770e-03 | 1
 10,  4 |  -1.6605948344815035e-03 |  -1.6605948344815035e-03 | 1
 10,  5 |  -6.3720717804716812e-03 |  -6.3720717804716812e-03 | 1
 10,  6 |   3.5389714615970463e-03 |   3.5389714615970463e-03 | 1
 10,  7 |  -1.8716955314294517e-03 |  -1.8716955314294517e-03 | 1
 10,  8 |  -4.0416138355980587e-04 |  -4.0416138355980587e-04 | 1
 10,  9 |   2.6476283773418782e-03 |   2.6476283773418782e-03 | 1
 10, 10 |   9.4216186263830753e-03 |   9.4216186263830753e-03 | 1
 10, 11 |   5.2662890346082429e-03 |   5.2662890346082429e-03 | 1
 10, 12 |   8.0014684355654456e-04 |   8.0014684355654456e-04 | 1
 11,  1 |   1.3580966718000685e-04 |   1.3580966718000685e-04 | 1
 11,  2 |   9.2798198905826653e-04 |   9.2798198905826653e-04 | 1
 11,  3 |   9.7990888169940601e-04 |   9.7990888169940601e-04 | 1
 11,  4 |  -7.7842590594313595e-04 |  -7.7842590594313595e-04 | 1
 11,  5 |  -3.5562446071262105e-03 |  -3.5562446071262105e-03 | 1
 11,  6 |   2.3419092832136171e-03 |   2.3419092832136171e-03 | 1
 11,  7 |  -8.9470951167943845e-04 |  -8.9470951167943845e-04 | 1
 11,  8 |  -3.2865477146321888e-05 |  -3.2865477146321888e-05 | 1
 11,  9 |   1.7947877143971950e-03 |   1.7947877143971950e-03 | 1
 11, 10 |   5.2662890346082429e-03 |   5.2662890346082429e-03 | 1
 11, 11 |   3.5225626025324362e-03 |   3.5225626025324362e-03 | 1
 11, 12 |   7.0154923712029821e-04 |   7.0154923712029821e-04 | 1
 12,  1 |   4.1587866123583015e-04 |   4.1587866123583015e-04 | 1
 12,  2 |   4.8293581961758754e-04 |   4.8293581961758754e-04 | 1
 12,  3 |   4.9078492879022309e-04 |   4.9078492879022309e-04 | 1
 12,  4 |   3.6178669779053944e-04 |   3.6178669779053944e-04 | 1
 12,  5 |   2.1030864623908062e-04 |   2.1030864623908062e-04 | 1
 12,  6 |   6.4219766142277848e-04 |   6.4219766142277848e-04 | 1
 12,  7 |   3.7183968510783630e-04 |   3.7183968510783630e-04 | 1
 12,  8 |   4.1195548241797409e-04 |   4.1195548241797409e-04 | 1
 12,  9 |   5.6863197290631107e-04 |   5.6863197290631107e-04 | 1
 12, 10 |   8.0014684355654456e-04 |   8.0014684355654456e-04 | 1
 12, 11 |   7.0154923712029821e-04 |   7.0154923712029821e-04 | 1
 12, 12 |   6.9086714107367635e-04 |   6.9086714107367635e-04 | 1
