row,col | V_base                   | V_new                    | equal
  1,  1 |   6.9863261838528905e-03 |   6.9863261838528905e-03 | 1
  1,  2 |   1.6524291469388838e-03 |   1.6524291469388838e-03 | 1
  1,  3 |   6.9921934880999809e-04 |   6.9921934880999809e-04 | 1
  1,  4 |  -8.9967098357052275e-03 |  -8.9967098357052275e-03 | 1
  1,  5 |  -1.0495728106373791e-04 |  -1.0495728106373791e-04 | 1
  1,  6 |  -1.1353218872644595e-03 |  -1.1353218872644595e-03 | 1
  1,  7 |   1.2523137921327011e-03 |   1.2523137921327011e-03 | 1
  1,  8 |   9.5587976153241187e-04 |   9.5587976153241187e-04 | 1
  2,  1 |   1.6524291469388838e-03 |   1.6524291469388838e-03 | 1
  2,  2 |   1.8764875972669293e-02 |   1.8764875972669293e-02 | 1
  2,  3 |  -6.6489299061705566e-04 |  -6.6489299061705566e-04 | 1
  2,  4 |   4.2252694645694175e+00 |   4.2252694645694175e+00 | 1
  2,  5 |  -1.3224356786354194e-03 |  -1.3224356786354194e-03 | 1
  2,  6 |  -8.8491496411642490e-03 |  -8.8491496411642490e-03 | 1
  2,  7 |   5.1783646521377166e-03 |   5.1783646521377166e-03 | 1
  2,  8 |   3.4870984683571084e-03 |   3.4870984683571084e-03 | 1
  3,  1 |   6.9921934880999809e-04 |   6.9921934880999809e-04 | 1
  3,  2 |  -6.6489299061705566e-04 |  -6.6489299061705566e-04 | 1
  3,  3 |   5.5491374408866779e-03 |   5.5491374408866779e-03 | 1
  3,  4 |  -4.8353694956899640e-01 |  -4.8353694956899640e-01 | 1
  3,  5 |   1.0610807048430423e-04 |   1.0610807048430423e-04 | 1
  3,  6 |   9.7627366812815452e-05 |   9.7627366812815452e-05 | 1
  3,  7 |   3.2468635769153039e-04 |   3.2468635769153039e-04 | 1
  3,  8 |   2.9444086536086270e-04 |   2.9444086536086270e-04 | 1
  4,  1 |  -8.9967098357052275e-03 |  -8.9967098357052275e-03 | 1
  4,  2 |   4.2252694645694175e+00 |   4.2252694645694175e+00 | 1
  4,  3 |  -4.8353694956899640e-01 |  -4.8353694956899640e-01 | 1
  4,  4 |   1.2373685907565007e+03 |   1.2373685907565007e+03 | 1
  4,  5 |  -3.3008033993496777e-01 |  -3.3008033993496777e-01 | 1
  4,  6 |  -2.1060217924329034e+00 |  -2.1060217924329034e+00 | 1
  4,  7 |   9.8677074531678355e-01 |   9.8677074531678355e-01 | 1
  4,  8 |   6.2242578410128913e-01 |   6.2242578410128913e-01 | 1
  5,  1 |  -1.0495728106373791e-04 |  -1.0495728106373791e-04 | 1
  5,  2 |  -1.3224356786354194e-03 |  -1.3224356786354194e-03 | 1
  5,  3 |   1.0610807048430423e-04 |   1.0610807048430423e-04 | 1
  5,  4 |  -3.3008033993496777e-01 |  -3.3008033993496777e-01 | 1
  5,  5 |   2.4026558002846216e-02 |   2.4026558002846216e-02 | 1
  5,  6 |   6.2489629262603506e-04 |   6.2489629262603506e-04 | 1
  5,  7 |  -4.3842167703371515e-04 |  -4.3842167703371515e-04 | 1
  5,  8 |  -3.0301823124804920e-04 |  -3.0301823124804920e-04 | 1
  6,  1 |  -1.1353218872644595e-03 |  -1.1353218872644595e-03 | 1
  6,  2 |  -8.8491496411642490e-03 |  -8.8491496411642490e-03 | 1
  6,  3 |   9.7627366812815452e-05 |   9.7627366812815452e-05 | 1
  6,  4 |  -2.1060217924329034e+00 |  -2.1060217924329034e+00 | 1
  6,  5 |   6.2489629262603506e-04 |   6.2489629262603506e-04 | 1
  6,  6 |   7.7867129280573058e-03 |   7.7867129280573058e-03 | 1
  6,  7 |  -2.8255526649364005e-03 |  -2.8255526649364005e-03 | 1
  6,  8 |  -1.9585683305277934e-03 |  -1.9585683305277934e-03 | 1
  7,  1 |   1.2523137921327011e-03 |   1.2523137921327011e-03 | 1
  7,  2 |   5.1783646521377166e-03 |   5.1783646521377166e-03 | 1
  7,  3 |   3.2468635769153039e-04 |   3.2468635769153039e-04 | 1
  7,  4 |   9.8677074531678355e-01 |   9.8677074531678355e-01 | 1
  7,  5 |  -4.3842167703371515e-04 |  -4.3842167703371515e-04 | 1
  7,  6 |  -2.8255526649364005e-03 |  -2.8255526649364005e-03 | 1
  7,  7 |   3.6017465680599929e-02 |   3.6017465680599929e-02 | 1
  7,  8 |   1.5872220873297056e-03 |   1.5872220873297056e-03 | 1
  8,  1 |   9.5587976153241187e-04 |   9.5587976153241187e-04 | 1
  8,  2 |   3.4870984683571084e-03 |   3.4870984683571084e-03 | 1
  8,  3 |   2.9444086536086270e-04 |   2.9444086536086270e-04 | 1
  8,  4 |   6.2242578410128913e-01 |   6.2242578410128913e-01 | 1
  8,  5 |  -3.0301823124804920e-04 |  -3.0301823124804920e-04 | 1
  8,  6 |  -1.9585683305277934e-03 |  -1.9585683305277934e-03 | 1
  8,  7 |   1.5872220873297056e-03 |   1.5872220873297056e-03 | 1
  8,  8 |   2.9114611831275845e-02 |   2.9114611831275845e-02 | 1
