row,col | V_base                   | V_new                    | equal
  1,  1 |   3.1095493578174615e-04 |   3.1095493578174615e-04 | 1
  1,  2 |   2.6344466041587535e-04 |   2.6344466041587535e-04 | 1
  1,  3 |   2.4711491108050736e-04 |   2.4711491108050736e-04 | 1
  1,  4 |   2.6885647730333470e-04 |   2.6885647730333470e-04 | 1
  1,  5 |   2.4378266750892146e-04 |   2.4378266750892146e-04 | 1
  1,  6 |   2.5186870484933410e-04 |   2.5186870484933410e-04 | 1
  1,  7 |   1.8366377321458072e-04 |   1.8366377321458072e-04 | 1
  1,  8 |   2.5982032209763341e-04 |   2.5982032209763341e-04 | 1
  1,  9 |   2.7065326581151704e-04 |   2.7065326581151704e-04 | 1
  1, 10 |   2.5730348432859086e-04 |   2.5730348432859086e-04 | 1
  1, 11 |   2.5429919897070112e-04 |   2.5429919897070112e-04 | 1
  1, 12 |   2.9835275078045288e-04 |   2.9835275078045288e-04 | 1
  1, 13 |   2.7420869799508205e-04 |   2.7420869799508205e-04 | 1
  1, 14 |   6.7616856864831433e-06 |   6.7616856864831433e-06 | 1
  1, 15 |  -1.2862647737665135e-05 |  -1.2862647737665135e-05 | 1
  1, 16 |   3.1879202748668397e-04 |   3.1879202748668397e-04 | 1
  1, 17 |  -1.5806936301221722e-05 |  -1.5806936301221722e-05 | 1
  1, 18 |  -7.2744924804608260e-06 |  -7.2744924804608260e-06 | 1
  1, 19 |   1.5563816713106410e-06 |   1.5563816713106410e-06 | 1
  1, 20 |  -8.0291720473201980e-05 |  -8.0291720473201980e-05 | 1
  1, 21 |  -4.7355647174384080e-08 |  -4.7355647174384080e-08 | 1
  1, 22 |  -2.8556789935184087e-05 |  -2.8556789935184087e-05 | 1
  1, 23 |   1.1143565946841876e-06 |   1.1143565946841876e-06 | 1
  1, 24 |   0.0000000000000000e+00 |   0.0000000000000000e+00 | 1
  2,  1 |   2.6344466041587535e-04 |   2.6344466041587535e-04 | 1
  2,  2 |   9.8127709893705583e-04 |   9.8127709893705583e-04 | 1
  2,  3 |   2.5026217710912035e-04 |   2.5026217710912035e-04 | 1
  2,  4 |   2.7587221556784919e-04 |   2.7587221556784919e-04 | 1
  2,  5 |   2.6482693420634094e-04 |   2.6482693420634094e-04 | 1
  2,  6 |   3.0768135727483084e-04 |   3.0768135727483084e-04 | 1
  2,  7 |   1.8970649460590578e-04 |   1.8970649460590578e-04 | 1
  2,  8 |   2.7747621503688893e-04 |   2.7747621503688893e-04 | 1
  2,  9 |   2.7244120874224214e-04 |   2.7244120874224214e-04 | 1
  2, 10 |   2.6448416118504670e-04 |   2.6448416118504670e-04 | 1
  2, 11 |   2.6991905503693944e-04 |   2.6991905503693944e-04 | 1
  2, 12 |   3.0707271229270998e-04 |   3.0707271229270998e-04 | 1
  2, 13 |   2.8482143589666207e-04 |   2.8482143589666207e-04 | 1
  2, 14 |  -1.8933484010910648e-04 |  -1.8933484010910648e-04 | 1
  2, 15 |   4.3807815642202456e-05 |   4.3807815642202456e-05 | 1
  2, 16 |   3.3566707583495528e-04 |   3.3566707583495528e-04 | 1
  2, 17 |  -1.7316647056413802e-05 |  -1.7316647056413802e-05 | 1
  2, 18 |  -5.7727042571743163e-06 |  -5.7727042571743163e-06 | 1
  2, 19 |   8.0301953485590395e-06 |   8.0301953485590395e-06 | 1
  2, 20 |  -8.1142388812418490e-05 |  -8.1142388812418490e-05 | 1
  2, 21 |  -4.5609011884290851e-08 |  -4.5609011884290851e-08 | 1
  2, 22 |  -2.6252734988578631e-05 |  -2.6252734988578631e-05 | 1
  2, 23 |   8.5412492169785984e-07 |   8.5412492169785984e-07 | 1
  2, 24 |   0.0000000000000000e+00 |   0.0000000000000000e+00 | 1
  3,  1 |   2.4711491108050736e-04 |   2.4711491108050736e-04 | 1
  3,  2 |   2.5026217710912035e-04 |   2.5026217710912035e-04 | 1
  3,  3 |   3.5914773047093862e-03 |   3.5914773047093862e-03 | 1
  3,  4 |   2.8097003413727565e-04 |   2.8097003413727565e-04 | 1
  3,  5 |   2.4057187631103976e-04 |   2.4057187631103976e-04 | 1
  3,  6 |   1.8702242731947179e-04 |   1.8702242731947179e-04 | 1
  3,  7 |   4.3281431855070313e-04 |   4.3281431855070313e-04 | 1
  3,  8 |   2.5803685855300517e-04 |   2.5803685855300517e-04 | 1
  3,  9 |   2.7251639049224861e-04 |   2.7251639049224861e-04 | 1
  3, 10 |   2.8405941284665505e-04 |   2.8405941284665505e-04 | 1
  3, 11 |   2.1224925446151237e-04 |   2.1224925446151237e-04 | 1
  3, 12 |   3.9259667180491697e-04 |   3.9259667180491697e-04 | 1
  3, 13 |   3.0567805316286981e-04 |   3.0567805316286981e-04 | 1
  3, 14 |  -5.7058735256912830e-05 |  -5.7058735256912830e-05 | 1
  3, 15 |  -2.9412057998276807e-04 |  -2.9412057998276807e-04 | 1
  3, 16 |   4.9692185441948329e-04 |   4.9692185441948329e-04 | 1
  3, 17 |  -2.1615816152434266e-05 |  -2.1615816152434266e-05 | 1
  3, 18 |  -1.1298835928853538e-05 |  -1.1298835928853538e-05 | 1
  3, 19 |  -5.1463308683460578e-07 |  -5.1463308683460578e-07 | 1
  3, 20 |  -7.2308193189319237e-05 |  -7.2308193189319237e-05 | 1
  3, 21 |  -3.8656881273730296e-08 |  -3.8656881273730296e-08 | 1
  3, 22 |  -2.7740882237202051e-05 |  -2.7740882237202051e-05 | 1
  3, 23 |   1.0068610095826043e-06 |   1.0068610095826043e-06 | 1
  3, 24 |   0.0000000000000000e+00 |   0.0000000000000000e+00 | 1
  4,  1 |   2.6885647730333470e-04 |   2.6885647730333470e-04 | 1
  4,  2 |   2.7587221556784919e-04 |   2.7587221556784919e-04 | 1
  4,  3 |   2.8097003413727565e-04 |   2.8097003413727565e-04 | 1
  4,  4 |   1.4581534339951467e-03 |   1.4581534339951467e-03 | 1
  4,  5 |   2.6627950183127881e-04 |   2.6627950183127881e-04 | 1
  4,  6 |   2.1004064173550815e-04 |   2.1004064173550815e-04 | 1
  4,  7 |   5.1262803331276411e-04 |   5.1262803331276411e-04 | 1
  4,  8 |   2.9707370514270526e-04 |   2.9707370514270526e-04 | 1
  4,  9 |   2.9762267237229292e-04 |   2.9762267237229292e-04 | 1
  4, 10 |   3.0971842697943500e-04 |   3.0971842697943500e-04 | 1
  4, 11 |   2.2432078174522397e-04 |   2.2432078174522397e-04 | 1
  4, 12 |   4.5494152844482695e-04 |   4.5494152844482695e-04 | 1
  4, 13 |   3.5826951931965828e-04 |   3.5826951931965828e-04 | 1
  4, 14 |  -9.2355247410586856e-05 |  -9.2355247410586856e-05 | 1
  4, 15 |  -3.5229941001002765e-04 |  -3.5229941001002765e-04 | 1
  4, 16 |   5.9499312735457083e-04 |   5.9499312735457083e-04 | 1
  4, 17 |  -1.5693807201284134e-05 |  -1.5693807201284134e-05 | 1
  4, 18 |  -1.5171663699931511e-06 |  -1.5171663699931511e-06 | 1
  4, 19 |   9.8745557302741672e-06 |   9.8745557302741672e-06 | 1
  4, 20 |  -7.7918451496138580e-05 |  -7.7918451496138580e-05 | 1
  4, 21 |  -4.5961348275035233e-08 |  -4.5961348275035233e-08 | 1
  4, 22 |  -2.7830918717704766e-05 |  -2.7830918717704766e-05 | 1
  4, 23 |   8.8692181285548725e-07 |   8.8692181285548725e-07 | 1
  4, 24 |   0.0000000000000000e+00 |   0.0000000000000000e+00 | 1
  5,  1 |   2.4378266750892146e-04 |   2.4378266750892146e-04 | 1
  5,  2 |   2.6482693420634094e-04 |   2.6482693420634094e-04 | 1
  5,  3 |   2.4057187631103976e-04 |   2.4057187631103976e-04 | 1
  5,  4 |   2.6627950183127881e-04 |   2.6627950183127881e-04 | 1
  5,  5 |   1.3859545838507814e-02 |   1.3859545838507814e-02 | 1
  5,  6 |   1.3345966499617758e-03 |   1.3345966499617758e-03 | 1
  5,  7 |  -4.8547198947489873e-04 |  -4.8547198947489873e-04 | 1
  5,  8 |   4.7874173534396560e-04 |   4.7874173534396560e-04 | 1
  5,  9 |   3.0489147429538265e-04 |   3.0489147429538265e-04 | 1
  5, 10 |   2.2483458990499604e-04 |   2.2483458990499604e-04 | 1
  5, 11 |   4.2570707504738345e-04 |   4.2570707504738345e-04 | 1
  5, 12 |   2.9535841599628005e-05 |   2.9535841599628005e-05 | 1
  5, 13 |   3.1126128121041863e-04 |   3.1126128121041863e-04 | 1
  5, 14 |  -2.0999874634682189e-04 |  -2.0999874634682189e-04 | 1
  5, 15 |   1.7033357305539700e-03 |   1.7033357305539700e-03 | 1
  5, 16 |  -1.1783057289164070e-04 |  -1.1783057289164070e-04 | 1
  5, 17 |  -2.0943099525814743e-05 |  -2.0943099525814743e-05 | 1
  5, 18 |  -1.5099061093861616e-05 |  -1.5099061093861616e-05 | 1
  5, 19 |   3.5327082682013795e-06 |   3.5327082682013795e-06 | 1
  5, 20 |  -7.2507082843776383e-05 |  -7.2507082843776383e-05 | 1
  5, 21 |  -3.1960662244434818e-08 |  -3.1960662244434818e-08 | 1
  5, 22 |  -2.8414145329198439e-05 |  -2.8414145329198439e-05 | 1
  5, 23 |   8.3787181995866141e-07 |   8.3787181995866141e-07 | 1
  5, 24 |   0.0000000000000000e+00 |   0.0000000000000000e+00 | 1
  6,  1 |   2.5186870484933410e-04 |   2.5186870484933410e-04 | 1
  6,  2 |   3.0768135727483084e-04 |   3.0768135727483084e-04 | 1
  6,  3 |   1.8702242731947179e-04 |   1.8702242731947179e-04 | 1
  6,  4 |   2.1004064173550815e-04 |   2.1004064173550815e-04 | 1
  6,  5 |   1.3345966499617758e-03 |   1.3345966499617758e-03 | 1
  6,  6 |   5.9617029121607698e-03 |   5.9617029121607698e-03 | 1
  6,  7 |  -4.0229374776514244e-03 |  -4.0229374776514244e-03 | 1
  6,  8 |   1.4022143725111488e-03 |   1.4022143725111488e-03 | 1
  6,  9 |   4.4837043665102764e-04 |   4.4837043665102764e-04 | 1
  6, 10 |  -3.7910918277888795e-05 |  -3.7910918277888795e-05 | 1
  6, 11 |   1.0191288727452634e-03 |   1.0191288727452634e-03 | 1
  6, 12 |  -1.3905844591628048e-03 |  -1.3905844591628048e-03 | 1
  6, 13 |   4.3371389762257399e-04 |   4.3371389762257399e-04 | 1
  6, 14 |  -8.8578628606693398e-04 |  -8.8578628606693398e-04 | 1
  6, 15 |   9.4097309474826842e-03 |   9.4097309474826842e-03 | 1
  6, 16 |  -2.4312958798296267e-03 |  -2.4312958798296267e-03 | 1
  6, 17 |  -1.6940346816305357e-06 |  -1.6940346816305357e-06 | 1
  6, 18 |   3.0514481963458421e-05 |   3.0514481963458421e-05 | 1
  6, 19 |   3.9243946240474271e-05 |   3.9243946240474271e-05 | 1
  6, 20 |  -1.3428005162027863e-04 |  -1.3428005162027863e-04 | 1
  6, 21 |  -2.5019558930835902e-08 |  -2.5019558930835902e-08 | 1
  6, 22 |  -4.4895725686868259e-05 |  -4.4895725686868259e-05 | 1
  6, 23 |   2.4220631375228519e-06 |   2.4220631375228519e-06 | 1
  6, 24 |   0.0000000000000000e+00 |   0.0000000000000000e+00 | 1
  7,  1 |   1.8366377321458072e-04 |   1.8366377321458072e-04 | 1
  7,  2 |   1.8970649460590578e-04 |   1.8970649460590578e-04 | 1
  7,  3 |   4.3281431855070313e-04 |   4.3281431855070313e-04 | 1
  7,  4 |   5.1262803331276411e-04 |   5.1262803331276411e-04 | 1
  7,  5 |  -4.8547198947489873e-04 |  -4.8547198947489873e-04 | 1
  7,  6 |  -4.0229374776514244e-03 |  -4.0229374776514244e-03 | 1
  7,  7 |   5.5316952637111949e-03 |   5.5316952637111949e-03 | 1
  7,  8 |  -3.8168780651993820e-04 |  -3.8168780651993820e-04 | 1
  7,  9 |   2.6331714256422984e-04 |   2.6331714256422984e-04 | 1
  7, 10 |   7.3722378936802880e-04 |   7.3722378936802880e-04 | 1
  7, 11 |  -7.8284271139398296e-04 |  -7.8284271139398296e-04 | 1
  7, 12 |   2.4380632188809584e-03 |   2.4380632188809584e-03 | 1
  7, 13 |   6.7873174255941252e-04 |   6.7873174255941252e-04 | 1
  7, 14 |  -6.7960209922842205e-05 |  -6.7960209922842205e-05 | 1
  7, 15 |  -9.1150607684219731e-03 |  -9.1150607684219731e-03 | 1
  7, 16 |   4.0400240850791032e-03 |   4.0400240850791032e-03 | 1
  7, 17 |  -5.9636825745407689e-05 |  -5.9636825745407689e-05 | 1
  7, 18 |  -5.8593506733121419e-05 |  -5.8593506733121419e-05 | 1
  7, 19 |  -3.0901895290921891e-05 |  -3.0901895290921891e-05 | 1
  7, 20 |  -1.5698648779327731e-05 |  -1.5698648779327731e-05 | 1
  7, 21 |  -1.1356531742392460e-08 |  -1.1356531742392460e-08 | 1
  7, 22 |  -3.4816922143694209e-05 |  -3.4816922143694209e-05 | 1
  7, 23 |   1.6869163227290934e-06 |   1.6869163227290934e-06 | 1
  7, 24 |   0.0000000000000000e+00 |   0.0000000000000000e+00 | 1
  8,  1 |   2.5982032209763341e-04 |   2.5982032209763341e-04 | 1
  8,  2 |   2.7747621503688893e-04 |   2.7747621503688893e-04 | 1
  8,  3 |   2.5803685855300517e-04 |   2.5803685855300517e-04 | 1
  8,  4 |   2.9707370514270526e-04 |   2.9707370514270526e-04 | 1
  8,  5 |   4.7874173534396560e-04 |   4.7874173534396560e-04 | 1
  8,  6 |   1.4022143725111488e-03 |   1.4022143725111488e-03 | 1
  8,  7 |  -3.8168780651993820e-04 |  -3.8168780651993820e-04 | 1
  8,  8 |   1.9164555934099510e-03 |   1.9164555934099510e-03 | 1
  8,  9 |   3.2140778711443039e-04 |   3.2140778711443039e-04 | 1
  8, 10 |   2.2671007403248072e-04 |   2.2671007403248072e-04 | 1
  8, 11 |   3.6857426910054142e-04 |   3.6857426910054142e-04 | 1
  8, 12 |   9.2399705540749041e-05 |   9.2399705540749041e-05 | 1
  8, 13 |   3.9222316378135298e-04 |   3.9222316378135298e-04 | 1
  8, 14 |  -2.8917544646061579e-04 |  -2.8917544646061579e-04 | 1
  8, 15 |   1.6357935932340396e-03 |   1.6357935932340396e-03 | 1
  8, 16 |   1.5026445144919350e-05 |   1.5026445144919350e-05 | 1
  8, 17 |  -3.8325830535347526e-07 |  -3.8325830535347526e-07 | 1
  8, 18 |   9.5849626123601330e-06 |   9.5849626123601330e-06 | 1
  8, 19 |   3.0330823996301014e-05 |   3.0330823996301014e-05 | 1
  8, 20 |  -8.2169424248603308e-05 |  -8.2169424248603308e-05 | 1
  8, 21 |  -4.6350803336688856e-08 |  -4.6350803336688856e-08 | 1
  8, 22 |  -3.0915425253040089e-05 |  -3.0915425253040089e-05 | 1
  8, 23 |   1.2521736472429931e-06 |   1.2521736472429931e-06 | 1
  8, 24 |   0.0000000000000000e+00 |   0.0000000000000000e+00 | 1
  9,  1 |   2.7065326581151704e-04 |   2.7065326581151704e-04 | 1
  9,  2 |   2.7244120874224214e-04 |   2.7244120874224214e-04 | 1
  9,  3 |   2.7251639049224861e-04 |   2.7251639049224861e-04 | 1
  9,  4 |   2.9762267237229292e-04 |   2.9762267237229292e-04 | 1
  9,  5 |   3.0489147429538265e-04 |   3.0489147429538265e-04 | 1
  9,  6 |   4.4837043665102764e-04 |   4.4837043665102764e-04 | 1
  9,  7 |   2.6331714256422984e-04 |   2.6331714256422984e-04 | 1
  9,  8 |   3.2140778711443039e-04 |   3.2140778711443039e-04 | 1
  9,  9 |   1.1640225915236195e-02 |   1.1640225915236195e-02 | 1
  9, 10 |   2.9132986914669754e-04 |   2.9132986914669754e-04 | 1
  9, 11 |   2.4343568833674333e-04 |   2.4343568833674333e-04 | 1
  9, 12 |   3.3446927303833657e-04 |   3.3446927303833657e-04 | 1
  9, 13 |   3.3297730579265425e-04 |   3.3297730579265425e-04 | 1
  9, 14 |  -7.6287811778337527e-05 |  -7.6287811778337527e-05 | 1
  9, 15 |   8.8342868212361694e-05 |   8.8342868212361694e-05 | 1
  9, 16 |   3.8813426102429028e-04 |   3.8813426102429028e-04 | 1
  9, 17 |  -2.2691336207780464e-05 |  -2.2691336207780464e-05 | 1
  9, 18 |  -4.6857649765699245e-06 |  -4.6857649765699245e-06 | 1
  9, 19 |  -5.8088213943458906e-06 |  -5.8088213943458906e-06 | 1
  9, 20 |  -9.0234757730716880e-05 |  -9.0234757730716880e-05 | 1
  9, 21 |  -3.7952575822374980e-08 |  -3.7952575822374980e-08 | 1
  9, 22 |  -3.5148464258550382e-05 |  -3.5148464258550382e-05 | 1
  9, 23 |   1.5094617386501158e-06 |   1.5094617386501158e-06 | 1
  9, 24 |   0.0000000000000000e+00 |   0.0000000000000000e+00 | 1
 10,  1 |   2.5730348432859086e-04 |   2.5730348432859086e-04 | 1
 10,  2 |   2.6448416118504670e-04 |   2.6448416118504670e-04 | 1
 10,  3 |   2.8405941284665505e-04 |   2.8405941284665505e-04 | 1
 10,  4 |   3.0971842697943500e-04 |   3.0971842697943500e-04 | 1
 10,  5 |   2.2483458990499604e-04 |   2.2483458990499604e-04 | 1
 10,  6 |  -3.7910918277888795e-05 |  -3.7910918277888795e-05 | 1
 10,  7 |   7.3722378936802880e-04 |   7.3722378936802880e-04 | 1
 10,  8 |   2.2671007403248072e-04 |   2.2671007403248072e-04 | 1
 10,  9 |   2.9132986914669754e-04 |   2.9132986914669754e-04 | 1
 10, 10 |   1.0037828237270444e-01 |   1.0037828237270444e-01 | 1
 10, 11 |   1.8758824688519364e-04 |   1.8758824688519364e-04 | 1
 10, 12 |   5.2015687397183796e-04 |   5.2015687397183796e-04 | 1
 10, 13 |   3.3440455157451681e-04 |   3.3440455157451681e-04 | 1
 10, 14 |  -4.5571813988269889e-05 |  -4.5571813988269889e-05 | 1
 10, 15 |  -7.9095411148158239e-04 |  -7.9095411148158239e-04 | 1
 10, 16 |   7.0030813342072213e-04 |   7.0030813342072213e-04 | 1
 10, 17 |  -4.5783104521758766e-05 |  -4.5783104521758766e-05 | 1
 10, 18 |  -2.0790004450387727e-05 |  -2.0790004450387727e-05 | 1
 10, 19 |  -2.4165975711231791e-05 |  -2.4165975711231791e-05 | 1
 10, 20 |  -6.4733774299343045e-05 |  -6.4733774299343045e-05 | 1
 10, 21 |  -3.4842598458741815e-08 |  -3.4842598458741815e-08 | 1
 10, 22 |  -2.9636560946842428e-05 |  -2.9636560946842428e-05 | 1
 10, 23 |   1.0108847061933337e-06 |   1.0108847061933337e-06 | 1
 10, 24 |   0.0000000000000000e+00 |   0.0000000000000000e+00 | 1
 11,  1 |   2.5429919897070112e-04 |   2.5429919897070112e-04 | 1
 11,  2 |   2.6991905503693944e-04 |   2.6991905503693944e-04 | 1
 11,  3 |   2.1224925446151237e-04 |   2.1224925446151237e-04 | 1
 11,  4 |   2.2432078174522397e-04 |   2.2432078174522397e-04 | 1
 11,  5 |   4.2570707504738345e-04 |   4.2570707504738345e-04 | 1
 11,  6 |   1.0191288727452634e-03 |   1.0191288727452634e-03 | 1
 11,  7 |  -7.8284271139398296e-04 |  -7.8284271139398296e-04 | 1
 11,  8 |   3.6857426910054142e-04 |   3.6857426910054142e-04 | 1
 11,  9 |   2.4343568833674333e-04 |   2.4343568833674333e-04 | 1
 11, 10 |   1.8758824688519364e-04 |   1.8758824688519364e-04 | 1
 11, 11 |   3.7949467956492310e-02 |   3.7949467956492310e-02 | 1
 11, 12 |  -6.2387114546607562e-05 |  -6.2387114546607562e-05 | 1
 11, 13 |   1.9486483010842140e-04 |   1.9486483010842140e-04 | 1
 11, 14 |  -1.4391467858230786e-05 |  -1.4391467858230786e-05 | 1
 11, 15 |   1.7136529655180301e-03 |   1.7136529655180301e-03 | 1
 11, 16 |  -3.3799253752018500e-04 |  -3.3799253752018500e-04 | 1
 11, 17 |  -2.0648720396860678e-05 |  -2.0648720396860678e-05 | 1
 11, 18 |  -4.4661177033164744e-05 |  -4.4661177033164744e-05 | 1
 11, 19 |  -3.7821823955010900e-06 |  -3.7821823955010900e-06 | 1
 11, 20 |  -7.1085635251019323e-05 |  -7.1085635251019323e-05 | 1
 11, 21 |  -4.7626286495552825e-08 |  -4.7626286495552825e-08 | 1
 11, 22 |  -6.3965699102409608e-06 |  -6.3965699102409608e-06 | 1
 11, 23 |  -9.8427229950605056e-07 |  -9.8427229950605056e-07 | 1
 11, 24 |   0.0000000000000000e+00 |   0.0000000000000000e+00 | 1
 12,  1 |   2.9835275078045288e-04 |   2.9835275078045288e-04 | 1
 12,  2 |   3.0707271229270998e-04 |   3.0707271229270998e-04 | 1
 12,  3 |   3.9259667180491697e-04 |   3.9259667180491697e-04 | 1
 12,  4 |   4.5494152844482695e-04 |   4.5494152844482695e-04 | 1
 12,  5 |   2.9535841599628005e-05 |   2.9535841599628005e-05 | 1
 12,  6 |  -1.3905844591628048e-03 |  -1.3905844591628048e-03 | 1
 12,  7 |   2.4380632188809584e-03 |   2.4380632188809584e-03 | 1
 12,  8 |   9.2399705540749041e-05 |   9.2399705540749041e-05 | 1
 12,  9 |   3.3446927303833657e-04 |   3.3446927303833657e-04 | 1
 12, 10 |   5.2015687397183796e-04 |   5.2015687397183796e-04 | 1
 12, 11 |  -6.2387114546607562e-05 |  -6.2387114546607562e-05 | 1
 12, 12 |   9.0177032207718194e-03 |   9.0177032207718194e-03 | 1
 12, 13 |   5.4096804887369422e-04 |   5.4096804887369422e-04 | 1
 12, 14 |  -7.6073275243943348e-05 |  -7.6073275243943348e-05 | 1
 12, 15 |  -3.7159705853557256e-03 |  -3.7159705853557256e-03 | 1
 12, 16 |   1.9933128435853393e-03 |   1.9933128435853393e-03 | 1
 12, 17 |  -2.4087336997427226e-05 |  -2.4087336997427226e-05 | 1
 12, 18 |  -2.4133364218944227e-05 |  -2.4133364218944227e-05 | 1
 12, 19 |  -2.0431570599572505e-06 |  -2.0431570599572505e-06 | 1
 12, 20 |  -8.1373538784921268e-05 |  -8.1373538784921268e-05 | 1
 12, 21 |  -4.9774262483581264e-08 |  -4.9774262483581264e-08 | 1
 12, 22 |  -2.7956591215304088e-05 |  -2.7956591215304088e-05 | 1
 12, 23 |   7.0966818701668662e-07 |   7.0966818701668662e-07 | 1
 12, 24 |   0.0000000000000000e+00 |   0.0000000000000000e+00 | 1
 13,  1 |   2.7420869799508205e-04 |   2.7420869799508205e-04 | 1
 13,  2 |   2.8482143589666207e-04 |   2.8482143589666207e-04 | 1
 13,  3 |   3.0567805316286981e-04 |   3.0567805316286981e-04 | 1
 13,  4 |   3.5826951931965828e-04 |   3.5826951931965828e-04 | 1
 13,  5 |   3.1126128121041863e-04 |   3.1126128121041863e-04 | 1
 13,  6 |   4.3371389762257399e-04 |   4.3371389762257399e-04 | 1
 13,  7 |   6.7873174255941252e-04 |   6.7873174255941252e-04 | 1
 13,  8 |   3.9222316378135298e-04 |   3.9222316378135298e-04 | 1
 13,  9 |   3.3297730579265425e-04 |   3.3297730579265425e-04 | 1
 13, 10 |   3.3440455157451681e-04 |   3.3440455157451681e-04 | 1
 13, 11 |   1.9486483010842140e-04 |   1.9486483010842140e-04 | 1
 13, 12 |   5.4096804887369422e-04 |   5.4096804887369422e-04 | 1
 13, 13 |   8.4030310692156159e-03 |   8.4030310692156159e-03 | 1
 13, 14 |  -2.4314768618963255e-04 |  -2.4314768618963255e-04 | 1
 13, 15 |  -3.2425225512757269e-04 |  -3.2425225512757269e-04 | 1
 13, 16 |   7.7182360397668674e-04 |   7.7182360397668674e-04 | 1
 13, 17 |  -8.5813351208755363e-06 |  -8.5813351208755363e-06 | 1
 13, 18 |  -1.9323709360395911e-06 |  -1.9323709360395911e-06 | 1
 13, 19 |   1.1251395660481010e-05 |   1.1251395660481010e-05 | 1
 13, 20 |  -8.9621160334393970e-05 |  -8.9621160334393970e-05 | 1
 13, 21 |  -4.8602969156389157e-08 |  -4.8602969156389157e-08 | 1
 13, 22 |  -3.0801758054179309e-05 |  -3.0801758054179309e-05 | 1
 13, 23 |   1.3025982192227322e-06 |   1.3025982192227322e-06 | 1
 13, 24 |   0.0000000000000000e+00 |   0.0000000000000000e+00 | 1
 14,  1 |   6.7616856864831433e-06 |   6.7616856864831433e-06 | 1
 14,  2 |  -1.8933484010910648e-04 |  -1.8933484010910648e-04 | 1
 14,  3 |  -5.7058735256912830e-05 |  -5.7058735256912830e-05 | 1
 14,  4 |  -9.2355247410586856e-05 |  -9.2355247410586856e-05 | 1
 14,  5 |  -2.0999874634682189e-04 |  -2.0999874634682189e-04 | 1
 14,  6 |  -8.8578628606693398e-04 |  -8.8578628606693398e-04 | 1
 14,  7 |  -6.7960209922842205e-05 |  -6.7960209922842205e-05 | 1
 14,  8 |  -2.8917544646061579e-04 |  -2.8917544646061579e-04 | 1
 14,  9 |  -7.6287811778337527e-05 |  -7.6287811778337527e-05 | 1
 14, 10 |  -4.5571813988269889e-05 |  -4.5571813988269889e-05 | 1
 14, 11 |  -1.4391467858230786e-05 |  -1.4391467858230786e-05 | 1
 14, 12 |  -7.6073275243943348e-05 |  -7.6073275243943348e-05 | 1
 14, 13 |  -2.4314768618963255e-04 |  -2.4314768618963255e-04 | 1
 14, 14 |   4.4982047347002016e-04 |   4.4982047347002016e-04 | 1
 14, 15 |  -7.8953746928041627e-04 |  -7.8953746928041627e-04 | 1
 14, 16 |  -1.9615752503310719e-04 |  -1.9615752503310719e-04 | 1
 14, 17 |  -7.5282612628618627e-06 |  -7.5282612628618627e-06 | 1
 14, 18 |  -1.5224101351342265e-05 |  -1.5224101351342265e-05 | 1
 14, 19 |  -2.8110000702821573e-05 |  -2.8110000702821573e-05 | 1
 14, 20 |   8.4685422113477697e-07 |   8.4685422113477697e-07 | 1
 14, 21 |   9.5724846782017538e-10 |   9.5724846782017538e-10 | 1
 14, 22 |   4.2434042040883156e-07 |   4.2434042040883156e-07 | 1
 14, 23 |  -2.0554186795595032e-08 |  -2.0554186795595032e-08 | 1
 14, 24 |   0.0000000000000000e+00 |   0.0000000000000000e+00 | 1
 15,  1 |  -1.2862647737665135e-05 |  -1.2862647737665135e-05 | 1
 15,  2 |   4.3807815642202456e-05 |   4.3807815642202456e-05 | 1
 15,  3 |  -2.9412057998276807e-04 |  -2.9412057998276807e-04 | 1
 15,  4 |  -3.5229941001002765e-04 |  -3.5229941001002765e-04 | 1
 15,  5 |   1.7033357305539700e-03 |   1.7033357305539700e-03 | 1
 15,  6 |   9.4097309474826842e-03 |   9.4097309474826842e-03 | 1
 15,  7 |  -9.1150607684219731e-03 |  -9.1150607684219731e-03 | 1
 15,  8 |   1.6357935932340396e-03 |   1.6357935932340396e-03 | 1
 15,  9 |   8.8342868212361694e-05 |   8.8342868212361694e-05 | 1
 15, 10 |  -7.9095411148158239e-04 |  -7.9095411148158239e-04 | 1
 15, 11 |   1.7136529655180301e-03 |   1.7136529655180301e-03 | 1
 15, 12 |  -3.7159705853557256e-03 |  -3.7159705853557256e-03 | 1
 15, 13 |  -3.2425225512757269e-04 |  -3.2425225512757269e-04 | 1
 15, 14 |  -7.8953746928041627e-04 |  -7.8953746928041627e-04 | 1
 15, 15 |   1.7738882082530279e-02 |   1.7738882082530279e-02 | 1
 15, 16 |  -6.2604559962350891e-03 |  -6.2604559962350891e-03 | 1
 15, 17 |   5.4006957367266387e-05 |   5.4006957367266387e-05 | 1
 15, 18 |   6.6652482181028366e-05 |   6.6652482181028366e-05 | 1
 15, 19 |   7.9725161817721305e-05 |   7.9725161817721305e-05 | 1
 15, 20 |   2.0021968805960204e-06 |   2.0021968805960204e-06 | 1
 15, 21 |  -6.9371865648012839e-09 |  -6.9371865648012839e-09 | 1
 15, 22 |  -5.0751248989959899e-06 |  -5.0751248989959899e-06 | 1
 15, 23 |   2.4908319993090076e-07 |   2.4908319993090076e-07 | 1
 15, 24 |   0.0000000000000000e+00 |   0.0000000000000000e+00 | 1
 16,  1 |   3.1879202748668397e-04 |   3.1879202748668397e-04 | 1
 16,  2 |   3.3566707583495528e-04 |   3.3566707583495528e-04 | 1
 16,  3 |   4.9692185441948329e-04 |   4.9692185441948329e-04 | 1
 16,  4 |   5.9499312735457083e-04 |   5.9499312735457083e-04 | 1
 16,  5 |  -1.1783057289164070e-04 |  -1.1783057289164070e-04 | 1
 16,  6 |  -2.4312958798296267e-03 |  -2.4312958798296267e-03 | 1
 16,  7 |   4.0400240850791032e-03 |   4.0400240850791032e-03 | 1
 16,  8 |   1.5026445144919350e-05 |   1.5026445144919350e-05 | 1
 16,  9 |   3.8813426102429028e-04 |   3.8813426102429028e-04 | 1
 16, 10 |   7.0030813342072213e-04 |   7.0030813342072213e-04 | 1
 16, 11 |  -3.3799253752018500e-04 |  -3.3799253752018500e-04 | 1
 16, 12 |   1.9933128435853393e-03 |   1.9933128435853393e-03 | 1
 16, 13 |   7.7182360397668674e-04 |   7.7182360397668674e-04 | 1
 16, 14 |  -1.9615752503310719e-04 |  -1.9615752503310719e-04 | 1
 16, 15 |  -6.2604559962350891e-03 |  -6.2604559962350891e-03 | 1
 16, 16 |   3.3165008280521186e-03 |   3.3165008280521186e-03 | 1
 16, 17 |  -2.2437690364310381e-05 |  -2.2437690364310381e-05 | 1
 16, 18 |  -1.2489647959488086e-05 |  -1.2489647959488086e-05 | 1
 16, 19 |   9.7097556913175307e-06 |   9.7097556913175307e-06 | 1
 16, 20 |  -9.3332231926214121e-05 |  -9.3332231926214121e-05 | 1
 16, 21 |  -5.5489271271845542e-08 |  -5.5489271271845542e-08 | 1
 16, 22 |  -2.9462657042044250e-05 |  -2.9462657042044250e-05 | 1
 16, 23 |   7.6415549857253144e-07 |   7.6415549857253144e-07 | 1
 16, 24 |   0.0000000000000000e+00 |   0.0000000000000000e+00 | 1
 17,  1 |  -1.5806936301221722e-05 |  -1.5806936301221722e-05 | 1
 17,  2 |  -1.7316647056413802e-05 |  -1.7316647056413802e-05 | 1
 17,  3 |  -2.1615816152434266e-05 |  -2.1615816152434266e-05 | 1
 17,  4 |  -1.5693807201284134e-05 |  -1.5693807201284134e-05 | 1
 17,  5 |  -2.0943099525814743e-05 |  -2.0943099525814743e-05 | 1
 17,  6 |  -1.6940346816305357e-06 |  -1.6940346816305357e-06 | 1
 17,  7 |  -5.9636825745407689e-05 |  -5.9636825745407689e-05 | 1
 17,  8 |  -3.8325830535347526e-07 |  -3.8325830535347526e-07 | 1
 17,  9 |  -2.2691336207780464e-05 |  -2.2691336207780464e-05 | 1
 17, 10 |  -4.5783104521758766e-05 |  -4.5783104521758766e-05 | 1
 17, 11 |  -2.0648720396860678e-05 |  -2.0648720396860678e-05 | 1
 17, 12 |  -2.4087336997427226e-05 |  -2.4087336997427226e-05 | 1
 17, 13 |  -8.5813351208755363e-06 |  -8.5813351208755363e-06 | 1
 17, 14 |  -7.5282612628618627e-06 |  -7.5282612628618627e-06 | 1
 17, 15 |   5.4006957367266387e-05 |   5.4006957367266387e-05 | 1
 17, 16 |  -2.2437690364310381e-05 |  -2.2437690364310381e-05 | 1
 17, 17 |   5.0410668087452222e-05 |   5.0410668087452222e-05 | 1
 17, 18 |   2.7503296792580337e-05 |   2.7503296792580337e-05 | 1
 17, 19 |   2.7933724069875643e-05 |   2.7933724069875643e-05 | 1
 17, 20 |  -9.3330081398444372e-07 |  -9.3330081398444372e-07 | 1
 17, 21 |  -3.1449375389614486e-09 |  -3.1449375389614486e-09 | 1
 17, 22 |  -4.7344795712810563e-07 |  -4.7344795712810563e-07 | 1
 17, 23 |   9.4656868471648935e-09 |   9.4656868471648935e-09 | 1
 17, 24 |   0.0000000000000000e+00 |   0.0000000000000000e+00 | 1
 18,  1 |  -7.2744924804608260e-06 |  -7.2744924804608260e-06 | 1
 18,  2 |  -5.7727042571743163e-06 |  -5.7727042571743163e-06 | 1
 18,  3 |  -1.1298835928853538e-05 |  -1.1298835928853538e-05 | 1
 18,  4 |  -1.5171663699931511e-06 |  -1.5171663699931511e-06 | 1
 18,  5 |  -1.5099061093861616e-05 |  -1.5099061093861616e-05 | 1
 18,  6 |   3.0514481963458421e-05 |   3.0514481963458421e-05 | 1
 18,  7 |  -5.8593506733121419e-05 |  -5.8593506733121419e-05 | 1
 18,  8 |   9.5849626123601330e-06 |   9.5849626123601330e-06 | 1
 18,  9 |  -4.6857649765699245e-06 |  -4.6857649765699245e-06 | 1
 18, 10 |  -2.0790004450387727e-05 |  -2.0790004450387727e-05 | 1
 18, 11 |  -4.4661177033164744e-05 |  -4.4661177033164744e-05 | 1
 18, 12 |  -2.4133364218944227e-05 |  -2.4133364218944227e-05 | 1
 18, 13 |  -1.9323709360395911e-06 |  -1.9323709360395911e-06 | 1
 18, 14 |  -1.5224101351342265e-05 |  -1.5224101351342265e-05 | 1
 18, 15 |   6.6652482181028366e-05 |   6.6652482181028366e-05 | 1
 18, 16 |  -1.2489647959488086e-05 |  -1.2489647959488086e-05 | 1
 18, 17 |   2.7503296792580337e-05 |   2.7503296792580337e-05 | 1
 18, 18 |   5.9053654141719570e-05 |   5.9053654141719570e-05 | 1
 18, 19 |   3.3433055829443414e-05 |   3.3433055829443414e-05 | 1
 18, 20 |  -2.4469260582201313e-06 |  -2.4469260582201313e-06 | 1
 18, 21 |  -4.9476881122072855e-09 |  -4.9476881122072855e-09 | 1
 18, 22 |  -9.8560327677756096e-07 |  -9.8560327677756096e-07 | 1
 18, 23 |   9.3840505493684297e-09 |   9.3840505493684297e-09 | 1
 18, 24 |   0.0000000000000000e+00 |   0.0000000000000000e+00 | 1
 19,  1 |   1.5563816713106410e-06 |   1.5563816713106410e-06 | 1
 19,  2 |   8.0301953485590395e-06 |   8.0301953485590395e-06 | 1
 19,  3 |  -5.1463308683460578e-07 |  -5.1463308683460578e-07 | 1
 19,  4 |   9.8745557302741672e-06 |   9.8745557302741672e-06 | 1
 19,  5 |   3.5327082682013795e-06 |   3.5327082682013795e-06 | 1
 19,  6 |   3.9243946240474271e-05 |   3.9243946240474271e-05 | 1
 19,  7 |  -3.0901895290921891e-05 |  -3.0901895290921891e-05 | 1
 19,  8 |   3.0330823996301014e-05 |   3.0330823996301014e-05 | 1
 19,  9 |  -5.8088213943458906e-06 |  -5.8088213943458906e-06 | 1
 19, 10 |  -2.4165975711231791e-05 |  -2.4165975711231791e-05 | 1
 19, 11 |  -3.7821823955010900e-06 |  -3.7821823955010900e-06 | 1
 19, 12 |  -2.0431570599572505e-06 |  -2.0431570599572505e-06 | 1
 19, 13 |   1.1251395660481010e-05 |   1.1251395660481010e-05 | 1
 19, 14 |  -2.8110000702821573e-05 |  -2.8110000702821573e-05 | 1
 19, 15 |   7.9725161817721305e-05 |   7.9725161817721305e-05 | 1
 19, 16 |   9.7097556913175307e-06 |   9.7097556913175307e-06 | 1
 19, 17 |   2.7933724069875643e-05 |   2.7933724069875643e-05 | 1
 19, 18 |   3.3433055829443414e-05 |   3.3433055829443414e-05 | 1
 19, 19 |   6.1142625027552655e-05 |   6.1142625027552655e-05 | 1
 19, 20 |  -3.5600476015920964e-06 |  -3.5600476015920964e-06 | 1
 19, 21 |  -8.4908141801655705e-09 |  -8.4908141801655705e-09 | 1
 19, 22 |  -1.1832042281779324e-06 |  -1.1832042281779324e-06 | 1
 19, 23 |  -3.2405683581105448e-09 |  -3.2405683581105448e-09 | 1
 19, 24 |   0.0000000000000000e+00 |   0.0000000000000000e+00 | 1
 20,  1 |  -8.0291720473201980e-05 |  -8.0291720473201980e-05 | 1
 20,  2 |  -8.1142388812418490e-05 |  -8.1142388812418490e-05 | 1
 20,  3 |  -7.2308193189319237e-05 |  -7.2308193189319237e-05 | 1
 20,  4 |  -7.7918451496138580e-05 |  -7.7918451496138580e-05 | 1
 20,  5 |  -7.2507082843776383e-05 |  -7.2507082843776383e-05 | 1
 20,  6 |  -1.3428005162027863e-04 |  -1.3428005162027863e-04 | 1
 20,  7 |  -1.5698648779327731e-05 |  -1.5698648779327731e-05 | 1
 20,  8 |  -8.2169424248603308e-05 |  -8.2169424248603308e-05 | 1
 20,  9 |  -9.0234757730716880e-05 |  -9.0234757730716880e-05 | 1
 20, 10 |  -6.4733774299343045e-05 |  -6.4733774299343045e-05 | 1
 20, 11 |  -7.1085635251019323e-05 |  -7.1085635251019323e-05 | 1
 20, 12 |  -8.1373538784921268e-05 |  -8.1373538784921268e-05 | 1
 20, 13 |  -8.9621160334393970e-05 |  -8.9621160334393970e-05 | 1
 20, 14 |   8.4685422113477697e-07 |   8.4685422113477697e-07 | 1
 20, 15 |   2.0021968805960204e-06 |   2.0021968805960204e-06 | 1
 20, 16 |  -9.3332231926214121e-05 |  -9.3332231926214121e-05 | 1
 20, 17 |  -9.3330081398444372e-07 |  -9.3330081398444372e-07 | 1
 20, 18 |  -2.4469260582201313e-06 |  -2.4469260582201313e-06 | 1
 20, 19 |  -3.5600476015920964e-06 |  -3.5600476015920964e-06 | 1
 20, 20 |   9.7519205618183341e-05 |   9.7519205618183341e-05 | 1
 20, 21 |   5.2163772254592003e-09 |   5.2163772254592003e-09 | 1
 20, 22 |   4.4354376096275890e-06 |   4.4354376096275890e-06 | 1
 20, 23 |  -1.4642326009246424e-07 |  -1.4642326009246424e-07 | 1
 20, 24 |   0.0000000000000000e+00 |   0.0000000000000000e+00 | 1
 21,  1 |  -4.7355647174384080e-08 |  -4.7355647174384080e-08 | 1
 21,  2 |  -4.5609011884290851e-08 |  -4.5609011884290851e-08 | 1
 21,  3 |  -3.8656881273730296e-08 |  -3.8656881273730296e-08 | 1
 21,  4 |  -4.5961348275035233e-08 |  -4.5961348275035233e-08 | 1
 21,  5 |  -3.1960662244434818e-08 |  -3.1960662244434818e-08 | 1
 21,  6 |  -2.5019558930835902e-08 |  -2.5019558930835902e-08 | 1
 21,  7 |  -1.1356531742392460e-08 |  -1.1356531742392460e-08 | 1
 21,  8 |  -4.6350803336688856e-08 |  -4.6350803336688856e-08 | 1
 21,  9 |  -3.7952575822374980e-08 |  -3.7952575822374980e-08 | 1
 21, 10 |  -3.4842598458741815e-08 |  -3.4842598458741815e-08 | 1
 21, 11 |  -4.7626286495552825e-08 |  -4.7626286495552825e-08 | 1
 21, 12 |  -4.9774262483581264e-08 |  -4.9774262483581264e-08 | 1
 21, 13 |  -4.8602969156389157e-08 |  -4.8602969156389157e-08 | 1
 21, 14 |   9.5724846782017538e-10 |   9.5724846782017538e-10 | 1
 21, 15 |  -6.9371865648012839e-09 |  -6.9371865648012839e-09 | 1
 21, 16 |  -5.5489271271845542e-08 |  -5.5489271271845542e-08 | 1
 21, 17 |  -3.1449375389614486e-09 |  -3.1449375389614486e-09 | 1
 21, 18 |  -4.9476881122072855e-09 |  -4.9476881122072855e-09 | 1
 21, 19 |  -8.4908141801655705e-09 |  -8.4908141801655705e-09 | 1
 21, 20 |   5.2163772254592003e-09 |   5.2163772254592003e-09 | 1
 21, 21 |   1.5398151155081694e-11 |   1.5398151155081694e-11 | 1
 21, 22 |   1.9189994791975619e-09 |   1.9189994791975619e-09 | 1
 21, 23 |  -2.6836408814270713e-13 |  -2.6836408814270713e-13 | 1
 21, 24 |   0.0000000000000000e+00 |   0.0000000000000000e+00 | 1
 22,  1 |  -2.8556789935184087e-05 |  -2.8556789935184087e-05 | 1
 22,  2 |  -2.6252734988578631e-05 |  -2.6252734988578631e-05 | 1
 22,  3 |  -2.7740882237202051e-05 |  -2.7740882237202051e-05 | 1
 22,  4 |  -2.7830918717704766e-05 |  -2.7830918717704766e-05 | 1
 22,  5 |  -2.8414145329198439e-05 |  -2.8414145329198439e-05 | 1
 22,  6 |  -4.4895725686868259e-05 |  -4.4895725686868259e-05 | 1
 22,  7 |  -3.4816922143694209e-05 |  -3.4816922143694209e-05 | 1
 22,  8 |  -3.0915425253040089e-05 |  -3.0915425253040089e-05 | 1
 22,  9 |  -3.5148464258550382e-05 |  -3.5148464258550382e-05 | 1
 22, 10 |  -2.9636560946842428e-05 |  -2.9636560946842428e-05 | 1
 22, 11 |  -6.3965699102409608e-06 |  -6.3965699102409608e-06 | 1
 22, 12 |  -2.7956591215304088e-05 |  -2.7956591215304088e-05 | 1
 22, 13 |  -3.0801758054179309e-05 |  -3.0801758054179309e-05 | 1
 22, 14 |   4.2434042040883156e-07 |   4.2434042040883156e-07 | 1
 22, 15 |  -5.0751248989959899e-06 |  -5.0751248989959899e-06 | 1
 22, 16 |  -2.9462657042044250e-05 |  -2.9462657042044250e-05 | 1
 22, 17 |  -4.7344795712810563e-07 |  -4.7344795712810563e-07 | 1
 22, 18 |  -9.8560327677756096e-07 |  -9.8560327677756096e-07 | 1
 22, 19 |  -1.1832042281779324e-06 |  -1.1832042281779324e-06 | 1
 22, 20 |   4.4354376096275890e-06 |   4.4354376096275890e-06 | 1
 22, 21 |   1.9189994791975619e-09 |   1.9189994791975619e-09 | 1
 22, 22 |   8.7469039595765759e-06 |   8.7469039595765759e-06 | 1
 22, 23 |  -5.4775293075257819e-07 |  -5.4775293075257819e-07 | 1
 22, 24 |   0.0000000000000000e+00 |   0.0000000000000000e+00 | 1
 23,  1 |   1.1143565946841876e-06 |   1.1143565946841876e-06 | 1
 23,  2 |   8.5412492169785984e-07 |   8.5412492169785984e-07 | 1
 23,  3 |   1.0068610095826043e-06 |   1.0068610095826043e-06 | 1
 23,  4 |   8.8692181285548725e-07 |   8.8692181285548725e-07 | 1
 23,  5 |   8.3787181995866141e-07 |   8.3787181995866141e-07 | 1
 23,  6 |   2.4220631375228519e-06 |   2.4220631375228519e-06 | 1
 23,  7 |   1.6869163227290934e-06 |   1.6869163227290934e-06 | 1
 23,  8 |   1.2521736472429931e-06 |   1.2521736472429931e-06 | 1
 23,  9 |   1.5094617386501158e-06 |   1.5094617386501158e-06 | 1
 23, 10 |   1.0108847061933337e-06 |   1.0108847061933337e-06 | 1
 23, 11 |  -9.8427229950605056e-07 |  -9.8427229950605056e-07 | 1
 23, 12 |   7.0966818701668662e-07 |   7.0966818701668662e-07 | 1
 23, 13 |   1.3025982192227322e-06 |   1.3025982192227322e-06 | 1
 23, 14 |  -2.0554186795595032e-08 |  -2.0554186795595032e-08 | 1
 23, 15 |   2.4908319993090076e-07 |   2.4908319993090076e-07 | 1
 23, 16 |   7.6415549857253144e-07 |   7.6415549857253144e-07 | 1
 23, 17 |   9.4656868471648935e-09 |   9.4656868471648935e-09 | 1
 23, 18 |   9.3840505493684297e-09 |   9.3840505493684297e-09 | 1
 23, 19 |  -3.2405683581105448e-09 |  -3.2405683581105448e-09 | 1
 23, 20 |  -1.4642326009246424e-07 |  -1.4642326009246424e-07 | 1
 23, 21 |  -2.6836408814270713e-13 |  -2.6836408814270713e-13 | 1
 23, 22 |  -5.4775293075257819e-07 |  -5.4775293075257819e-07 | 1
 23, 23 |   4.1202415515609896e-08 |   4.1202415515609896e-08 | 1
 23, 24 |   0.0000000000000000e+00 |   0.0000000000000000e+00 | 1
 24,  1 |   0.0000000000000000e+00 |   0.0000000000000000e+00 | 1
 24,  2 |   0.0000000000000000e+00 |   0.0000000000000000e+00 | 1
 24,  3 |   0.0000000000000000e+00 |   0.0000000000000000e+00 | 1
 24,  4 |   0.0000000000000000e+00 |   0.0000000000000000e+00 | 1
 24,  5 |   0.0000000000000000e+00 |   0.0000000000000000e+00 | 1
 24,  6 |   0.0000000000000000e+00 |   0.0000000000000000e+00 | 1
 24,  7 |   0.0000000000000000e+00 |   0.0000000000000000e+00 | 1
 24,  8 |   0.0000000000000000e+00 |   0.0000000000000000e+00 | 1
 24,  9 |   0.0000000000000000e+00 |   0.0000000000000000e+00 | 1
 24, 10 |   0.0000000000000000e+00 |   0.0000000000000000e+00 | 1
 24, 11 |   0.0000000000000000e+00 |   0.0000000000000000e+00 | 1
 24, 12 |   0.0000000000000000e+00 |   0.0000000000000000e+00 | 1
 24, 13 |   0.0000000000000000e+00 |   0.0000000000000000e+00 | 1
 24, 14 |   0.0000000000000000e+00 |   0.0000000000000000e+00 | 1
 24, 15 |   0.0000000000000000e+00 |   0.0000000000000000e+00 | 1
 24, 16 |   0.0000000000000000e+00 |   0.0000000000000000e+00 | 1
 24, 17 |   0.0000000000000000e+00 |   0.0000000000000000e+00 | 1
 24, 18 |   0.0000000000000000e+00 |   0.0000000000000000e+00 | 1
 24, 19 |   0.0000000000000000e+00 |   0.0000000000000000e+00 | 1
 24, 20 |   0.0000000000000000e+00 |   0.0000000000000000e+00 | 1
 24, 21 |   0.0000000000000000e+00 |   0.0000000000000000e+00 | 1
 24, 22 |   0.0000000000000000e+00 |   0.0000000000000000e+00 | 1
 24, 23 |   0.0000000000000000e+00 |   0.0000000000000000e+00 | 1
 24, 24 |   0.0000000000000000e+00 |   0.0000000000000000e+00 | 1
