row,col | V_base                   | V_new                    | equal
  1,  1 |   3.9368852151473694e-04 |   3.9368852151473694e-04 | 1
  1,  2 |   1.7199909069427655e-03 |   1.7199909069427655e-03 | 1
  1,  3 |   2.6819506597069282e-04 |   2.6819506597069282e-04 | 1
  1,  4 |   1.3934297024179048e-04 |   1.3934297024179048e-04 | 1
  1,  5 |  -3.0103349047653322e-04 |  -3.0103349047653322e-04 | 1
  1,  6 |   5.7996939896120736e-05 |   5.7996939896120736e-05 | 1
  2,  1 |   1.7199909069427655e-03 |   1.7199909069427655e-03 | 1
  2,  2 |   1.7746492395842733e-02 |   1.7746492395842733e-02 | 1
  2,  3 |   1.5842145440051864e-03 |   1.5842145440051864e-03 | 1
  2,  4 |   8.9971018458057887e-04 |   8.9971018458057887e-04 | 1
  2,  5 |  -4.7166178786064196e-03 |  -4.7166178786064196e-03 | 1
  2,  6 |  -4.3577976708602189e-04 |  -4.3577976708602189e-04 | 1
  3,  1 |   2.6819506597069282e-04 |   2.6819506597069282e-04 | 1
  3,  2 |   1.5842145440051864e-03 |   1.5842145440051864e-03 | 1
  3,  3 |   8.5450789411596530e-03 |   8.5450789411596530e-03 | 1
  3,  4 |   1.6777471784787824e-04 |   1.6777471784787824e-04 | 1
  3,  5 |  -1.5878112083706966e-04 |  -1.5878112083706966e-04 | 1
  3,  6 |   1.3503807200452813e-04 |   1.3503807200452813e-04 | 1
  4,  1 |   1.3934297024179048e-04 |   1.3934297024179048e-04 | 1
  4,  2 |   8.9971018458057887e-04 |   8.9971018458057887e-04 | 1
  4,  3 |   1.6777471784787824e-04 |   1.6777471784787824e-04 | 1
  4,  4 |   3.5579731612493796e-03 |   3.5579731612493796e-03 | 1
  4,  5 |  -1.0474209043737378e-04 |  -1.0474209043737378e-04 | 1
  4,  6 |   6.4100024678280686e-05 |   6.4100024678280686e-05 | 1
  5,  1 |  -3.0103349047653322e-04 |  -3.0103349047653322e-04 | 1
  5,  2 |  -4.7166178786064196e-03 |  -4.7166178786064196e-03 | 1
  5,  3 |  -1.5878112083706966e-04 |  -1.5878112083706966e-04 | 1
  5,  4 |  -1.0474209043737378e-04 |  -1.0474209043737378e-04 | 1
  5,  5 |   3.9423671246827238e-03 |   3.9423671246827238e-03 | 1
  5,  6 |   3.5416206273475932e-04 |   3.5416206273475932e-04 | 1
  6,  1 |   5.7996939896120736e-05 |   5.7996939896120736e-05 | 1
  6,  2 |  -4.3577976708602189e-04 |  -4.3577976708602189e-04 | 1
  6,  3 |   1.3503807200452813e-04 |   1.3503807200452813e-04 | 1
  6,  4 |   6.4100024678280686e-05 |   6.4100024678280686e-05 | 1
  6,  5 |   3.5416206273475932e-04 |   3.5416206273475932e-04 | 1
  6,  6 |   3.4524283169851426e-04 |   3.4524283169851426e-04 | 1
