row,col | V_base                   | V_new                    | equal
  1,  1 |   1.1403560806935208e-02 |   1.1403560806935208e-02 | 1
  1,  2 |   5.0397862246213260e-03 |   5.0397862246213260e-03 | 1
  1,  3 |   2.6390928697198291e+01 |   2.6390928697198291e+01 | 1
  1,  4 |   6.5636259561109118e-03 |   6.5636259561109118e-03 | 1
  1,  5 |   1.6116365949564782e-02 |   1.6116365949564782e-02 | 1
  1,  6 |   1.4255751924751963e-02 |   1.4255751924751963e-02 | 1
  1,  7 |   1.6363942692849555e-02 |   1.6363942692849555e-02 | 1
  1,  8 |   4.7540142179271234e-03 |   4.7540142179271234e-03 | 1
  1,  9 |  -2.0274345305001211e-03 |  -2.0274345305001211e-03 | 1
  1, 10 |  -5.5855997051477979e-03 |  -5.5855997051477979e-03 | 1
  1, 11 |  -3.5375965857497556e-03 |  -3.5375965857497556e-03 | 1
  1, 12 |  -5.6731431192264276e-03 |  -5.6731431192264276e-03 | 1
  1, 13 |  -7.8533504007531341e-03 |  -7.8533504007531341e-03 | 1
  1, 14 |  -1.9833084957679719e-06 |  -1.9833084957679719e-06 | 1
  1, 15 |   1.1080491244611837e-02 |   1.1080491244611837e-02 | 1
  1, 16 |  -1.0045825947506089e-02 |  -1.0045825947506089e-02 | 1
  2,  1 |   5.0397862246213260e-03 |   5.0397862246213260e-03 | 1
  2,  2 |   7.0241191979272012e-03 |   7.0241191979272012e-03 | 1
  2,  3 |   9.4308389392987664e+00 |   9.4308389392987664e+00 | 1
  2,  4 |   9.6869825903014260e-03 |   9.6869825903014260e-03 | 1
  2,  5 |   8.6561084371888398e-03 |   8.6561084371888398e-03 | 1
  2,  6 |   8.1384279723984362e-03 |   8.1384279723984362e-03 | 1
  2,  7 |   8.7969726822594678e-03 |   8.7969726822594678e-03 | 1
  2,  8 |   2.3634001044197371e-04 |   2.3634001044197371e-04 | 1
  2,  9 |  -4.9053337845482512e-04 |  -4.9053337845482512e-04 | 1
  2, 10 |   1.5360035288304184e-02 |   1.5360035288304184e-02 | 1
  2, 11 |  -1.6958392645157329e-03 |  -1.6958392645157329e-03 | 1
  2, 12 |  -2.8710569241086514e-03 |  -2.8710569241086514e-03 | 1
  2, 13 |  -3.0612985711559754e-03 |  -3.0612985711559754e-03 | 1
  2, 14 |  -7.8880377066584687e-07 |  -7.8880377066584687e-07 | 1
  2, 15 |   5.9693661160698285e-03 |   5.9693661160698285e-03 | 1
  2, 16 |   3.1917890804131375e-03 |   3.1917890804131375e-03 | 1
  3,  1 |   2.6390928697198291e+01 |   2.6390928697198291e+01 | 1
  3,  2 |   9.4308389392987664e+00 |   9.4308389392987664e+00 | 1
  3,  3 |   1.2129099781599436e+05 |   1.2129099781599436e+05 | 1
  3,  4 |  -2.9131542417386822e+01 |  -2.9131542417386822e+01 | 1
  3,  5 |   4.6064037481999193e+01 |   4.6064037481999193e+01 | 1
  3,  6 |   2.0221648487861472e+01 |   2.0221648487861472e+01 | 1
  3,  7 |   4.3697347655371914e+01 |   4.3697347655371914e+01 | 1
  3,  8 |   1.3112640857843015e+01 |   1.3112640857843015e+01 | 1
  3,  9 |  -5.3812619309175513e+00 |  -5.3812619309175513e+00 | 1
  3, 10 |  -2.0433724568246223e+01 |  -2.0433724568246223e+01 | 1
  3, 11 |  -9.4021611626347479e+00 |  -9.4021611626347479e+00 | 1
  3, 12 |  -1.5774422792281635e+01 |  -1.5774422792281635e+01 | 1
  3, 13 |  -2.0597291659603236e+01 |  -2.0597291659603236e+01 | 1
  3, 14 |  -5.3962403830946672e-03 |  -5.3962403830946672e-03 | 1
  3, 15 |   2.5661754915247336e+01 |   2.5661754915247336e+01 | 1
  3, 16 |  -2.6281894304832285e+01 |  -2.6281894304832285e+01 | 1
  4,  1 |   6.5636259561109118e-03 |   6.5636259561109118e-03 | 1
  4,  2 |   9.6869825903014260e-03 |   9.6869825903014260e-03 | 1
  4,  3 |  -2.9131542417386822e+01 |  -2.9131542417386822e+01 | 1
  4,  4 |   7.3688203150327092e-02 |   7.3688203150327092e-02 | 1
  4,  5 |   5.4576086797264610e-03 |   5.4576086797264610e-03 | 1
  4,  6 |   1.8174123489849911e-02 |   1.8174123489849911e-02 | 1
  4,  7 |   6.9348914167376846e-03 |   6.9348914167376846e-03 | 1
  4,  8 |  -3.1939521808352952e-04 |  -3.1939521808352952e-04 | 1
  4,  9 |  -5.1164426404153203e-03 |  -5.1164426404153203e-03 | 1
  4, 10 |   3.9623801362837927e-02 |   3.9623801362837927e-02 | 1
  4, 11 |  -1.0133044649662925e-03 |  -1.0133044649662925e-03 | 1
  4, 12 |  -1.1315687186287966e-03 |  -1.1315687186287966e-03 | 1
  4, 13 |  -3.0608024887642032e-03 |  -3.0608024887642032e-03 | 1
  4, 14 |  -4.2272288456477467e-07 |  -4.2272288456477467e-07 | 1
  4, 15 |   6.7153360753749143e-03 |   6.7153360753749143e-03 | 1
  4, 16 |   2.0129384462360131e-03 |   2.0129384462360131e-03 | 1
  5,  1 |   1.6116365949564782e-02 |   1.6116365949564782e-02 | 1
  5,  2 |   8.6561084371888398e-03 |   8.6561084371888398e-03 | 1
  5,  3 |   4.6064037481999193e+01 |   4.6064037481999193e+01 | 1
  5,  4 |   5.4576086797264610e-03 |   5.4576086797264610e-03 | 1
  5,  5 |   2.6028677884085805e-02 |   2.6028677884085805e-02 | 1
  5,  6 |   1.9841282952614701e-02 |   1.9841282952614701e-02 | 1
  5,  7 |   2.5302979924078234e-02 |   2.5302979924078234e-02 | 1
  5,  8 |   6.7863217220126004e-03 |   6.7863217220126004e-03 | 1
  5,  9 |  -2.9859086346575572e-03 |  -2.9859086346575572e-03 | 1
  5, 10 |  -3.2937890569785880e-04 |  -3.2937890569785880e-04 | 1
  5, 11 |  -5.4976562352475750e-03 |  -5.4976562352475750e-03 | 1
  5, 12 |  -8.9638929248196698e-03 |  -8.9638929248196698e-03 | 1
  5, 13 |  -1.1931308084545973e-02 |  -1.1931308084545973e-02 | 1
  5, 14 |  -3.0764803727068533e-06 |  -3.0764803727068533e-06 | 1
  5, 15 |   1.5887675150772031e-02 |   1.5887675150772031e-02 | 1
  5, 16 |  -1.1369519830298389e-02 |  -1.1369519830298389e-02 | 1
  6,  1 |   1.4255751924751963e-02 |   1.4255751924751963e-02 | 1
  6,  2 |   8.1384279723984362e-03 |   8.1384279723984362e-03 | 1
  6,  3 |   2.0221648487861472e+01 |   2.0221648487861472e+01 | 1
  6,  4 |   1.8174123489849911e-02 |   1.8174123489849911e-02 | 1
  6,  5 |   1.9841282952614701e-02 |   1.9841282952614701e-02 | 1
  6,  6 |   2.5618740803189412e-02 |   2.5618740803189412e-02 | 1
  6,  7 |   2.0255349130122370e-02 |   2.0255349130122370e-02 | 1
  6,  8 |   5.7772439524340019e-03 |   5.7772439524340019e-03 | 1
  6,  9 |  -1.1938037782702718e-03 |  -1.1938037782702718e-03 | 1
  6, 10 |  -8.3665996742772527e-03 |  -8.3665996742772527e-03 | 1
  6, 11 |  -4.8824691683066121e-03 |  -4.8824691683066121e-03 | 1
  6, 12 |  -7.3007788588118887e-03 |  -7.3007788588118887e-03 | 1
  6, 13 |  -9.9671283730644010e-03 |  -9.9671283730644010e-03 | 1
  6, 14 |  -2.4592188834875455e-06 |  -2.4592188834875455e-06 | 1
  6, 15 |   1.3996023166242468e-02 |   1.3996023166242468e-02 | 1
  6, 16 |  -9.5937410427787920e-03 |  -9.5937410427787920e-03 | 1
  7,  1 |   1.6363942692849555e-02 |   1.6363942692849555e-02 | 1
  7,  2 |   8.7969726822594678e-03 |   8.7969726822594678e-03 | 1
  7,  3 |   4.3697347655371914e+01 |   4.3697347655371914e+01 | 1
  7,  4 |   6.9348914167376846e-03 |   6.9348914167376846e-03 | 1
  7,  5 |   2.5302979924078234e-02 |   2.5302979924078234e-02 | 1
  7,  6 |   2.0255349130122370e-02 |   2.0255349130122370e-02 | 1
  7,  7 |   2.7628934285375849e-02 |   2.7628934285375849e-02 | 1
  7,  8 |   6.7288349617108667e-03 |   6.7288349617108667e-03 | 1
  7,  9 |  -3.1808201252928889e-03 |  -3.1808201252928889e-03 | 1
  7, 10 |  -3.2849273537966326e-03 |  -3.2849273537966326e-03 | 1
  7, 11 |  -5.2577742753770907e-03 |  -5.2577742753770907e-03 | 1
  7, 12 |  -8.8790305569460340e-03 |  -8.8790305569460340e-03 | 1
  7, 13 |  -1.1910894708939409e-02 |  -1.1910894708939409e-02 | 1
  7, 14 |  -3.0638402032472587e-06 |  -3.0638402032472587e-06 | 1
  7, 15 |   1.6702089007035729e-02 |   1.6702089007035729e-02 | 1
  7, 16 |  -1.3157534201233608e-02 |  -1.3157534201233608e-02 | 1
  8,  1 |   4.7540142179271234e-03 |   4.7540142179271234e-03 | 1
  8,  2 |   2.3634001044197371e-04 |   2.3634001044197371e-04 | 1
  8,  3 |   1.3112640857843015e+01 |   1.3112640857843015e+01 | 1
  8,  4 |  -3.1939521808352952e-04 |  -3.1939521808352952e-04 | 1
  8,  5 |   6.7863217220126004e-03 |   6.7863217220126004e-03 | 1
  8,  6 |   5.7772439524340019e-03 |   5.7772439524340019e-03 | 1
  8,  7 |   6.7288349617108667e-03 |   6.7288349617108667e-03 | 1
  8,  8 |   3.1194128990349600e-03 |   3.1194128990349600e-03 | 1
  8,  9 |  -1.2025300315742888e-03 |  -1.2025300315742888e-03 | 1
  8, 10 |  -1.0896792047434652e-02 |  -1.0896792047434652e-02 | 1
  8, 11 |  -1.5116571328173505e-03 |  -1.5116571328173505e-03 | 1
  8, 12 |  -2.4102104531607510e-03 |  -2.4102104531607510e-03 | 1
  8, 13 |  -3.7500334343030231e-03 |  -3.7500334343030231e-03 | 1
  8, 14 |  -9.2400385149130596e-07 |  -9.2400385149130596e-07 | 1
  8, 15 |   4.0792628961837723e-03 |   4.0792628961837723e-03 | 1
  8, 16 |  -7.6095636321474158e-03 |  -7.6095636321474158e-03 | 1
  9,  1 |  -2.0274345305001211e-03 |  -2.0274345305001211e-03 | 1
  9,  2 |  -4.9053337845482512e-04 |  -4.9053337845482512e-04 | 1
  9,  3 |  -5.3812619309175513e+00 |  -5.3812619309175513e+00 | 1
  9,  4 |  -5.1164426404153203e-03 |  -5.1164426404153203e-03 | 1
  9,  5 |  -2.9859086346575572e-03 |  -2.9859086346575572e-03 | 1
  9,  6 |  -1.1938037782702718e-03 |  -1.1938037782702718e-03 | 1
  9,  7 |  -3.1808201252928889e-03 |  -3.1808201252928889e-03 | 1
  9,  8 |  -1.2025300315742888e-03 |  -1.2025300315742888e-03 | 1
  9,  9 |   3.8139748206183102e-03 |   3.8139748206183102e-03 | 1
  9, 10 |  -1.4717307042336990e-02 |  -1.4717307042336990e-02 | 1
  9, 11 |   2.7021020456549703e-04 |   2.7021020456549703e-04 | 1
  9, 12 |   6.8914996728922876e-04 |   6.8914996728922876e-04 | 1
  9, 13 |   1.5316776570776067e-03 |   1.5316776570776067e-03 | 1
  9, 14 |   2.8921559091096841e-07 |   2.8921559091096841e-07 | 1
  9, 15 |  -1.6260493265232161e-03 |  -1.6260493265232161e-03 | 1
  9, 16 |   3.7948250303667603e-03 |   3.7948250303667603e-03 | 1
 10,  1 |  -5.5855997051477979e-03 |  -5.5855997051477979e-03 | 1
 10,  2 |   1.5360035288304184e-02 |   1.5360035288304184e-02 | 1
 10,  3 |  -2.0433724568246223e+01 |  -2.0433724568246223e+01 | 1
 10,  4 |   3.9623801362837927e-02 |   3.9623801362837927e-02 | 1
 10,  5 |  -3.2937890569785880e-04 |  -3.2937890569785880e-04 | 1
 10,  6 |  -8.3665996742772527e-03 |  -8.3665996742772527e-03 | 1
 10,  7 |  -3.2849273537966326e-03 |  -3.2849273537966326e-03 | 1
 10,  8 |  -1.0896792047434652e-02 |  -1.0896792047434652e-02 | 1
 10,  9 |  -1.4717307042336990e-02 |  -1.4717307042336990e-02 | 1
 10, 10 |   2.3746644936881497e-01 |   2.3746644936881497e-01 | 1
 10, 11 |   2.0325058885990906e-03 |   2.0325058885990906e-03 | 1
 10, 12 |   1.7155288296552646e-03 |   1.7155288296552646e-03 | 1
 10, 13 |   5.1250460476277588e-03 |   5.1250460476277588e-03 | 1
 10, 14 |   1.3826649049899203e-06 |   1.3826649049899203e-06 | 1
 10, 15 |  -2.2831561224285236e-03 |  -2.2831561224285236e-03 | 1
 10, 16 |   4.2470175011950842e-02 |   4.2470175011950842e-02 | 1
 11,  1 |  -3.5375965857497556e-03 |  -3.5375965857497556e-03 | 1
 11,  2 |  -1.6958392645157329e-03 |  -1.6958392645157329e-03 | 1
 11,  3 |  -9.4021611626347479e+00 |  -9.4021611626347479e+00 | 1
 11,  4 |  -1.0133044649662925e-03 |  -1.0133044649662925e-03 | 1
 11,  5 |  -5.4976562352475750e-03 |  -5.4976562352475750e-03 | 1
 11,  6 |  -4.8824691683066121e-03 |  -4.8824691683066121e-03 | 1
 11,  7 |  -5.2577742753770907e-03 |  -5.2577742753770907e-03 | 1
 11,  8 |  -1.5116571328173505e-03 |  -1.5116571328173505e-03 | 1
 11,  9 |   2.7021020456549703e-04 |   2.7021020456549703e-04 | 1
 11, 10 |   2.0325058885990906e-03 |   2.0325058885990906e-03 | 1
 11, 11 |   1.3426195159168589e-03 |   1.3426195159168589e-03 | 1
 11, 12 |   1.9653296269480959e-03 |   1.9653296269480959e-03 | 1
 11, 13 |   2.6049808641450509e-03 |   2.6049808641450509e-03 | 1
 11, 14 |   6.6035218980393819e-07 |   6.6035218980393819e-07 | 1
 11, 15 |  -3.4934118941020356e-03 |  -3.4934118941020356e-03 | 1
 11, 16 |   2.5531497416803502e-03 |   2.5531497416803502e-03 | 1
 12,  1 |  -5.6731431192264276e-03 |  -5.6731431192264276e-03 | 1
 12,  2 |  -2.8710569241086514e-03 |  -2.8710569241086514e-03 | 1
 12,  3 |  -1.5774422792281635e+01 |  -1.5774422792281635e+01 | 1
 12,  4 |  -1.1315687186287966e-03 |  -1.1315687186287966e-03 | 1
 12,  5 |  -8.9638929248196698e-03 |  -8.9638929248196698e-03 | 1
 12,  6 |  -7.3007788588118887e-03 |  -7.3007788588118887e-03 | 1
 12,  7 |  -8.8790305569460340e-03 |  -8.8790305569460340e-03 | 1
 12,  8 |  -2.4102104531607510e-03 |  -2.4102104531607510e-03 | 1
 12,  9 |   6.8914996728922876e-04 |   6.8914996728922876e-04 | 1
 12, 10 |   1.7155288296552646e-03 |   1.7155288296552646e-03 | 1
 12, 11 |   1.9653296269480959e-03 |   1.9653296269480959e-03 | 1
 12, 12 |   3.2087450308033688e-03 |   3.2087450308033688e-03 | 1
 12, 13 |   4.2039545922763141e-03 |   4.2039545922763141e-03 | 1
 12, 14 |   1.0922340937777186e-06 |   1.0922340937777186e-06 | 1
 12, 15 |  -5.5935602643958013e-03 |  -5.5935602643958013e-03 | 1
 12, 16 |   3.9724780973549433e-03 |   3.9724780973549433e-03 | 1
 13,  1 |  -7.8533504007531341e-03 |  -7.8533504007531341e-03 | 1
 13,  2 |  -3.0612985711559754e-03 |  -3.0612985711559754e-03 | 1
 13,  3 |  -2.0597291659603236e+01 |  -2.0597291659603236e+01 | 1
 13,  4 |  -3.0608024887642032e-03 |  -3.0608024887642032e-03 | 1
 13,  5 |  -1.1931308084545973e-02 |  -1.1931308084545973e-02 | 1
 13,  6 |  -9.9671283730644010e-03 |  -9.9671283730644010e-03 | 1
 13,  7 |  -1.1910894708939409e-02 |  -1.1910894708939409e-02 | 1
 13,  8 |  -3.7500334343030231e-03 |  -3.7500334343030231e-03 | 1
 13,  9 |   1.5316776570776067e-03 |   1.5316776570776067e-03 | 1
 13, 10 |   5.1250460476277588e-03 |   5.1250460476277588e-03 | 1
 13, 11 |   2.6049808641450509e-03 |   2.6049808641450509e-03 | 1
 13, 12 |   4.2039545922763141e-03 |   4.2039545922763141e-03 | 1
 13, 13 |   6.0481364553116061e-03 |   6.0481364553116061e-03 | 1
 13, 14 |   1.5359699486773901e-06 |   1.5359699486773901e-06 | 1
 13, 15 |  -7.3745924520867345e-03 |  -7.3745924520867345e-03 | 1
 13, 16 |   7.4092410090821417e-03 |   7.4092410090821417e-03 | 1
 14,  1 |  -1.9833084957679719e-06 |  -1.9833084957679719e-06 | 1
 14,  2 |  -7.8880377066584687e-07 |  -7.8880377066584687e-07 | 1
 14,  3 |  -5.3962403830946672e-03 |  -5.3962403830946672e-03 | 1
 14,  4 |  -4.2272288456477467e-07 |  -4.2272288456477467e-07 | 1
 14,  5 |  -3.0764803727068533e-06 |  -3.0764803727068533e-06 | 1
 14,  6 |  -2.4592188834875455e-06 |  -2.4592188834875455e-06 | 1
 14,  7 |  -3.0638402032472587e-06 |  -3.0638402032472587e-06 | 1
 14,  8 |  -9.2400385149130596e-07 |  -9.2400385149130596e-07 | 1
 14,  9 |   2.8921559091096841e-07 |   2.8921559091096841e-07 | 1
 14, 10 |   1.3826649049899203e-06 |   1.3826649049899203e-06 | 1
 14, 11 |   6.6035218980393819e-07 |   6.6035218980393819e-07 | 1
 14, 12 |   1.0922340937777186e-06 |   1.0922340937777186e-06 | 1
 14, 13 |   1.5359699486773901e-06 |   1.5359699486773901e-06 | 1
 14, 14 |   4.1335995277411887e-10 |   4.1335995277411887e-10 | 1
 14, 15 |  -1.8875843908520527e-06 |  -1.8875843908520527e-06 | 1
 14, 16 |   1.7371094789073842e-06 |   1.7371094789073842e-06 | 1
 15,  1 |   1.1080491244611837e-02 |   1.1080491244611837e-02 | 1
 15,  2 |   5.9693661160698285e-03 |   5.9693661160698285e-03 | 1
 15,  3 |   2.5661754915247336e+01 |   2.5661754915247336e+01 | 1
 15,  4 |   6.7153360753749143e-03 |   6.7153360753749143e-03 | 1
 15,  5 |   1.5887675150772031e-02 |   1.5887675150772031e-02 | 1
 15,  6 |   1.3996023166242468e-02 |   1.3996023166242468e-02 | 1
 15,  7 |   1.6702089007035729e-02 |   1.6702089007035729e-02 | 1
 15,  8 |   4.0792628961837723e-03 |   4.0792628961837723e-03 | 1
 15,  9 |  -1.6260493265232161e-03 |  -1.6260493265232161e-03 | 1
 15, 10 |  -2.2831561224285236e-03 |  -2.2831561224285236e-03 | 1
 15, 11 |  -3.4934118941020356e-03 |  -3.4934118941020356e-03 | 1
 15, 12 |  -5.5935602643958013e-03 |  -5.5935602643958013e-03 | 1
 15, 13 |  -7.3745924520867345e-03 |  -7.3745924520867345e-03 | 1
 15, 14 |  -1.8875843908520527e-06 |  -1.8875843908520527e-06 | 1
 15, 15 |   1.1486295536515485e-02 |   1.1486295536515485e-02 | 1
 15, 16 |  -8.3922062503995198e-03 |  -8.3922062503995198e-03 | 1
 16,  1 |  -1.0045825947506089e-02 |  -1.0045825947506089e-02 | 1
 16,  2 |   3.1917890804131375e-03 |   3.1917890804131375e-03 | 1
 16,  3 |  -2.6281894304832285e+01 |  -2.6281894304832285e+01 | 1
 16,  4 |   2.0129384462360131e-03 |   2.0129384462360131e-03 | 1
 16,  5 |  -1.1369519830298389e-02 |  -1.1369519830298389e-02 | 1
 16,  6 |  -9.5937410427787920e-03 |  -9.5937410427787920e-03 | 1
 16,  7 |  -1.3157534201233608e-02 |  -1.3157534201233608e-02 | 1
 16,  8 |  -7.6095636321474158e-03 |  -7.6095636321474158e-03 | 1
 16,  9 |   3.7948250303667603e-03 |   3.7948250303667603e-03 | 1
 16, 10 |   4.2470175011950842e-02 |   4.2470175011950842e-02 | 1
 16, 11 |   2.5531497416803502e-03 |   2.5531497416803502e-03 | 1
 16, 12 |   3.9724780973549433e-03 |   3.9724780973549433e-03 | 1
 16, 13 |   7.4092410090821417e-03 |   7.4092410090821417e-03 | 1
 16, 14 |   1.7371094789073842e-06 |   1.7371094789073842e-06 | 1
 16, 15 |  -8.3922062503995198e-03 |  -8.3922062503995198e-03 | 1
 16, 16 |   2.5621944012029149e-02 |   2.5621944012029149e-02 | 1
