row,col | V_base                   | V_new                    | equal
  1,  1 |   1.1646538878864775e-03 |   1.1646538878864775e-03 | 1
  1,  2 |   1.3375496797610477e-03 |   1.3375496797610477e-03 | 1
  1,  3 |  -1.6227973631114606e-03 |  -1.6227973631114606e-03 | 1
  1,  4 |   1.9382933030594150e-03 |   1.9382933030594150e-03 | 1
  1,  5 |   4.4894164019827613e-04 |   4.4894164019827613e-04 | 1
  1,  6 |   3.2295341689370184e-02 |   3.2295341689370184e-02 | 1
  1,  7 |   5.6909073579505115e-04 |   5.6909073579505115e-04 | 1
  1,  8 |  -1.2355971053048457e-04 |  -1.2355971053048457e-04 | 1
  1,  9 |  -1.8482062356511429e-03 |  -1.8482062356511429e-03 | 1
  1, 10 |   5.4392329949310980e-03 |   5.4392329949310980e-03 | 1
  1, 11 |   1.3204481962136977e-03 |   1.3204481962136977e-03 | 1
  1, 12 |  -3.3022925210695719e-04 |  -3.3022925210695719e-04 | 1
  2,  1 |   1.3375496797610477e-03 |   1.3375496797610477e-03 | 1
  2,  2 |   9.1069104175716883e-03 |   9.1069104175716883e-03 | 1
  2,  3 |  -8.9660015197131279e-03 |  -8.9660015197131279e-03 | 1
  2,  4 |   1.1849842288932249e-02 |   1.1849842288932249e-02 | 1
  2,  5 |   4.0656467348926468e-03 |   4.0656467348926468e-03 | 1
  2,  6 |   2.5536091780378967e-01 |   2.5536091780378967e-01 | 1
  2,  7 |   1.0522338648305363e-03 |   1.0522338648305363e-03 | 1
  2,  8 |  -2.7870793674643632e-03 |  -2.7870793674643632e-03 | 1
  2,  9 |  -1.4039086445472701e-02 |  -1.4039086445472701e-02 | 1
  2, 10 |   1.1920894760760397e-02 |   1.1920894760760397e-02 | 1
  2, 11 |   2.1011505875097292e-03 |   2.1011505875097292e-03 | 1
  2, 12 |   1.3137818493676878e-02 |   1.3137818493676878e-02 | 1
  3,  1 |  -1.6227973631114606e-03 |  -1.6227973631114606e-03 | 1
  3,  2 |  -8.9660015197131279e-03 |  -8.9660015197131279e-03 | 1
  3,  3 |   3.8859011176467707e-02 |   3.8859011176467707e-02 | 1
  3,  4 |  -1.5418760303813190e-02 |  -1.5418760303813190e-02 | 1
  3,  5 |  -4.3732108442937172e-03 |  -4.3732108442937172e-03 | 1
  3,  6 |  -3.9427243739514761e-01 |  -3.9427243739514761e-01 | 1
  3,  7 |   1.2642823490210391e-03 |   1.2642823490210391e-03 | 1
  3,  8 |   1.8308122443927437e-03 |   1.8308122443927437e-03 | 1
  3,  9 |   2.0337806868344525e-02 |   2.0337806868344525e-02 | 1
  3, 10 |  -2.8034122185632615e-02 |  -2.8034122185632615e-02 | 1
  3, 11 |  -1.9837873333772077e-03 |  -1.9837873333772077e-03 | 1
  3, 12 |  -1.1394834811376608e-02 |  -1.1394834811376608e-02 | 1
  4,  1 |   1.9382933030594150e-03 |   1.9382933030594150e-03 | 1
  4,  2 |   1.1849842288932249e-02 |   1.1849842288932249e-02 | 1
  4,  3 |  -1.5418760303813190e-02 |  -1.5418760303813190e-02 | 1
  4,  4 |   2.2254372441990848e-02 |   2.2254372441990848e-02 | 1
  4,  5 |   4.4891352852612001e-03 |   4.4891352852612001e-03 | 1
  4,  6 |   4.1201925893241731e-01 |   4.1201925893241731e-01 | 1
  4,  7 |   5.4859219964490215e-04 |   5.4859219964490215e-04 | 1
  4,  8 |  -2.5543732504667255e-03 |  -2.5543732504667255e-03 | 1
  4,  9 |  -2.1730220341490820e-02 |  -2.1730220341490820e-02 | 1
  4, 10 |   2.8435859629061692e-02 |   2.8435859629061692e-02 | 1
  4, 11 |   2.7574915094808238e-03 |   2.7574915094808238e-03 | 1
  4, 12 |   1.4787261357536583e-02 |   1.4787261357536583e-02 | 1
  5,  1 |   4.4894164019827613e-04 |   4.4894164019827613e-04 | 1
  5,  2 |   4.0656467348926468e-03 |   4.0656467348926468e-03 | 1
  5,  3 |  -4.3732108442937172e-03 |  -4.3732108442937172e-03 | 1
  5,  4 |   4.4891352852612001e-03 |   4.4891352852612001e-03 | 1
  5,  5 |   2.9773342126089434e-03 |   2.9773342126089434e-03 | 1
  5,  6 |   9.1879813050621401e-02 |   9.1879813050621401e-02 | 1
  5,  7 |   1.0975780767317237e-03 |   1.0975780767317237e-03 | 1
  5,  8 |  -1.4945378296673056e-03 |  -1.4945378296673056e-03 | 1
  5,  9 |  -4.7353214827106378e-03 |  -4.7353214827106378e-03 | 1
  5, 10 |   1.3812588406727729e-04 |   1.3812588406727729e-04 | 1
  5, 11 |   9.6959553771821931e-04 |   9.6959553771821931e-04 | 1
  5, 12 |   6.6363135579348099e-03 |   6.6363135579348099e-03 | 1
  6,  1 |   3.2295341689370184e-02 |   3.2295341689370184e-02 | 1
  6,  2 |   2.5536091780378967e-01 |   2.5536091780378967e-01 | 1
  6,  3 |  -3.9427243739514761e-01 |  -3.9427243739514761e-01 | 1
  6,  4 |   4.1201925893241731e-01 |   4.1201925893241731e-01 | 1
  6,  5 |   9.1879813050621401e-02 |   9.1879813050621401e-02 | 1
  6,  6 |   1.5660059038572873e+01 |   1.5660059038572873e+01 | 1
  6,  7 |  -1.4630904900667230e-01 |  -1.4630904900667230e-01 | 1
  6,  8 |  -4.5320926989209115e-02 |  -4.5320926989209115e-02 | 1
  6,  9 |  -8.5247231814930646e-01 |  -8.5247231814930646e-01 | 1
  6, 10 |   1.2166651890977671e+00 |   1.2166651890977671e+00 | 1
  6, 11 |   2.4221772012614010e-02 |   2.4221772012614010e-02 | 1
  6, 12 |   3.7430622583595063e-01 |   3.7430622583595063e-01 | 1
  7,  1 |   5.6909073579505115e-04 |   5.6909073579505115e-04 | 1
  7,  2 |   1.0522338648305363e-03 |   1.0522338648305363e-03 | 1
  7,  3 |   1.2642823490210391e-03 |   1.2642823490210391e-03 | 1
  7,  4 |   5.4859219964490215e-04 |   5.4859219964490215e-04 | 1
  7,  5 |   1.0975780767317237e-03 |   1.0975780767317237e-03 | 1
  7,  6 |  -1.4630904900667230e-01 |  -1.4630904900667230e-01 | 1
  7,  7 |   4.7193439147210081e-03 |   4.7193439147210081e-03 | 1
  7,  8 |  -5.7340236677199969e-04 |  -5.7340236677199969e-04 | 1
  7,  9 |   7.7906569093050097e-03 |   7.7906569093050097e-03 | 1
  7, 10 |  -1.1914805802836066e-02 |  -1.1914805802836066e-02 | 1
  7, 11 |   1.5532830117542511e-03 |   1.5532830117542511e-03 | 1
  7, 12 |  -7.8849999688838262e-04 |  -7.8849999688838262e-04 | 1
  8,  1 |  -1.2355971053048457e-04 |  -1.2355971053048457e-04 | 1
  8,  2 |  -2.7870793674643632e-03 |  -2.7870793674643632e-03 | 1
  8,  3 |   1.8308122443927437e-03 |   1.8308122443927437e-03 | 1
  8,  4 |  -2.5543732504667255e-03 |  -2.5543732504667255e-03 | 1
  8,  5 |  -1.4945378296673056e-03 |  -1.4945378296673056e-03 | 1
  8,  6 |  -4.5320926989209115e-02 |  -4.5320926989209115e-02 | 1
  8,  7 |  -5.7340236677199969e-04 |  -5.7340236677199969e-04 | 1
  8,  8 |   1.4832143437829620e-03 |   1.4832143437829620e-03 | 1
  8,  9 |   2.4032743036895661e-03 |   2.4032743036895661e-03 | 1
  8, 10 |   5.2004000512686967e-03 |   5.2004000512686967e-03 | 1
  8, 11 |  -4.8389318306145472e-04 |  -4.8389318306145472e-04 | 1
  8, 12 |  -5.8559679284931193e-03 |  -5.8559679284931193e-03 | 1
  9,  1 |  -1.8482062356511429e-03 |  -1.8482062356511429e-03 | 1
  9,  2 |  -1.4039086445472701e-02 |  -1.4039086445472701e-02 | 1
  9,  3 |   2.0337806868344525e-02 |   2.0337806868344525e-02 | 1
  9,  4 |  -2.1730220341490820e-02 |  -2.1730220341490820e-02 | 1
  9,  5 |  -4.7353214827106378e-03 |  -4.7353214827106378e-03 | 1
  9,  6 |  -8.5247231814930646e-01 |  -8.5247231814930646e-01 | 1
  9,  7 |   7.7906569093050097e-03 |   7.7906569093050097e-03 | 1
  9,  8 |   2.4032743036895661e-03 |   2.4032743036895661e-03 | 1
  9,  9 |   4.7764763621817426e-02 |   4.7764763621817426e-02 | 1
  9, 10 |  -7.1845822927614947e-02 |  -7.1845822927614947e-02 | 1
  9, 11 |  -1.4442486906644457e-03 |  -1.4442486906644457e-03 | 1
  9, 12 |  -1.9487256488751641e-02 |  -1.9487256488751641e-02 | 1
 10,  1 |   5.4392329949310980e-03 |   5.4392329949310980e-03 | 1
 10,  2 |   1.1920894760760397e-02 |   1.1920894760760397e-02 | 1
 10,  3 |  -2.8034122185632615e-02 |  -2.8034122185632615e-02 | 1
 10,  4 |   2.8435859629061692e-02 |   2.8435859629061692e-02 | 1
 10,  5 |   1.3812588406727729e-04 |   1.3812588406727729e-04 | 1
 10,  6 |   1.2166651890977671e+00 |   1.2166651890977671e+00 | 1
 10,  7 |  -1.1914805802836066e-02 |  -1.1914805802836066e-02 | 1
 10,  8 |   5.2004000512686967e-03 |   5.2004000512686967e-03 | 1
 10,  9 |  -7.1845822927614947e-02 |  -7.1845822927614947e-02 | 1
 10, 10 |   2.0374956530038710e-01 |   2.0374956530038710e-01 | 1
 10, 11 |   3.3035426621678397e-03 |   3.3035426621678397e-03 | 1
 10, 12 |  -1.1806711877437152e-02 |  -1.1806711877437152e-02 | 1
 11,  1 |   1.3204481962136977e-03 |   1.3204481962136977e-03 | 1
 11,  2 |   2.1011505875097292e-03 |   2.1011505875097292e-03 | 1
 11,  3 |  -1.9837873333772077e-03 |  -1.9837873333772077e-03 | 1
 11,  4 |   2.7574915094808238e-03 |   2.7574915094808238e-03 | 1
 11,  5 |   9.6959553771821931e-04 |   9.6959553771821931e-04 | 1
 11,  6 |   2.4221772012614010e-02 |   2.4221772012614010e-02 | 1
 11,  7 |   1.5532830117542511e-03 |   1.5532830117542511e-03 | 1
 11,  8 |  -4.8389318306145472e-04 |  -4.8389318306145472e-04 | 1
 11,  9 |  -1.4442486906644457e-03 |  -1.4442486906644457e-03 | 1
 11, 10 |   3.3035426621678397e-03 |   3.3035426621678397e-03 | 1
 11, 11 |   2.0413614819222896e-03 |   2.0413614819222896e-03 | 1
 11, 12 |   2.4831123544691259e-04 |   2.4831123544691259e-04 | 1
 12,  1 |  -3.3022925210695719e-04 |  -3.3022925210695719e-04 | 1
 12,  2 |   1.3137818493676878e-02 |   1.3137818493676878e-02 | 1
 12,  3 |  -1.1394834811376608e-02 |  -1.1394834811376608e-02 | 1
 12,  4 |   1.4787261357536583e-02 |   1.4787261357536583e-02 | 1
 12,  5 |   6.6363135579348099e-03 |   6.6363135579348099e-03 | 1
 12,  6 |   3.7430622583595063e-01 |   3.7430622583595063e-01 | 1
 12,  7 |  -7.8849999688838262e-04 |  -7.8849999688838262e-04 | 1
 12,  8 |  -5.8559679284931193e-03 |  -5.8559679284931193e-03 | 1
 12,  9 |  -1.9487256488751641e-02 |  -1.9487256488751641e-02 | 1
 12, 10 |  -1.1806711877437152e-02 |  -1.1806711877437152e-02 | 1
 12, 11 |   2.4831123544691259e-04 |   2.4831123544691259e-04 | 1
 12, 12 |   3.0343375138481971e-02 |   3.0343375138481971e-02 | 1
