row,col | V_base                   | V_new                    | equal
  1,  1 |   3.4472567660728386e-04 |   3.4472567660728386e-04 | 1
  1,  2 |   1.8418025793898321e-03 |   1.8418025793898321e-03 | 1
  1,  3 |   1.4953150274210137e-04 |   1.4953150274210137e-04 | 1
  1,  4 |   5.0145109674951143e-05 |   5.0145109674951143e-05 | 1
  1,  5 |  -4.5157594089386607e-05 |  -4.5157594089386607e-05 | 1
  1,  6 |   7.9426365064415473e-05 |   7.9426365064415473e-05 | 1
  2,  1 |   1.8418025793898321e-03 |   1.8418025793898321e-03 | 1
  2,  2 |   1.2953390404460649e-01 |   1.2953390404460649e-01 | 1
  2,  3 |   4.7838851751740956e-03 |   4.7838851751740956e-03 | 1
  2,  4 |   7.8334044380269446e-04 |   7.8334044380269446e-04 | 1
  2,  5 |  -8.6305577836396884e-03 |  -8.6305577836396884e-03 | 1
  2,  6 |   4.6019003421957701e-04 |   4.6019003421957701e-04 | 1
  3,  1 |   1.4953150274210137e-04 |   1.4953150274210137e-04 | 1
  3,  2 |   4.7838851751740956e-03 |   4.7838851751740956e-03 | 1
  3,  3 |   1.2854914119118812e-02 |   1.2854914119118812e-02 | 1
  3,  4 |   5.6763173403756603e-05 |   5.6763173403756603e-05 | 1
  3,  5 |  -2.3960412734609613e-04 |  -2.3960412734609613e-04 | 1
  3,  6 |   9.8199714402061582e-05 |   9.8199714402061582e-05 | 1
  4,  1 |   5.0145109674951143e-05 |   5.0145109674951143e-05 | 1
  4,  2 |   7.8334044380269446e-04 |   7.8334044380269446e-04 | 1
  4,  3 |   5.6763173403756603e-05 |   5.6763173403756603e-05 | 1
  4,  4 |   4.4798231421669162e-03 |   4.4798231421669162e-03 | 1
  4,  5 |   6.5342379838822402e-06 |   6.5342379838822402e-06 | 1
  4,  6 |   5.5660523054806355e-05 |   5.5660523054806355e-05 | 1
  5,  1 |  -4.5157594089386607e-05 |  -4.5157594089386607e-05 | 1
  5,  2 |  -8.6305577836396884e-03 |  -8.6305577836396884e-03 | 1
  5,  3 |  -2.3960412734609613e-04 |  -2.3960412734609613e-04 | 1
  5,  4 |   6.5342379838822402e-06 |   6.5342379838822402e-06 | 1
  5,  5 |   4.5502849192765316e-03 |   4.5502849192765316e-03 | 1
  5,  6 |   4.9322372411731281e-05 |   4.9322372411731281e-05 | 1
  6,  1 |   7.9426365064415473e-05 |   7.9426365064415473e-05 | 1
  6,  2 |   4.6019003421957701e-04 |   4.6019003421957701e-04 | 1
  6,  3 |   9.8199714402061582e-05 |   9.8199714402061582e-05 | 1
  6,  4 |   5.5660523054806355e-05 |   5.5660523054806355e-05 | 1
  6,  5 |   4.9322372411731281e-05 |   4.9322372411731281e-05 | 1
  6,  6 |   3.5741198998838508e-04 |   3.5741198998838508e-04 | 1
