row,col | V_base                   | V_new                    | equal
  1,  1 |   4.8562457988669328e-04 |   4.8562457988669328e-04 | 1
  1,  2 |   4.0039295945076543e-04 |   4.0039295945076543e-04 | 1
  1,  3 |   3.7933348367715685e-04 |   3.7933348367715685e-04 | 1
  1,  4 |   6.7945443015857642e-04 |   6.7945443015857642e-04 | 1
  1,  5 |   9.5220133081805043e-04 |   9.5220133081805043e-04 | 1
  1,  6 |   2.2851879681462173e-04 |   2.2851879681462173e-04 | 1
  1,  7 |   6.2264356270839180e-04 |   6.2264356270839180e-04 | 1
  1,  8 |   4.9884962969195450e-04 |   4.9884962969195450e-04 | 1
  1,  9 |   2.5514091780477418e-04 |   2.5514091780477418e-04 | 1
  1, 10 |  -2.6619461733190557e-04 |  -2.6619461733190557e-04 | 1
  1, 11 |   1.8851309133344126e-04 |   1.8851309133344126e-04 | 1
  1, 12 |   4.6644834482517650e-04 |   4.6644834482517650e-04 | 1
  2,  1 |   4.0039295945076543e-04 |   4.0039295945076543e-04 | 1
  2,  2 |   4.9475368037185923e-04 |   4.9475368037185923e-04 | 1
  2,  3 |   5.1621174147364109e-04 |   5.1621174147364109e-04 | 1
  2,  4 |   2.0573621851034191e-04 |   2.0573621851034191e-04 | 1
  2,  5 |  -5.1443389139502172e-05 |  -5.1443389139502172e-05 | 1
  2,  6 |   6.9121978407759655e-04 |   6.9121978407759655e-04 | 1
  2,  7 |   2.7391848842199811e-04 |   2.7391848842199811e-04 | 1
  2,  8 |   3.8847343567065246e-04 |   3.8847343567065246e-04 | 1
  2,  9 |   6.5243906885043500e-04 |   6.5243906885043500e-04 | 1
  2, 10 |   1.1737892017033721e-03 |   1.1737892017033721e-03 | 1
  2, 11 |   7.2065526050930093e-04 |   7.2065526050930093e-04 | 1
  2, 12 |   4.4339951766329578e-04 |   4.4339951766329578e-04 | 1
  3,  1 |   3.7933348367715685e-04 |   3.7933348367715685e-04 | 1
  3,  2 |   5.1621174147364109e-04 |   5.1621174147364109e-04 | 1
  3,  3 |   5.5699875725859346e-04 |   5.5699875725859346e-04 | 1
  3,  4 |   7.8253209037783554e-05 |   7.8253209037783554e-05 | 1
  3,  5 |  -3.2365124982567663e-04 |  -3.2365124982567663e-04 | 1
  3,  6 |   8.1960997201330666e-04 |   8.1960997201330666e-04 | 1
  3,  7 |   1.8061272256533745e-04 |   1.8061272256533745e-04 | 1
  3,  8 |   3.6025547243636810e-04 |   3.6025547243636810e-04 | 1
  3,  9 |   7.6294325158511199e-04 |   7.6294325158511199e-04 | 1
  3, 10 |   1.5691303135180299e-03 |   1.5691303135180299e-03 | 1
  3, 11 |   8.6800458857203087e-04 |   8.6800458857203087e-04 | 1
  3, 12 |   4.3908883856287915e-04 |   4.3908883856287915e-04 | 1
  4,  1 |   6.7945443015857642e-04 |   6.7945443015857642e-04 | 1
  4,  2 |   2.0573621851034191e-04 |   2.0573621851034191e-04 | 1
  4,  3 |   7.8253209037783554e-05 |   7.8253209037783554e-05 | 1
  4,  4 |   1.7623591492616358e-03 |   1.7623591492616358e-03 | 1
  4,  5 |   3.2107764410920893e-03 |   3.2107764410920893e-03 | 1
  4,  6 |  -8.0356929574406765e-04 |  -8.0356929574406765e-04 | 1
  4,  7 |   1.4113719605229167e-03 |   1.4113719605229167e-03 | 1
  4,  8 |   7.5262103969751934e-04 |   7.5262103969751934e-04 | 1
  4,  9 |  -6.3027642145813416e-04 |  -6.3027642145813416e-04 | 1
  4, 10 |  -3.4916547798812666e-03 |  -3.4916547798812666e-03 | 1
  4, 11 |  -9.9953698699135007e-04 |  -9.9953698699135007e-04 | 1
  4, 12 |   5.2437227808386079e-04 |   5.2437227808386079e-04 | 1
  5,  1 |   9.5220133081805043e-04 |   9.5220133081805043e-04 | 1
  5,  2 |  -5.1443389139502172e-05 |  -5.1443389139502172e-05 | 1
  5,  3 |  -3.2365124982567663e-04 |  -3.2365124982567663e-04 | 1
  5,  4 |   3.2107764410920893e-03 |   3.2107764410920893e-03 | 1
  5,  5 |   6.2911165036309202e-03 |   6.2911165036309202e-03 | 1
  5,  6 |  -2.1998010218433625e-03 |  -2.1998010218433625e-03 | 1
  5,  7 |   2.4920713205186682e-03 |   2.4920713205186682e-03 | 1
  5,  8 |   1.1054708776132925e-03 |   1.1054708776132925e-03 | 1
  5,  9 |  -1.8270392551637585e-03 |  -1.8270392551637585e-03 | 1
  5, 10 |  -7.8718382453670417e-03 |  -7.8718382453670417e-03 | 1
  5, 11 |  -2.6079697111292587e-03 |  -2.6079697111292587e-03 | 1
  5, 12 |   6.1098784483746551e-04 |   6.1098784483746551e-04 | 1
  6,  1 |   2.2851879681462173e-04 |   2.2851879681462173e-04 | 1
  6,  2 |   6.9121978407759655e-04 |   6.9121978407759655e-04 | 1
  6,  3 |   8.1960997201330666e-04 |   8.1960997201330666e-04 | 1
  6,  4 |  -8.0356929574406765e-04 |  -8.0356929574406765e-04 | 1
  6,  5 |  -2.1998010218433625e-03 |  -2.1998010218433625e-03 | 1
  6,  6 |   1.6953208181979631e-03 |   1.6953208181979631e-03 | 1
  6,  7 |  -4.6658377710766149e-04 |  -4.6658377710766149e-04 | 1
  6,  8 |   1.6025783478428274e-04 |   1.6025783478428274e-04 | 1
  6,  9 |   1.5157954903037233e-03 |   1.5157954903037233e-03 | 1
  6, 10 |   4.2786253677392690e-03 |   4.2786253677392690e-03 | 1
  6, 11 |   1.8738926695488138e-03 |   1.8738926695488138e-03 | 1
  6, 12 |   4.0314414779204041e-04 |   4.0314414779204041e-04 | 1
  7,  1 |   6.2264356270839180e-04 |   6.2264356270839180e-04 | 1
  7,  2 |   2.7391848842199811e-04 |   2.7391848842199811e-04 | 1
  7,  3 |   1.8061272256533745e-04 |   1.8061272256533745e-04 | 1
  7,  4 |   1.4113719605229167e-03 |   1.4113719605229167e-03 | 1
  7,  5 |   2.4920713205186682e-03 |   2.4920713205186682e-03 | 1
  7,  6 |  -4.6658377710766149e-04 |  -4.6658377710766149e-04 | 1
  7,  7 |   1.1656881266975956e-03 |   1.1656881266975956e-03 | 1
  7,  8 |   6.7693712142607282e-04 |   6.7693712142607282e-04 | 1
  7,  9 |  -3.4040551179781214e-04 |  -3.4040551179781214e-04 | 1
  7, 10 |  -2.4511392528421515e-03 |  -2.4511392528421515e-03 | 1
  7, 11 |  -6.1256627826591285e-04 |  -6.1256627826591285e-04 | 1
  7, 12 |   5.1166572163166579e-04 |   5.1166572163166579e-04 | 1
  8,  1 |   4.9884962969195450e-04 |   4.9884962969195450e-04 | 1
  8,  2 |   3.8847343567065246e-04 |   3.8847343567065246e-04 | 1
  8,  3 |   3.6025547243636810e-04 |   3.6025547243636810e-04 | 1
  8,  4 |   7.5262103969751934e-04 |   7.5262103969751934e-04 | 1
  8,  5 |   1.1054708776132925e-03 |   1.1054708776132925e-03 | 1
  8,  6 |   1.6025783478428274e-04 |   1.6025783478428274e-04 | 1
  8,  7 |   6.7693712142607282e-04 |   6.7693712142607282e-04 | 1
  8,  8 |   5.3359749490279303e-04 |   5.3359749490279303e-04 | 1
  8,  9 |   1.9673970641311033e-04 |   1.9673970641311033e-04 | 1
  8, 10 |  -4.8214365277372698e-04 |  -4.8214365277372698e-04 | 1
  8, 11 |   1.0973740782404257e-04 |   1.0973740782404257e-04 | 1
  8, 12 |   4.7155691483043914e-04 |   4.7155691483043914e-04 | 1
  9,  1 |   2.5514091780477418e-04 |   2.5514091780477418e-04 | 1
  9,  2 |   6.5243906885043500e-04 |   6.5243906885043500e-04 | 1
  9,  3 |   7.6294325158511199e-04 |   7.6294325158511199e-04 | 1
  9,  4 |  -6.3027642145813416e-04 |  -6.3027642145813416e-04 | 1
  9,  5 |  -1.8270392551637585e-03 |  -1.8270392551637585e-03 | 1
  9,  6 |   1.5157954903037233e-03 |   1.5157954903037233e-03 | 1
  9,  7 |  -3.4040551179781214e-04 |  -3.4040551179781214e-04 | 1
  9,  8 |   1.9673970641311033e-04 |   1.9673970641311033e-04 | 1
  9,  9 |   1.4445496993847722e-03 |   1.4445496993847722e-03 | 1
  9, 10 |   3.7312016037568266e-03 |   3.7312016037568266e-03 | 1
  9, 11 |   1.6683158752248981e-03 |   1.6683158752248981e-03 | 1
  9, 12 |   4.0661711745992337e-04 |   4.0661711745992337e-04 | 1
 10,  1 |  -2.6619461733190557e-04 |  -2.6619461733190557e-04 | 1
 10,  2 |   1.1737892017033721e-03 |   1.1737892017033721e-03 | 1
 10,  3 |   1.5691303135180299e-03 |   1.5691303135180299e-03 | 1
 10,  4 |  -3.4916547798812666e-03 |  -3.4916547798812666e-03 | 1
 10,  5 |  -7.8718382453670417e-03 |  -7.8718382453670417e-03 | 1
 10,  6 |   4.2786253677392690e-03 |   4.2786253677392690e-03 | 1
 10,  7 |  -2.4511392528421515e-03 |  -2.4511392528421515e-03 | 1
 10,  8 |  -4.8214365277372698e-04 |  -4.8214365277372698e-04 | 1
 10,  9 |   3.7312016037568266e-03 |   3.7312016037568266e-03 | 1
 10, 10 |   1.2444176072892280e-02 |   1.2444176072892280e-02 | 1
 10, 11 |   4.8485171652318266e-03 |   4.8485171652318266e-03 | 1
 10, 12 |   2.5191754667939418e-04 |   2.5191754667939418e-04 | 1
 11,  1 |   1.8851309133344126e-04 |   1.8851309133344126e-04 | 1
 11,  2 |   7.2065526050930093e-04 |   7.2065526050930093e-04 | 1
 11,  3 |   8.6800458857203087e-04 |   8.6800458857203087e-04 | 1
 11,  4 |  -9.9953698699135007e-04 |  -9.9953698699135007e-04 | 1
 11,  5 |  -2.6079697111292587e-03 |  -2.6079697111292587e-03 | 1
 11,  6 |   1.8738926695488138e-03 |   1.8738926695488138e-03 | 1
 11,  7 |  -6.1256627826591285e-04 |  -6.1256627826591285e-04 | 1
 11,  8 |   1.0973740782404257e-04 |   1.0973740782404257e-04 | 1
 11,  9 |   1.6683158752248981e-03 |   1.6683158752248981e-03 | 1
 11, 10 |   4.8485171652318266e-03 |   4.8485171652318266e-03 | 1
 11, 11 |   2.0890816920072740e-03 |   2.0890816920072740e-03 | 1
 11, 12 |   3.8742954506270299e-04 |   3.8742954506270299e-04 | 1
 12,  1 |   4.6644834482517650e-04 |   4.6644834482517650e-04 | 1
 12,  2 |   4.4339951766329578e-04 |   4.4339951766329578e-04 | 1
 12,  3 |   4.3908883856287915e-04 |   4.3908883856287915e-04 | 1
 12,  4 |   5.2437227808386079e-04 |   5.2437227808386079e-04 | 1
 12,  5 |   6.1098784483746551e-04 |   6.1098784483746551e-04 | 1
 12,  6 |   4.0314414779204041e-04 |   4.0314414779204041e-04 | 1
 12,  7 |   5.1166572163166579e-04 |   5.1166572163166579e-04 | 1
 12,  8 |   4.7155691483043914e-04 |   4.7155691483043914e-04 | 1
 12,  9 |   4.0661711745992337e-04 |   4.0661711745992337e-04 | 1
 12, 10 |   2.5191754667939418e-04 |   2.5191754667939418e-04 | 1
 12, 11 |   3.8742954506270299e-04 |   3.8742954506270299e-04 | 1
 12, 12 |   4.8020703606515918e-04 |   4.8020703606515918e-04 | 1
