row,col | V_base                   | V_new                    | equal
  1,  1 |   4.7094480879413383e-02 |   4.7094480879413383e-02 | 1
  1,  2 |   4.1239601994477508e-02 |   4.1239601994477508e-02 | 1
  1,  3 |   5.4106975733359320e+01 |   5.4106975733359320e+01 | 1
  1,  4 |   4.1479798458454856e-02 |   4.1479798458454856e-02 | 1
  1,  5 |   5.2044318692404924e-02 |   5.2044318692404924e-02 | 1
  1,  6 |   6.9156400742764398e-02 |   6.9156400742764398e-02 | 1
  1,  7 |   5.6177010215742590e-02 |   5.6177010215742590e-02 | 1
  1,  8 |   4.9274539372513720e-03 |   4.9274539372513720e-03 | 1
  1,  9 |   1.0657819195098225e-02 |   1.0657819195098225e-02 | 1
  1, 10 |   2.0680803341794785e-02 |   2.0680803341794785e-02 | 1
  1, 11 |  -3.7416258933596312e-03 |  -3.7416258933596312e-03 | 1
  1, 12 |  -5.9823433873613836e-03 |  -5.9823433873613836e-03 | 1
  1, 13 |  -1.3751766948027384e-02 |  -1.3751766948027384e-02 | 1
  1, 14 |  -6.0780957531398278e-06 |  -6.0780957531398278e-06 | 1
  1, 15 |  -7.2922320617449278e-03 |  -7.2922320617449278e-03 | 1
  1, 16 |   3.3994101954018855e-04 |   3.3994101954018855e-04 | 1
  1, 17 |   4.8449771717851475e-02 |   4.8449771717851475e-02 | 1
  1, 18 |  -2.6803522283437818e-03 |  -2.6803522283437818e-03 | 1
  2,  1 |   4.1239601994477508e-02 |   4.1239601994477508e-02 | 1
  2,  2 |   4.0530540869454249e-02 |   4.0530540869454249e-02 | 1
  2,  3 |   4.6690055584400625e+01 |   4.6690055584400625e+01 | 1
  2,  4 |   3.7837576581246771e-02 |   3.7837576581246771e-02 | 1
  2,  5 |   4.7193514920585863e-02 |   4.7193514920585863e-02 | 1
  2,  6 |   6.4756172965498709e-02 |   6.4756172965498709e-02 | 1
  2,  7 |   5.0192903935055870e-02 |   5.0192903935055870e-02 | 1
  2,  8 |   2.9333522041574741e-03 |   2.9333522041574741e-03 | 1
  2,  9 |   1.0985014553122419e-02 |   1.0985014553122419e-02 | 1
  2, 10 |   2.8404917047896976e-02 |   2.8404917047896976e-02 | 1
  2, 11 |  -3.7297554012739433e-03 |  -3.7297554012739433e-03 | 1
  2, 12 |  -6.1144615350981826e-03 |  -6.1144615350981826e-03 | 1
  2, 13 |  -1.2039182409727227e-02 |  -1.2039182409727227e-02 | 1
  2, 14 |  -5.2633141698446012e-06 |  -5.2633141698446012e-06 | 1
  2, 15 |  -6.4606339543538498e-03 |  -6.4606339543538498e-03 | 1
  2, 16 |   3.0718313127976466e-04 |   3.0718313127976466e-04 | 1
  2, 17 |   4.3009810579250504e-02 |   4.3009810579250504e-02 | 1
  2, 18 |   5.2635675895029294e-03 |   5.2635675895029294e-03 | 1
  3,  1 |   5.4106975733359320e+01 |   5.4106975733359320e+01 | 1
  3,  2 |   4.6690055584400625e+01 |   4.6690055584400625e+01 | 1
  3,  3 |   1.2618598060080057e+05 |   1.2618598060080057e+05 | 1
  3,  4 |   8.2846527418799582e+01 |   8.2846527418799582e+01 | 1
  3,  5 |   5.5660931129393717e+01 |   5.5660931129393717e+01 | 1
  3,  6 |   9.8461521896850883e+01 |   9.8461521896850883e+01 | 1
  3,  7 |   6.4513713379797707e+01 |   6.4513713379797707e+01 | 1
  3,  8 |   6.7316056018888384e+00 |   6.7316056018888384e+00 | 1
  3,  9 |   1.5403393881465675e+01 |   1.5403393881465675e+01 | 1
  3, 10 |   1.1139266616343164e+01 |   1.1139266616343164e+01 | 1
  3, 11 |  -3.9479775736867886e+00 |  -3.9479775736867886e+00 | 1
  3, 12 |  -6.3407713242549768e+00 |  -6.3407713242549768e+00 | 1
  3, 13 |  -1.6977402236277989e+01 |  -1.6977402236277989e+01 | 1
  3, 14 |  -6.9732430944421794e-03 |  -6.9732430944421794e-03 | 1
  3, 15 |  -8.0986634511427837e+00 |  -8.0986634511427837e+00 | 1
  3, 16 |   3.7682082012649143e-01 |   3.7682082012649143e-01 | 1
  3, 17 |   5.5717622078403593e+01 |   5.5717622078403593e+01 | 1
  3, 18 |  -4.9422495472296362e+00 |  -4.9422495472296362e+00 | 1
  4,  1 |   4.1479798458454856e-02 |   4.1479798458454856e-02 | 1
  4,  2 |   3.7837576581246771e-02 |   3.7837576581246771e-02 | 1
  4,  3 |   8.2846527418799582e+01 |   8.2846527418799582e+01 | 1
  4,  4 |   1.0086425128483706e-01 |   1.0086425128483706e-01 | 1
  4,  5 |   4.0428393710326221e-02 |   4.0428393710326221e-02 | 1
  4,  6 |   7.0763275973602810e-02 |   7.0763275973602810e-02 | 1
  4,  7 |   4.6969304720001201e-02 |   4.6969304720001201e-02 | 1
  4,  8 |   2.5419310438068807e-03 |   2.5419310438068807e-03 | 1
  4,  9 |   1.0041696748639422e-02 |   1.0041696748639422e-02 | 1
  4, 10 |   1.9966359777835160e-02 |   1.9966359777835160e-02 | 1
  4, 11 |  -2.6332474615320487e-03 |  -2.6332474615320487e-03 | 1
  4, 12 |  -4.0177313581811498e-03 |  -4.0177313581811498e-03 | 1
  4, 13 |  -1.1842292544277754e-02 |  -1.1842292544277754e-02 | 1
  4, 14 |  -4.8361016454290485e-06 |  -4.8361016454290485e-06 | 1
  4, 15 |  -5.6198274970639256e-03 |  -5.6198274970639256e-03 | 1
  4, 16 |   2.3535734315581228e-04 |   2.3535734315581228e-04 | 1
  4, 17 |   4.3244087765173314e-02 |   4.3244087765173314e-02 | 1
  4, 18 |   3.3647969488534088e-05 |   3.3647969488534088e-05 | 1
  5,  1 |   5.2044318692404924e-02 |   5.2044318692404924e-02 | 1
  5,  2 |   4.7193514920585863e-02 |   4.7193514920585863e-02 | 1
  5,  3 |   5.5660931129393717e+01 |   5.5660931129393717e+01 | 1
  5,  4 |   4.0428393710326221e-02 |   4.0428393710326221e-02 | 1
  5,  5 |   5.9941558471770261e-02 |   5.9941558471770261e-02 | 1
  5,  6 |   7.5881388307532271e-02 |   7.5881388307532271e-02 | 1
  5,  7 |   6.3560650392139290e-02 |   6.3560650392139290e-02 | 1
  5,  8 |   5.3527251496891266e-03 |   5.3527251496891266e-03 | 1
  5,  9 |   1.1998087345653562e-02 |   1.1998087345653562e-02 | 1
  5, 10 |   2.8704568279222711e-02 |   2.8704568279222711e-02 | 1
  5, 11 |  -4.5288524901170892e-03 |  -4.5288524901170892e-03 | 1
  5, 12 |  -7.2962951215616717e-03 |  -7.2962951215616717e-03 | 1
  5, 13 |  -1.5597199722506894e-02 |  -1.5597199722506894e-02 | 1
  5, 14 |  -6.9233643832333683e-06 |  -6.9233643832333683e-06 | 1
  5, 15 |  -8.2831608183491952e-03 |  -8.2831608183491952e-03 | 1
  5, 16 |   3.9225115455027236e-04 |   3.9225115455027236e-04 | 1
  5, 17 |   5.3390490400596742e-02 |   5.3390490400596742e-02 | 1
  5, 18 |   5.1536591462561705e-04 |   5.1536591462561705e-04 | 1
  6,  1 |   6.9156400742764398e-02 |   6.9156400742764398e-02 | 1
  6,  2 |   6.4756172965498709e-02 |   6.4756172965498709e-02 | 1
  6,  3 |   9.8461521896850883e+01 |   9.8461521896850883e+01 | 1
  6,  4 |   7.0763275973602810e-02 |   7.0763275973602810e-02 | 1
  6,  5 |   7.5881388307532271e-02 |   7.5881388307532271e-02 | 1
  6,  6 |   1.2035275772965380e-01 |   1.2035275772965380e-01 | 1
  6,  7 |   8.1959147305012026e-02 |   8.1959147305012026e-02 | 1
  6,  8 |   6.7524334456347404e-03 |   6.7524334456347404e-03 | 1
  6,  9 |   2.1635334675388227e-02 |   2.1635334675388227e-02 | 1
  6, 10 |   2.5631395715608206e-02 |   2.5631395715608206e-02 | 1
  6, 11 |  -6.2489716442233646e-03 |  -6.2489716442233646e-03 | 1
  6, 12 |  -9.7776984997321043e-03 |  -9.7776984997321043e-03 | 1
  6, 13 |  -2.0390388516325970e-02 |  -2.0390388516325970e-02 | 1
  6, 14 |  -8.6128990941811063e-06 |  -8.6128990941811063e-06 | 1
  6, 15 |  -1.0661430809921112e-02 |  -1.0661430809921112e-02 | 1
  6, 16 |   5.0810746718462469e-04 |   5.0810746718462469e-04 | 1
  6, 17 |   7.2155772984986544e-02 |   7.2155772984986544e-02 | 1
  6, 18 |   2.0912109434046439e-03 |   2.0912109434046439e-03 | 1
  7,  1 |   5.6177010215742590e-02 |   5.6177010215742590e-02 | 1
  7,  2 |   5.0192903935055870e-02 |   5.0192903935055870e-02 | 1
  7,  3 |   6.4513713379797707e+01 |   6.4513713379797707e+01 | 1
  7,  4 |   4.6969304720001201e-02 |   4.6969304720001201e-02 | 1
  7,  5 |   6.3560650392139290e-02 |   6.3560650392139290e-02 | 1
  7,  6 |   8.1959147305012026e-02 |   8.1959147305012026e-02 | 1
  7,  7 |   6.9809529890196106e-02 |   6.9809529890196106e-02 | 1
  7,  8 |   5.7533170627327001e-03 |   5.7533170627327001e-03 | 1
  7,  9 |   1.2963782068465164e-02 |   1.2963782068465164e-02 | 1
  7, 10 |   2.6694681648646797e-02 |   2.6694681648646797e-02 | 1
  7, 11 |  -4.5625905262764999e-03 |  -4.5625905262764999e-03 | 1
  7, 12 |  -7.5118986319633362e-03 |  -7.5118986319633362e-03 | 1
  7, 13 |  -1.6811451048791438e-02 |  -1.6811451048791438e-02 | 1
  7, 14 |  -7.4283961044509046e-06 |  -7.4283961044509046e-06 | 1
  7, 15 |  -8.8275076358250368e-03 |  -8.8275076358250368e-03 | 1
  7, 16 |   4.1200770199259203e-04 |   4.1200770199259203e-04 | 1
  7, 17 |   5.7915675279230763e-02 |   5.7915675279230763e-02 | 1
  7, 18 |  -1.4586425625867699e-03 |  -1.4586425625867699e-03 | 1
  8,  1 |   4.9274539372513720e-03 |   4.9274539372513720e-03 | 1
  8,  2 |   2.9333522041574741e-03 |   2.9333522041574741e-03 | 1
  8,  3 |   6.7316056018888384e+00 |   6.7316056018888384e+00 | 1
  8,  4 |   2.5419310438068807e-03 |   2.5419310438068807e-03 | 1
  8,  5 |   5.3527251496891266e-03 |   5.3527251496891266e-03 | 1
  8,  6 |   6.7524334456347404e-03 |   6.7524334456347404e-03 | 1
  8,  7 |   5.7533170627327001e-03 |   5.7533170627327001e-03 | 1
  8,  8 |   1.2575566356150948e-03 |   1.2575566356150948e-03 | 1
  8,  9 |   8.4415831479100589e-04 |   8.4415831479100589e-04 | 1
  8, 10 |  -2.3498488184493646e-03 |  -2.3498488184493646e-03 | 1
  8, 11 |  -3.0092168810876994e-04 |  -3.0092168810876994e-04 | 1
  8, 12 |  -4.5237482910433983e-04 |  -4.5237482910433983e-04 | 1
  8, 13 |  -1.5828018643915319e-03 |  -1.5828018643915319e-03 | 1
  8, 14 |  -7.0133572178571226e-07 |  -7.0133572178571226e-07 | 1
  8, 15 |  -8.0039436934854953e-04 |  -8.0039436934854953e-04 | 1
  8, 16 |   3.7054353643545317e-05 |   3.7054353643545317e-05 | 1
  8, 17 |   4.7759687503321335e-03 |   4.7759687503321335e-03 | 1
  8, 18 |  -2.7282051726818992e-03 |  -2.7282051726818992e-03 | 1
  9,  1 |   1.0657819195098225e-02 |   1.0657819195098225e-02 | 1
  9,  2 |   1.0985014553122419e-02 |   1.0985014553122419e-02 | 1
  9,  3 |   1.5403393881465675e+01 |   1.5403393881465675e+01 | 1
  9,  4 |   1.0041696748639422e-02 |   1.0041696748639422e-02 | 1
  9,  5 |   1.1998087345653562e-02 |   1.1998087345653562e-02 | 1
  9,  6 |   2.1635334675388227e-02 |   2.1635334675388227e-02 | 1
  9,  7 |   1.2963782068465164e-02 |   1.2963782068465164e-02 | 1
  9,  8 |   8.4415831479100589e-04 |   8.4415831479100589e-04 | 1
  9,  9 |   5.7180697969254754e-03 |   5.7180697969254754e-03 | 1
  9, 10 |   1.8193158996131005e-03 |   1.8193158996131005e-03 | 1
  9, 11 |  -1.2206936748788157e-03 |  -1.2206936748788157e-03 | 1
  9, 12 |  -2.0264094925546636e-03 |  -2.0264094925546636e-03 | 1
  9, 13 |  -3.0686008679967382e-03 |  -3.0686008679967382e-03 | 1
  9, 14 |  -1.3124247681068305e-06 |  -1.3124247681068305e-06 | 1
  9, 15 |  -1.6116819019365387e-03 |  -1.6116819019365387e-03 | 1
  9, 16 |   7.9233656178642406e-05 |   7.9233656178642406e-05 | 1
  9, 17 |   1.1573964045900114e-02 |   1.1573964045900114e-02 | 1
  9, 18 |   1.9759225659447804e-03 |   1.9759225659447804e-03 | 1
 10,  1 |   2.0680803341794785e-02 |   2.0680803341794785e-02 | 1
 10,  2 |   2.8404917047896976e-02 |   2.8404917047896976e-02 | 1
 10,  3 |   1.1139266616343164e+01 |   1.1139266616343164e+01 | 1
 10,  4 |   1.9966359777835160e-02 |   1.9966359777835160e-02 | 1
 10,  5 |   2.8704568279222711e-02 |   2.8704568279222711e-02 | 1
 10,  6 |   2.5631395715608206e-02 |   2.5631395715608206e-02 | 1
 10,  7 |   2.6694681648646797e-02 |   2.6694681648646797e-02 | 1
 10,  8 |  -2.3498488184493646e-03 |  -2.3498488184493646e-03 | 1
 10,  9 |   1.8193158996131005e-03 |   1.8193158996131005e-03 | 1
 10, 10 |   7.7101053874781778e-02 |   7.7101053874781778e-02 | 1
 10, 11 |  -3.1463526324986011e-03 |  -3.1463526324986011e-03 | 1
 10, 12 |  -4.9828344513621666e-03 |  -4.9828344513621666e-03 | 1
 10, 13 |  -5.6245195014089991e-03 |  -5.6245195014089991e-03 | 1
 10, 14 |  -2.7671396691153743e-06 |  -2.7671396691153743e-06 | 1
 10, 15 |  -3.5711319026030821e-03 |  -3.5711319026030821e-03 | 1
 10, 16 |   1.9009478311496242e-04 |   1.9009478311496242e-04 | 1
 10, 17 |   2.2432405542184480e-02 |   2.2432405542184480e-02 | 1
 10, 18 |   2.3745253990092294e-02 |   2.3745253990092294e-02 | 1
 11,  1 |  -3.7416258933596312e-03 |  -3.7416258933596312e-03 | 1
 11,  2 |  -3.7297554012739433e-03 |  -3.7297554012739433e-03 | 1
 11,  3 |  -3.9479775736867886e+00 |  -3.9479775736867886e+00 | 1
 11,  4 |  -2.6332474615320487e-03 |  -2.6332474615320487e-03 | 1
 11,  5 |  -4.5288524901170892e-03 |  -4.5288524901170892e-03 | 1
 11,  6 |  -6.2489716442233646e-03 |  -6.2489716442233646e-03 | 1
 11,  7 |  -4.5625905262764999e-03 |  -4.5625905262764999e-03 | 1
 11,  8 |  -3.0092168810876994e-04 |  -3.0092168810876994e-04 | 1
 11,  9 |  -1.2206936748788157e-03 |  -1.2206936748788157e-03 | 1
 11, 10 |  -3.1463526324986011e-03 |  -3.1463526324986011e-03 | 1
 11, 11 |   5.4837207976285126e-04 |   5.4837207976285126e-04 | 1
 11, 12 |   7.1263385675410977e-04 |   7.1263385675410977e-04 | 1
 11, 13 |   1.1257086195002638e-03 |   1.1257086195002638e-03 | 1
 11, 14 |   4.8175499867324699e-07 |   4.8175499867324699e-07 | 1
 11, 15 |   5.9240261500330079e-04 |   5.9240261500330079e-04 | 1
 11, 16 |  -2.9870513244242025e-05 |  -2.9870513244242025e-05 | 1
 11, 17 |  -3.9524716455563869e-03 |  -3.9524716455563869e-03 | 1
 11, 18 |  -7.9863723302393288e-04 |  -7.9863723302393288e-04 | 1
 12,  1 |  -5.9823433873613836e-03 |  -5.9823433873613836e-03 | 1
 12,  2 |  -6.1144615350981826e-03 |  -6.1144615350981826e-03 | 1
 12,  3 |  -6.3407713242549768e+00 |  -6.3407713242549768e+00 | 1
 12,  4 |  -4.0177313581811498e-03 |  -4.0177313581811498e-03 | 1
 12,  5 |  -7.2962951215616717e-03 |  -7.2962951215616717e-03 | 1
 12,  6 |  -9.7776984997321043e-03 |  -9.7776984997321043e-03 | 1
 12,  7 |  -7.5118986319633362e-03 |  -7.5118986319633362e-03 | 1
 12,  8 |  -4.5237482910433983e-04 |  -4.5237482910433983e-04 | 1
 12,  9 |  -2.0264094925546636e-03 |  -2.0264094925546636e-03 | 1
 12, 10 |  -4.9828344513621666e-03 |  -4.9828344513621666e-03 | 1
 12, 11 |   7.1263385675410977e-04 |   7.1263385675410977e-04 | 1
 12, 12 |   1.1487794843563898e-03 |   1.1487794843563898e-03 | 1
 12, 13 |   1.8101477324259422e-03 |   1.8101477324259422e-03 | 1
 12, 14 |   7.9587863079349862e-07 |   7.9587863079349862e-07 | 1
 12, 15 |   9.5639907951239952e-04 |   9.5639907951239952e-04 | 1
 12, 16 |  -4.7254623532921664e-05 |  -4.7254623532921664e-05 | 1
 12, 17 |  -6.2933003223004918e-03 |  -6.2933003223004918e-03 | 1
 12, 18 |  -1.5132678443137118e-03 |  -1.5132678443137118e-03 | 1
 13,  1 |  -1.3751766948027384e-02 |  -1.3751766948027384e-02 | 1
 13,  2 |  -1.2039182409727227e-02 |  -1.2039182409727227e-02 | 1
 13,  3 |  -1.6977402236277989e+01 |  -1.6977402236277989e+01 | 1
 13,  4 |  -1.1842292544277754e-02 |  -1.1842292544277754e-02 | 1
 13,  5 |  -1.5597199722506894e-02 |  -1.5597199722506894e-02 | 1
 13,  6 |  -2.0390388516325970e-02 |  -2.0390388516325970e-02 | 1
 13,  7 |  -1.6811451048791438e-02 |  -1.6811451048791438e-02 | 1
 13,  8 |  -1.5828018643915319e-03 |  -1.5828018643915319e-03 | 1
 13,  9 |  -3.0686008679967382e-03 |  -3.0686008679967382e-03 | 1
 13, 10 |  -5.6245195014089991e-03 |  -5.6245195014089991e-03 | 1
 13, 11 |   1.1257086195002638e-03 |   1.1257086195002638e-03 | 1
 13, 12 |   1.8101477324259422e-03 |   1.8101477324259422e-03 | 1
 13, 13 |   4.2898863213123280e-03 |   4.2898863213123280e-03 | 1
 13, 14 |   1.8456864769602108e-06 |   1.8456864769602108e-06 | 1
 13, 15 |   2.1780228232802421e-03 |   2.1780228232802421e-03 | 1
 13, 16 |  -1.0226670475275596e-04 |  -1.0226670475275596e-04 | 1
 13, 17 |  -1.3916493567855803e-02 |  -1.3916493567855803e-02 | 1
 13, 18 |   6.2678281932743250e-04 |   6.2678281932743250e-04 | 1
 14,  1 |  -6.0780957531398278e-06 |  -6.0780957531398278e-06 | 1
 14,  2 |  -5.2633141698446012e-06 |  -5.2633141698446012e-06 | 1
 14,  3 |  -6.9732430944421794e-03 |  -6.9732430944421794e-03 | 1
 14,  4 |  -4.8361016454290485e-06 |  -4.8361016454290485e-06 | 1
 14,  5 |  -6.9233643832333683e-06 |  -6.9233643832333683e-06 | 1
 14,  6 |  -8.6128990941811063e-06 |  -8.6128990941811063e-06 | 1
 14,  7 |  -7.4283961044509046e-06 |  -7.4283961044509046e-06 | 1
 14,  8 |  -7.0133572178571226e-07 |  -7.0133572178571226e-07 | 1
 14,  9 |  -1.3124247681068305e-06 |  -1.3124247681068305e-06 | 1
 14, 10 |  -2.7671396691153743e-06 |  -2.7671396691153743e-06 | 1
 14, 11 |   4.8175499867324699e-07 |   4.8175499867324699e-07 | 1
 14, 12 |   7.9587863079349862e-07 |   7.9587863079349862e-07 | 1
 14, 13 |   1.8456864769602108e-06 |   1.8456864769602108e-06 | 1
 14, 14 |   8.3523225039586911e-10 |   8.3523225039586911e-10 | 1
 14, 15 |   9.7070397044981968e-07 |   9.7070397044981968e-07 | 1
 14, 16 |  -4.5875469176248498e-08 |  -4.5875469176248498e-08 | 1
 14, 17 |  -6.1877369764102743e-06 |  -6.1877369764102743e-06 | 1
 14, 18 |   3.4830637945522004e-07 |   3.4830637945522004e-07 | 1
 15,  1 |  -7.2922320617449278e-03 |  -7.2922320617449278e-03 | 1
 15,  2 |  -6.4606339543538498e-03 |  -6.4606339543538498e-03 | 1
 15,  3 |  -8.0986634511427837e+00 |  -8.0986634511427837e+00 | 1
 15,  4 |  -5.6198274970639256e-03 |  -5.6198274970639256e-03 | 1
 15,  5 |  -8.2831608183491952e-03 |  -8.2831608183491952e-03 | 1
 15,  6 |  -1.0661430809921112e-02 |  -1.0661430809921112e-02 | 1
 15,  7 |  -8.8275076358250368e-03 |  -8.8275076358250368e-03 | 1
 15,  8 |  -8.0039436934854953e-04 |  -8.0039436934854953e-04 | 1
 15,  9 |  -1.6116819019365387e-03 |  -1.6116819019365387e-03 | 1
 15, 10 |  -3.5711319026030821e-03 |  -3.5711319026030821e-03 | 1
 15, 11 |   5.9240261500330079e-04 |   5.9240261500330079e-04 | 1
 15, 12 |   9.5639907951239952e-04 |   9.5639907951239952e-04 | 1
 15, 13 |   2.1780228232802421e-03 |   2.1780228232802421e-03 | 1
 15, 14 |   9.7070397044981968e-07 |   9.7070397044981968e-07 | 1
 15, 15 |   1.1706528053804519e-03 |   1.1706528053804519e-03 | 1
 15, 16 |  -5.5569348568633907e-05 |  -5.5569348568633907e-05 | 1
 15, 17 |  -7.4614032475270060e-03 |  -7.4614032475270060e-03 | 1
 15, 18 |   2.5650884081630966e-04 |   2.5650884081630966e-04 | 1
 16,  1 |   3.3994101954018855e-04 |   3.3994101954018855e-04 | 1
 16,  2 |   3.0718313127976466e-04 |   3.0718313127976466e-04 | 1
 16,  3 |   3.7682082012649143e-01 |   3.7682082012649143e-01 | 1
 16,  4 |   2.3535734315581228e-04 |   2.3535734315581228e-04 | 1
 16,  5 |   3.9225115455027236e-04 |   3.9225115455027236e-04 | 1
 16,  6 |   5.0810746718462469e-04 |   5.0810746718462469e-04 | 1
 16,  7 |   4.1200770199259203e-04 |   4.1200770199259203e-04 | 1
 16,  8 |   3.7054353643545317e-05 |   3.7054353643545317e-05 | 1
 16,  9 |   7.9233656178642406e-05 |   7.9233656178642406e-05 | 1
 16, 10 |   1.9009478311496242e-04 |   1.9009478311496242e-04 | 1
 16, 11 |  -2.9870513244242025e-05 |  -2.9870513244242025e-05 | 1
 16, 12 |  -4.7254623532921664e-05 |  -4.7254623532921664e-05 | 1
 16, 13 |  -1.0226670475275596e-04 |  -1.0226670475275596e-04 | 1
 16, 14 |  -4.5875469176248498e-08 |  -4.5875469176248498e-08 | 1
 16, 15 |  -5.5569348568633907e-05 |  -5.5569348568633907e-05 | 1
 16, 16 |   2.7001761354367471e-06 |   2.7001761354367471e-06 | 1
 16, 17 |   3.4838958519671525e-04 |   3.4838958519671525e-04 | 1
 16, 18 |   1.6451221588190227e-06 |   1.6451221588190227e-06 | 1
 17,  1 |   4.8449771717851475e-02 |   4.8449771717851475e-02 | 1
 17,  2 |   4.3009810579250504e-02 |   4.3009810579250504e-02 | 1
 17,  3 |   5.5717622078403593e+01 |   5.5717622078403593e+01 | 1
 17,  4 |   4.3244087765173314e-02 |   4.3244087765173314e-02 | 1
 17,  5 |   5.3390490400596742e-02 |   5.3390490400596742e-02 | 1
 17,  6 |   7.2155772984986544e-02 |   7.2155772984986544e-02 | 1
 17,  7 |   5.7915675279230763e-02 |   5.7915675279230763e-02 | 1
 17,  8 |   4.7759687503321335e-03 |   4.7759687503321335e-03 | 1
 17,  9 |   1.1573964045900114e-02 |   1.1573964045900114e-02 | 1
 17, 10 |   2.2432405542184480e-02 |   2.2432405542184480e-02 | 1
 17, 11 |  -3.9524716455563869e-03 |  -3.9524716455563869e-03 | 1
 17, 12 |  -6.2933003223004918e-03 |  -6.2933003223004918e-03 | 1
 17, 13 |  -1.3916493567855803e-02 |  -1.3916493567855803e-02 | 1
 17, 14 |  -6.1877369764102743e-06 |  -6.1877369764102743e-06 | 1
 17, 15 |  -7.4614032475270060e-03 |  -7.4614032475270060e-03 | 1
 17, 16 |   3.4838958519671525e-04 |   3.4838958519671525e-04 | 1
 17, 17 |   5.0389790792691992e-02 |   5.0389790792691992e-02 | 1
 17, 18 |  -2.0065786758239642e-03 |  -2.0065786758239642e-03 | 1
 18,  1 |  -2.6803522283437818e-03 |  -2.6803522283437818e-03 | 1
 18,  2 |   5.2635675895029294e-03 |   5.2635675895029294e-03 | 1
 18,  3 |  -4.9422495472296362e+00 |  -4.9422495472296362e+00 | 1
 18,  4 |   3.3647969488534088e-05 |   3.3647969488534088e-05 | 1
 18,  5 |   5.1536591462561705e-04 |   5.1536591462561705e-04 | 1
 18,  6 |   2.0912109434046439e-03 |   2.0912109434046439e-03 | 1
 18,  7 |  -1.4586425625867699e-03 |  -1.4586425625867699e-03 | 1
 18,  8 |  -2.7282051726818992e-03 |  -2.7282051726818992e-03 | 1
 18,  9 |   1.9759225659447804e-03 |   1.9759225659447804e-03 | 1
 18, 10 |   2.3745253990092294e-02 |   2.3745253990092294e-02 | 1
 18, 11 |  -7.9863723302393288e-04 |  -7.9863723302393288e-04 | 1
 18, 12 |  -1.5132678443137118e-03 |  -1.5132678443137118e-03 | 1
 18, 13 |   6.2678281932743250e-04 |   6.2678281932743250e-04 | 1
 18, 14 |   3.4830637945522004e-07 |   3.4830637945522004e-07 | 1
 18, 15 |   2.5650884081630966e-04 |   2.5650884081630966e-04 | 1
 18, 16 |   1.6451221588190227e-06 |   1.6451221588190227e-06 | 1
 18, 17 |  -2.0065786758239642e-03 |  -2.0065786758239642e-03 | 1
 18, 18 |   1.5538761686585549e-02 |   1.5538761686585549e-02 | 1
