row,col | V_base                   | V_new                    | equal
  1,  1 |   1.4832143437857588e-03 |   1.4832143437857588e-03 | 1
  1,  2 |  -5.6729322750130456e-03 |  -5.6729322750130456e-03 | 1
  1,  3 |   1.0074866012515500e-03 |   1.0074866012515500e-03 | 1
  1,  4 |   4.3714947389907532e-04 |   4.3714947389907532e-04 | 1
  1,  5 |   6.6007337238877195e-02 |   6.6007337238877195e-02 | 1
  1,  6 |  -2.9096873455729212e-04 |  -2.9096873455729212e-04 | 1
  2,  1 |  -5.6729322750130456e-03 |  -5.6729322750130456e-03 | 1
  2,  2 |   1.4988588491141444e-01 |   1.4988588491141444e-01 | 1
  2,  3 |  -2.2548205049713728e-02 |  -2.2548205049713728e-02 | 1
  2,  4 |  -3.1731037098488789e-03 |  -3.1731037098488789e-03 | 1
  2,  5 |  -1.7169939817351891e+00 |  -1.7169939817351891e+00 | 1
  2,  6 |   4.4609480494669220e-03 |   4.4609480494669220e-03 | 1
  3,  1 |   1.0074866012515500e-03 |   1.0074866012515500e-03 | 1
  3,  2 |  -2.2548205049713728e-02 |  -2.2548205049713728e-02 | 1
  3,  3 |   1.3325503651454318e-02 |   1.3325503651454318e-02 | 1
  3,  4 |  -1.3355085957428366e-03 |  -1.3355085957428366e-03 | 1
  3,  5 |   2.9133495663015424e-01 |   2.9133495663015424e-01 | 1
  3,  6 |  -1.0772954764200599e-03 |  -1.0772954764200599e-03 | 1
  4,  1 |   4.3714947389907532e-04 |   4.3714947389907532e-04 | 1
  4,  2 |  -3.1731037098488789e-03 |  -3.1731037098488789e-03 | 1
  4,  3 |  -1.3355085957428366e-03 |  -1.3355085957428366e-03 | 1
  4,  4 |   3.3330043394527091e-03 |   3.3330043394527091e-03 | 1
  4,  5 |   1.0951326378545190e-01 |   1.0951326378545190e-01 | 1
  4,  6 |   3.5885058050451530e-05 |   3.5885058050451530e-05 | 1
  5,  1 |   6.6007337238877195e-02 |   6.6007337238877195e-02 | 1
  5,  2 |  -1.7169939817351891e+00 |  -1.7169939817351891e+00 | 1
  5,  3 |   2.9133495663015424e-01 |   2.9133495663015424e-01 | 1
  5,  4 |   1.0951326378545190e-01 |   1.0951326378545190e-01 | 1
  5,  5 |   3.4865594064079303e+01 |   3.4865594064079303e+01 | 1
  5,  6 |  -9.6719928545147063e-02 |  -9.6719928545147063e-02 | 1
  6,  1 |  -2.9096873455729212e-04 |  -2.9096873455729212e-04 | 1
  6,  2 |   4.4609480494669220e-03 |   4.4609480494669220e-03 | 1
  6,  3 |  -1.0772954764200599e-03 |  -1.0772954764200599e-03 | 1
  6,  4 |   3.5885058050451530e-05 |   3.5885058050451530e-05 | 1
  6,  5 |  -9.6719928545147063e-02 |  -9.6719928545147063e-02 | 1
  6,  6 |   1.7112489415510186e-03 |   1.7112489415510186e-03 | 1
