row,col | V_base                   | V_new                    | equal
  1,  1 |   4.0438900708613448e-04 |   4.0438900708613448e-04 | 1
  1,  2 |   1.7936647881835123e-03 |   1.7936647881835123e-03 | 1
  1,  3 |   2.7916835885725657e-04 |   2.7916835885725657e-04 | 1
  1,  4 |   1.2155474677118486e-04 |   1.2155474677118486e-04 | 1
  1,  5 |  -2.8269184400192836e-04 |  -2.8269184400192836e-04 | 1
  1,  6 |   4.9398320842713749e-05 |   4.9398320842713749e-05 | 1
  2,  1 |   1.7936647881835123e-03 |   1.7936647881835123e-03 | 1
  2,  2 |   1.8841330877133730e-02 |   1.8841330877133730e-02 | 1
  2,  3 |   1.8611296441849855e-03 |   1.8611296441849855e-03 | 1
  2,  4 |   7.5793491826059781e-04 |   7.5793491826059781e-04 | 1
  2,  5 |  -4.4973538745881926e-03 |  -4.4973538745881926e-03 | 1
  2,  6 |  -4.7808119740294500e-04 |  -4.7808119740294500e-04 | 1
  3,  1 |   2.7916835885725657e-04 |   2.7916835885725657e-04 | 1
  3,  2 |   1.8611296441849855e-03 |   1.8611296441849855e-03 | 1
  3,  3 |   9.2522479029546138e-03 |   9.2522479029546138e-03 | 1
  3,  4 |   1.5323047279898141e-04 |   1.5323047279898141e-04 | 1
  3,  5 |  -2.1353395611811626e-04 |  -2.1353395611811626e-04 | 1
  3,  6 |   1.0838692011845273e-04 |   1.0838692011845273e-04 | 1
  4,  1 |   1.2155474677118486e-04 |   1.2155474677118486e-04 | 1
  4,  2 |   7.5793491826059781e-04 |   7.5793491826059781e-04 | 1
  4,  3 |   1.5323047279898141e-04 |   1.5323047279898141e-04 | 1
  4,  4 |   3.5525096281814983e-03 |   3.5525096281814983e-03 | 1
  4,  5 |  -5.2345358786163242e-05 |  -5.2345358786163242e-05 | 1
  4,  6 |   6.5645856359598494e-05 |   6.5645856359598494e-05 | 1
  5,  1 |  -2.8269184400192836e-04 |  -2.8269184400192836e-04 | 1
  5,  2 |  -4.4973538745881926e-03 |  -4.4973538745881926e-03 | 1
  5,  3 |  -2.1353395611811626e-04 |  -2.1353395611811626e-04 | 1
  5,  4 |  -5.2345358786163242e-05 |  -5.2345358786163242e-05 | 1
  5,  5 |   3.8945913503390804e-03 |   3.8945913503390804e-03 | 1
  5,  6 |   3.4079617210516289e-04 |   3.4079617210516289e-04 | 1
  6,  1 |   4.9398320842713749e-05 |   4.9398320842713749e-05 | 1
  6,  2 |  -4.7808119740294500e-04 |  -4.7808119740294500e-04 | 1
  6,  3 |   1.0838692011845273e-04 |   1.0838692011845273e-04 | 1
  6,  4 |   6.5645856359598494e-05 |   6.5645856359598494e-05 | 1
  6,  5 |   3.4079617210516289e-04 |   3.4079617210516289e-04 | 1
  6,  6 |   3.5404962590711964e-04 |   3.5404962590711964e-04 | 1
