row,col | V_base                   | V_new                    | equal
  1,  1 |   9.4849788924280694e-05 |   9.4849788924280694e-05 | 1
  1,  2 |   4.3516446650785593e-05 |   4.3516446650785593e-05 | 1
  1,  3 |   4.6908743641203126e-05 |   4.6908743641203126e-05 | 1
  1,  4 |   4.3408681522189847e-05 |   4.3408681522189847e-05 | 1
  1,  5 |   5.0602922873700007e-05 |   5.0602922873700007e-05 | 1
  1,  6 |   5.6521342402178167e-05 |   5.6521342402178167e-05 | 1
  1,  7 |   3.5332584064265546e-05 |   3.5332584064265546e-05 | 1
  1,  8 |   3.4666427970478361e-05 |   3.4666427970478361e-05 | 1
  1,  9 |   4.9019822731714373e-05 |   4.9019822731714373e-05 | 1
  1, 10 |   4.8088742293895836e-05 |   4.8088742293895836e-05 | 1
  1, 11 |   6.5035920834547519e-05 |   6.5035920834547519e-05 | 1
  1, 12 |   4.8273807111117473e-05 |   4.8273807111117473e-05 | 1
  1, 13 |   4.2798086219712907e-05 |   4.2798086219712907e-05 | 1
  1, 14 |   1.0955037870052391e-05 |   1.0955037870052391e-05 | 1
  1, 15 |  -4.8540884897731804e-05 |  -4.8540884897731804e-05 | 1
  1, 16 |   5.2217173535639138e-05 |   5.2217173535639138e-05 | 1
  1, 17 |  -2.5712036255248058e-05 |  -2.5712036255248058e-05 | 1
  1, 18 |  -2.3810701722670271e-05 |  -2.3810701722670271e-05 | 1
  1, 19 |  -2.5244645533329208e-05 |  -2.5244645533329208e-05 | 1
  1, 20 |  -5.6474916906854277e-05 |  -5.6474916906854277e-05 | 1
  1, 21 |   0.0000000000000000e+00 |   0.0000000000000000e+00 | 1
  2,  1 |   4.3516446650785593e-05 |   4.3516446650785593e-05 | 1
  2,  2 |   8.7943902596208912e-04 |   8.7943902596208912e-04 | 1
  2,  3 |   5.7047269882481426e-05 |   5.7047269882481426e-05 | 1
  2,  4 |   5.7268666583503409e-05 |   5.7268666583503409e-05 | 1
  2,  5 |   6.7476212990490685e-05 |   6.7476212990490685e-05 | 1
  2,  6 |   1.5744959679791040e-04 |   1.5744959679791040e-04 | 1
  2,  7 |   4.7987574845485191e-05 |   4.7987574845485191e-05 | 1
  2,  8 |   8.0427352070592346e-05 |   8.0427352070592346e-05 | 1
  2,  9 |   6.8783217260673341e-05 |   6.8783217260673341e-05 | 1
  2, 10 |   6.6285463634135105e-05 |   6.6285463634135105e-05 | 1
  2, 11 |   5.9772765463823670e-05 |   5.9772765463823670e-05 | 1
  2, 12 |   6.1717333888806759e-05 |   6.1717333888806759e-05 | 1
  2, 13 |   8.7574975323246617e-05 |   8.7574975323246617e-05 | 1
  2, 14 |  -1.3386913869350522e-04 |  -1.3386913869350522e-04 | 1
  2, 15 |   5.7161553497289753e-05 |   5.7161553497289753e-05 | 1
  2, 16 |   7.8986378907266300e-05 |   7.8986378907266300e-05 | 1
  2, 17 |  -2.6366140334115196e-05 |  -2.6366140334115196e-05 | 1
  2, 18 |  -2.0197129186664353e-05 |  -2.0197129186664353e-05 | 1
  2, 19 |  -1.8556330153598664e-05 |  -1.8556330153598664e-05 | 1
  2, 20 |  -5.4335265711504341e-05 |  -5.4335265711504341e-05 | 1
  2, 21 |   0.0000000000000000e+00 |   0.0000000000000000e+00 | 1
  3,  1 |   4.6908743641203126e-05 |   4.6908743641203126e-05 | 1
  3,  2 |   5.7047269882481426e-05 |   5.7047269882481426e-05 | 1
  3,  3 |   4.0927832094263669e-03 |   4.0927832094263669e-03 | 1
  3,  4 |   1.0905798138948608e-04 |   1.0905798138948608e-04 | 1
  3,  5 |   8.1581529263789930e-05 |   8.1581529263789930e-05 | 1
  3,  6 |  -8.9662725739939671e-05 |  -8.9662725739939671e-05 | 1
  3,  7 |   4.9222083439753829e-04 |   4.9222083439753829e-04 | 1
  3,  8 |   2.4690025689813126e-05 |   2.4690025689813126e-05 | 1
  3,  9 |   7.8777055815434273e-05 |   7.8777055815434273e-05 | 1
  3, 10 |   2.2487817493217484e-04 |   2.2487817493217484e-04 | 1
  3, 11 |   3.3848142298907076e-04 |   3.3848142298907076e-04 | 1
  3, 12 |   3.9438662895983868e-04 |   3.9438662895983868e-04 | 1
  3, 13 |   1.4595159799277711e-04 |   1.4595159799277711e-04 | 1
  3, 14 |  -8.2201838767425084e-05 |  -8.2201838767425084e-05 | 1
  3, 15 |  -7.2587749643440768e-04 |  -7.2587749643440768e-04 | 1
  3, 16 |   3.9832582004982377e-04 |   3.9832582004982377e-04 | 1
  3, 17 |  -3.1738926466636773e-05 |  -3.1738926466636773e-05 | 1
  3, 18 |  -3.1332730367939662e-05 |  -3.1332730367939662e-05 | 1
  3, 19 |  -2.4082117358810499e-05 |  -2.4082117358810499e-05 | 1
  3, 20 |  -5.0835088523837712e-05 |  -5.0835088523837712e-05 | 1
  3, 21 |   0.0000000000000000e+00 |   0.0000000000000000e+00 | 1
  4,  1 |   4.3408681522189847e-05 |   4.3408681522189847e-05 | 1
  4,  2 |   5.7268666583503409e-05 |   5.7268666583503409e-05 | 1
  4,  3 |   1.0905798138948608e-04 |   1.0905798138948608e-04 | 1
  4,  4 |   1.2268550191763090e-03 |   1.2268550191763090e-03 | 1
  4,  5 |   8.4149908936115457e-05 |   8.4149908936115457e-05 | 1
  4,  6 |  -1.6986217768272588e-05 |  -1.6986217768272588e-05 | 1
  4,  7 |   4.4565699267906092e-04 |   4.4565699267906092e-04 | 1
  4,  8 |   5.1183712249034566e-05 |   5.1183712249034566e-05 | 1
  4,  9 |   8.8037218912148362e-05 |   8.8037218912148362e-05 | 1
  4, 10 |   2.1408905678013467e-04 |   2.1408905678013467e-04 | 1
  4, 11 |   3.0359581667161362e-04 |   3.0359581667161362e-04 | 1
  4, 12 |   3.6486953800327310e-04 |   3.6486953800327310e-04 | 1
  4, 13 |   1.6007642174786779e-04 |   1.6007642174786779e-04 | 1
  4, 14 |  -1.0889848497881075e-04 |  -1.0889848497881075e-04 | 1
  4, 15 |  -5.9533835165331850e-04 |  -5.9533835165331850e-04 | 1
  4, 16 |   3.7650199179080455e-04 |   3.7650199179080455e-04 | 1
  4, 17 |  -2.5893467147741799e-05 |  -2.5893467147741799e-05 | 1
  4, 18 |  -2.0538672339748470e-05 |  -2.0538672339748470e-05 | 1
  4, 19 |  -1.8209207317530433e-05 |  -1.8209207317530433e-05 | 1
  4, 20 |  -5.3013208265804026e-05 |  -5.3013208265804026e-05 | 1
  4, 21 |   0.0000000000000000e+00 |   0.0000000000000000e+00 | 1
  5,  1 |   5.0602922873700007e-05 |   5.0602922873700007e-05 | 1
  5,  2 |   6.7476212990490685e-05 |   6.7476212990490685e-05 | 1
  5,  3 |   8.1581529263789930e-05 |   8.1581529263789930e-05 | 1
  5,  4 |   8.4149908936115457e-05 |   8.4149908936115457e-05 | 1
  5,  5 |   1.0814196759588540e-02 |   1.0814196759588540e-02 | 1
  5,  6 |   3.0579400186973583e-04 |   3.0579400186973583e-04 | 1
  5,  7 |   7.2992052304198524e-05 |   7.2992052304198524e-05 | 1
  5,  8 |   1.4951626887254465e-04 |   1.4951626887254465e-04 | 1
  5,  9 |   1.0625648906454499e-04 |   1.0625648906454499e-04 | 1
  5, 10 |   1.0061925603692794e-04 |   1.0061925603692794e-04 | 1
  5, 11 |   5.8069199971300555e-05 |   5.8069199971300555e-05 | 1
  5, 12 |   8.4835511405761336e-05 |   8.4835511405761336e-05 | 1
  5, 13 |   1.5634359730294932e-04 |   1.5634359730294932e-04 | 1
  5, 14 |  -1.3296609307250629e-04 |  -1.3296609307250629e-04 | 1
  5, 15 |   2.0534737638484862e-04 |   2.0534737638484862e-04 | 1
  5, 16 |   1.2178090766287103e-04 |   1.2178090766287103e-04 | 1
  5, 17 |  -3.2863173094687049e-05 |  -3.2863173094687049e-05 | 1
  5, 18 |  -3.5880748068540986e-05 |  -3.5880748068540986e-05 | 1
  5, 19 |  -2.7998298561876731e-05 |  -2.7998298561876731e-05 | 1
  5, 20 |  -5.1901385824175319e-05 |  -5.1901385824175319e-05 | 1
  5, 21 |   0.0000000000000000e+00 |   0.0000000000000000e+00 | 1
  6,  1 |   5.6521342402178167e-05 |   5.6521342402178167e-05 | 1
  6,  2 |   1.5744959679791040e-04 |   1.5744959679791040e-04 | 1
  6,  3 |  -8.9662725739939671e-05 |  -8.9662725739939671e-05 | 1
  6,  4 |  -1.6986217768272588e-05 |  -1.6986217768272588e-05 | 1
  6,  5 |   3.0579400186973583e-04 |   3.0579400186973583e-04 | 1
  6,  6 |   3.4088668616313995e-03 |   3.4088668616313995e-03 | 1
  6,  7 |  -2.7129499852680651e-03 |  -2.7129499852680651e-03 | 1
  6,  8 |   1.1859505902521526e-03 |   1.1859505902521526e-03 | 1
  6,  9 |   3.8490830909302038e-04 |   3.8490830909302038e-04 | 1
  6, 10 |  -6.4879883964249986e-04 |  -6.4879883964249986e-04 | 1
  6, 11 |  -1.8437431997135759e-03 |  -1.8437431997135759e-03 | 1
  6, 12 |  -1.9229657401964848e-03 |  -1.9229657401964848e-03 | 1
  6, 13 |   4.2414217752737308e-04 |   4.2414217752737308e-04 | 1
  6, 14 |  -7.4481891520837410e-04 |  -7.4481891520837410e-04 | 1
  6, 15 |   6.8664842895019441e-03 |   6.8664842895019441e-03 | 1
  6, 16 |  -1.6022868869606491e-03 |  -1.6022868869606491e-03 | 1
  6, 17 |  -8.6357408403053597e-06 |  -8.6357408403053597e-06 | 1
  6, 18 |   1.0293032255893585e-05 |   1.0293032255893585e-05 | 1
  6, 19 |   1.3115759486158529e-05 |   1.3115759486158529e-05 | 1
  6, 20 |  -1.0987388888395017e-04 |  -1.0987388888395017e-04 | 1
  6, 21 |   0.0000000000000000e+00 |   0.0000000000000000e+00 | 1
  7,  1 |   3.5332584064265546e-05 |   3.5332584064265546e-05 | 1
  7,  2 |   4.7987574845485191e-05 |   4.7987574845485191e-05 | 1
  7,  3 |   4.9222083439753829e-04 |   4.9222083439753829e-04 | 1
  7,  4 |   4.4565699267906092e-04 |   4.4565699267906092e-04 | 1
  7,  5 |   7.2992052304198524e-05 |   7.2992052304198524e-05 | 1
  7,  6 |  -2.7129499852680651e-03 |  -2.7129499852680651e-03 | 1
  7,  7 |   4.2035081244415620e-03 |   4.2035081244415620e-03 | 1
  7,  8 |  -6.9123322213791784e-04 |  -6.9123322213791784e-04 | 1
  7,  9 |   2.2409096816855299e-05 |   2.2409096816855299e-05 | 1
  7, 10 |   1.4490291483010200e-03 |   1.4490291483010200e-03 | 1
  7, 11 |   2.7176180953533305e-03 |   2.7176180953533305e-03 | 1
  7, 12 |   3.1476132474572817e-03 |   3.1476132474572817e-03 | 1
  7, 13 |   3.9847428936538740e-04 |   3.9847428936538740e-04 | 1
  7, 14 |  -8.2353104946496361e-05 |  -8.2353104946496361e-05 | 1
  7, 15 |  -7.8929044492188384e-03 |  -7.8929044492188384e-03 | 1
  7, 16 |   2.9663856582597546e-03 |   2.9663856582597546e-03 | 1
  7, 17 |  -6.1696648436169627e-05 |  -6.1696648436169627e-05 | 1
  7, 18 |  -5.9628555689917359e-05 |  -5.9628555689917359e-05 | 1
  7, 19 |  -3.4090150606170595e-05 |  -3.4090150606170595e-05 | 1
  7, 20 |   2.0103642867266049e-06 |   2.0103642867266049e-06 | 1
  7, 21 |   0.0000000000000000e+00 |   0.0000000000000000e+00 | 1
  8,  1 |   3.4666427970478361e-05 |   3.4666427970478361e-05 | 1
  8,  2 |   8.0427352070592346e-05 |   8.0427352070592346e-05 | 1
  8,  3 |   2.4690025689813126e-05 |   2.4690025689813126e-05 | 1
  8,  4 |   5.1183712249034566e-05 |   5.1183712249034566e-05 | 1
  8,  5 |   1.4951626887254465e-04 |   1.4951626887254465e-04 | 1
  8,  6 |   1.1859505902521526e-03 |   1.1859505902521526e-03 | 1
  8,  7 |  -6.9123322213791784e-04 |  -6.9123322213791784e-04 | 1
  8,  8 |   1.7015959709094320e-03 |   1.7015959709094320e-03 | 1
  8,  9 |   1.7711441873982864e-04 |   1.7711441873982864e-04 | 1
  8, 10 |  -1.0848094063018482e-04 |  -1.0848094063018482e-04 | 1
  8, 11 |  -4.7986763833415797e-04 |  -4.7986763833415797e-04 | 1
  8, 12 |  -4.6611258422200923e-04 |  -4.6611258422200923e-04 | 1
  8, 13 |   2.4103069365853473e-04 |   2.4103069365853473e-04 | 1
  8, 14 |  -3.3725683551720162e-04 |  -3.3725683551720162e-04 | 1
  8, 15 |   2.0792911501982280e-03 |   2.0792911501982280e-03 | 1
  8, 16 |  -3.4507753640865556e-04 |  -3.4507753640865556e-04 | 1
  8, 17 |  -1.0680075459210204e-05 |  -1.0680075459210204e-05 | 1
  8, 18 |  -6.5597078062724208e-06 |  -6.5597078062724208e-06 | 1
  8, 19 |   4.2170145549677729e-06 |   4.2170145549677729e-06 | 1
  8, 20 |  -5.9362727634221192e-05 |  -5.9362727634221192e-05 | 1
  8, 21 |   0.0000000000000000e+00 |   0.0000000000000000e+00 | 1
  9,  1 |   4.9019822731714373e-05 |   4.9019822731714373e-05 | 1
  9,  2 |   6.8783217260673341e-05 |   6.8783217260673341e-05 | 1
  9,  3 |   7.8777055815434273e-05 |   7.8777055815434273e-05 | 1
  9,  4 |   8.8037218912148362e-05 |   8.8037218912148362e-05 | 1
  9,  5 |   1.0625648906454499e-04 |   1.0625648906454499e-04 | 1
  9,  6 |   3.8490830909302038e-04 |   3.8490830909302038e-04 | 1
  9,  7 |   2.2409096816855299e-05 |   2.2409096816855299e-05 | 1
  9,  8 |   1.7711441873982864e-04 |   1.7711441873982864e-04 | 1
  9,  9 |   1.7136959741535632e-02 |   1.7136959741535632e-02 | 1
  9, 10 |   9.3123385599917606e-05 |   9.3123385599917606e-05 | 1
  9, 11 |   2.9902051237512239e-05 |   2.9902051237512239e-05 | 1
  9, 12 |   6.3631529505282504e-05 |   6.3631529505282504e-05 | 1
  9, 13 |   1.7283939820522296e-04 |   1.7283939820522296e-04 | 1
  9, 14 |  -1.5817798136594374e-04 |  -1.5817798136594374e-04 | 1
  9, 15 |   3.1775161452043390e-04 |   3.1775161452043390e-04 | 1
  9, 16 |   1.0800328696108401e-04 |   1.0800328696108401e-04 | 1
  9, 17 |  -2.3335620321183823e-05 |  -2.3335620321183823e-05 | 1
  9, 18 |  -8.3872264972478433e-06 |  -8.3872264972478433e-06 | 1
  9, 19 |  -1.7741371058710361e-05 |  -1.7741371058710361e-05 | 1
  9, 20 |  -7.1379398016696189e-05 |  -7.1379398016696189e-05 | 1
  9, 21 |   0.0000000000000000e+00 |   0.0000000000000000e+00 | 1
 10,  1 |   4.8088742293895836e-05 |   4.8088742293895836e-05 | 1
 10,  2 |   6.6285463634135105e-05 |   6.6285463634135105e-05 | 1
 10,  3 |   2.2487817493217484e-04 |   2.2487817493217484e-04 | 1
 10,  4 |   2.1408905678013467e-04 |   2.1408905678013467e-04 | 1
 10,  5 |   1.0061925603692794e-04 |   1.0061925603692794e-04 | 1
 10,  6 |  -6.4879883964249986e-04 |  -6.4879883964249986e-04 | 1
 10,  7 |   1.4490291483010200e-03 |   1.4490291483010200e-03 | 1
 10,  8 |  -1.0848094063018482e-04 |  -1.0848094063018482e-04 | 1
 10,  9 |   9.3123385599917606e-05 |   9.3123385599917606e-05 | 1
 10, 10 |   3.2710539440374234e-02 |   3.2710539440374234e-02 | 1
 10, 11 |   9.4412821148326430e-04 |   9.4412821148326430e-04 | 1
 10, 12 |   1.1158884138633520e-03 |   1.1158884138633520e-03 | 1
 10, 13 |   2.6006986831836120e-04 |   2.6006986831836120e-04 | 1
 10, 14 |  -1.4132490242813850e-04 |  -1.4132490242813850e-04 | 1
 10, 15 |  -2.4547861575131627e-03 |  -2.4547861575131627e-03 | 1
 10, 16 |   1.0860330049288669e-03 |   1.0860330049288669e-03 | 1
 10, 17 |  -3.9770085679189377e-05 |  -3.9770085679189377e-05 | 1
 10, 18 |  -3.3060752652606687e-05 |  -3.3060752652606687e-05 | 1
 10, 19 |  -3.1858956072572503e-05 |  -3.1858956072572503e-05 | 1
 10, 20 |  -4.3391107742800350e-05 |  -4.3391107742800350e-05 | 1
 10, 21 |   0.0000000000000000e+00 |   0.0000000000000000e+00 | 1
 11,  1 |   6.5035920834547519e-05 |   6.5035920834547519e-05 | 1
 11,  2 |   5.9772765463823670e-05 |   5.9772765463823670e-05 | 1
 11,  3 |   3.3848142298907076e-04 |   3.3848142298907076e-04 | 1
 11,  4 |   3.0359581667161362e-04 |   3.0359581667161362e-04 | 1
 11,  5 |   5.8069199971300555e-05 |   5.8069199971300555e-05 | 1
 11,  6 |  -1.8437431997135759e-03 |  -1.8437431997135759e-03 | 1
 11,  7 |   2.7176180953533305e-03 |   2.7176180953533305e-03 | 1
 11,  8 |  -4.7986763833415797e-04 |  -4.7986763833415797e-04 | 1
 11,  9 |   2.9902051237512239e-05 |   2.9902051237512239e-05 | 1
 11, 10 |   9.4412821148326430e-04 |   9.4412821148326430e-04 | 1
 11, 11 |   4.1043965598234054e-02 |   4.1043965598234054e-02 | 1
 11, 12 |   2.0505136232602875e-03 |   2.0505136232602875e-03 | 1
 11, 13 |   2.3532582305459731e-04 |   2.3532582305459731e-04 | 1
 11, 14 |   4.0496772785003063e-05 |   4.0496772785003063e-05 | 1
 11, 15 |  -5.2770552328922186e-03 |  -5.2770552328922186e-03 | 1
 11, 16 |   1.9209321699068063e-03 |   1.9209321699068063e-03 | 1
 11, 17 |  -5.4119248345047036e-05 |  -5.4119248345047036e-05 | 1
 11, 18 |  -5.9105544501278075e-05 |  -5.9105544501278075e-05 | 1
 11, 19 |  -3.3473098246206793e-05 |  -3.3473098246206793e-05 | 1
 11, 20 |  -5.8154564241259197e-05 |  -5.8154564241259197e-05 | 1
 11, 21 |   0.0000000000000000e+00 |   0.0000000000000000e+00 | 1
 12,  1 |   4.8273807111117473e-05 |   4.8273807111117473e-05 | 1
 12,  2 |   6.1717333888806759e-05 |   6.1717333888806759e-05 | 1
 12,  3 |   3.9438662895983868e-04 |   3.9438662895983868e-04 | 1
 12,  4 |   3.6486953800327310e-04 |   3.6486953800327310e-04 | 1
 12,  5 |   8.4835511405761336e-05 |   8.4835511405761336e-05 | 1
 12,  6 |  -1.9229657401964848e-03 |  -1.9229657401964848e-03 | 1
 12,  7 |   3.1476132474572817e-03 |   3.1476132474572817e-03 | 1
 12,  8 |  -4.6611258422200923e-04 |  -4.6611258422200923e-04 | 1
 12,  9 |   6.3631529505282504e-05 |   6.3631529505282504e-05 | 1
 12, 10 |   1.1158884138633520e-03 |   1.1158884138633520e-03 | 1
 12, 11 |   2.0505136232602875e-03 |   2.0505136232602875e-03 | 1
 12, 12 |   8.2692110838594474e-03 |   8.2692110838594474e-03 | 1
 12, 13 |   3.5563996608408473e-04 |   3.5563996608408473e-04 | 1
 12, 14 |  -9.9066154826427208e-05 |  -9.9066154826427208e-05 | 1
 12, 15 |  -5.8573520600949218e-03 |  -5.8573520600949218e-03 | 1
 12, 16 |   2.2654474469159308e-03 |   2.2654474469159308e-03 | 1
 12, 17 |  -3.9580054739418453e-05 |  -3.9580054739418453e-05 | 1
 12, 18 |  -3.3085918135334429e-05 |  -3.3085918135334429e-05 | 1
 12, 19 |  -2.4450329635356898e-05 |  -2.4450329635356898e-05 | 1
 12, 20 |  -4.7966040621061813e-05 |  -4.7966040621061813e-05 | 1
 12, 21 |   0.0000000000000000e+00 |   0.0000000000000000e+00 | 1
 13,  1 |   4.2798086219712907e-05 |   4.2798086219712907e-05 | 1
 13,  2 |   8.7574975323246617e-05 |   8.7574975323246617e-05 | 1
 13,  3 |   1.4595159799277711e-04 |   1.4595159799277711e-04 | 1
 13,  4 |   1.6007642174786779e-04 |   1.6007642174786779e-04 | 1
 13,  5 |   1.5634359730294932e-04 |   1.5634359730294932e-04 | 1
 13,  6 |   4.2414217752737308e-04 |   4.2414217752737308e-04 | 1
 13,  7 |   3.9847428936538740e-04 |   3.9847428936538740e-04 | 1
 13,  8 |   2.4103069365853473e-04 |   2.4103069365853473e-04 | 1
 13,  9 |   1.7283939820522296e-04 |   1.7283939820522296e-04 | 1
 13, 10 |   2.6006986831836120e-04 |   2.6006986831836120e-04 | 1
 13, 11 |   2.3532582305459731e-04 |   2.3532582305459731e-04 | 1
 13, 12 |   3.5563996608408473e-04 |   3.5563996608408473e-04 | 1
 13, 13 |   8.1509672974557044e-03 |   8.1509672974557044e-03 | 1
 13, 14 |  -3.3059803399935008e-04 |  -3.3059803399935008e-04 | 1
 13, 15 |  -5.1830560523998429e-05 |  -5.1830560523998429e-05 | 1
 13, 16 |   4.2317937250607371e-04 |   4.2317937250607371e-04 | 1
 13, 17 |  -1.3943009579515261e-05 |  -1.3943009579515261e-05 | 1
 13, 18 |  -1.2215156961986422e-05 |  -1.2215156961986422e-05 | 1
 13, 19 |  -2.0092223794467397e-06 |  -2.0092223794467397e-06 | 1
 13, 20 |  -6.8906449202661620e-05 |  -6.8906449202661620e-05 | 1
 13, 21 |   0.0000000000000000e+00 |   0.0000000000000000e+00 | 1
 14,  1 |   1.0955037870052391e-05 |   1.0955037870052391e-05 | 1
 14,  2 |  -1.3386913869350522e-04 |  -1.3386913869350522e-04 | 1
 14,  3 |  -8.2201838767425084e-05 |  -8.2201838767425084e-05 | 1
 14,  4 |  -1.0889848497881075e-04 |  -1.0889848497881075e-04 | 1
 14,  5 |  -1.3296609307250629e-04 |  -1.3296609307250629e-04 | 1
 14,  6 |  -7.4481891520837410e-04 |  -7.4481891520837410e-04 | 1
 14,  7 |  -8.2353104946496361e-05 |  -8.2353104946496361e-05 | 1
 14,  8 |  -3.3725683551720162e-04 |  -3.3725683551720162e-04 | 1
 14,  9 |  -1.5817798136594374e-04 |  -1.5817798136594374e-04 | 1
 14, 10 |  -1.4132490242813850e-04 |  -1.4132490242813850e-04 | 1
 14, 11 |   4.0496772785003063e-05 |   4.0496772785003063e-05 | 1
 14, 12 |  -9.9066154826427208e-05 |  -9.9066154826427208e-05 | 1
 14, 13 |  -3.3059803399935008e-04 |  -3.3059803399935008e-04 | 1
 14, 14 |   4.5295134446058331e-04 |   4.5295134446058331e-04 | 1
 14, 15 |  -7.6636278340955232e-04 |  -7.6636278340955232e-04 | 1
 14, 16 |  -1.9935592887707128e-04 |  -1.9935592887707128e-04 | 1
 14, 17 |  -8.0466954852011178e-06 |  -8.0466954852011178e-06 | 1
 14, 18 |  -1.5156864125992162e-05 |  -1.5156864125992162e-05 | 1
 14, 19 |  -2.8070435421579910e-05 |  -2.8070435421579910e-05 | 1
 14, 20 |  -4.6257782491996500e-08 |  -4.6257782491996500e-08 | 1
 14, 21 |   0.0000000000000000e+00 |   0.0000000000000000e+00 | 1
 15,  1 |  -4.8540884897731804e-05 |  -4.8540884897731804e-05 | 1
 15,  2 |   5.7161553497289753e-05 |   5.7161553497289753e-05 | 1
 15,  3 |  -7.2587749643440768e-04 |  -7.2587749643440768e-04 | 1
 15,  4 |  -5.9533835165331850e-04 |  -5.9533835165331850e-04 | 1
 15,  5 |   2.0534737638484862e-04 |   2.0534737638484862e-04 | 1
 15,  6 |   6.8664842895019441e-03 |   6.8664842895019441e-03 | 1
 15,  7 |  -7.8929044492188384e-03 |  -7.8929044492188384e-03 | 1
 15,  8 |   2.0792911501982280e-03 |   2.0792911501982280e-03 | 1
 15,  9 |   3.1775161452043390e-04 |   3.1775161452043390e-04 | 1
 15, 10 |  -2.4547861575131627e-03 |  -2.4547861575131627e-03 | 1
 15, 11 |  -5.2770552328922186e-03 |  -5.2770552328922186e-03 | 1
 15, 12 |  -5.8573520600949218e-03 |  -5.8573520600949218e-03 | 1
 15, 13 |  -5.1830560523998429e-05 |  -5.1830560523998429e-05 | 1
 15, 14 |  -7.6636278340955232e-04 |  -7.6636278340955232e-04 | 1
 15, 15 |   1.6902627147702826e-02 |   1.6902627147702826e-02 | 1
 15, 16 |  -5.2970388497516228e-03 |  -5.2970388497516228e-03 | 1
 15, 17 |   6.0902232830775832e-05 |   6.0902232830775832e-05 | 1
 15, 18 |   6.2757221269533494e-05 |   6.2757221269533494e-05 | 1
 15, 19 |   6.9962160318189217e-05 |   6.9962160318189217e-05 | 1
 15, 20 |   7.9452646982404917e-06 |   7.9452646982404917e-06 | 1
 15, 21 |   0.0000000000000000e+00 |   0.0000000000000000e+00 | 1
 16,  1 |   5.2217173535639138e-05 |   5.2217173535639138e-05 | 1
 16,  2 |   7.8986378907266300e-05 |   7.8986378907266300e-05 | 1
 16,  3 |   3.9832582004982377e-04 |   3.9832582004982377e-04 | 1
 16,  4 |   3.7650199179080455e-04 |   3.7650199179080455e-04 | 1
 16,  5 |   1.2178090766287103e-04 |   1.2178090766287103e-04 | 1
 16,  6 |  -1.6022868869606491e-03 |  -1.6022868869606491e-03 | 1
 16,  7 |   2.9663856582597546e-03 |   2.9663856582597546e-03 | 1
 16,  8 |  -3.4507753640865556e-04 |  -3.4507753640865556e-04 | 1
 16,  9 |   1.0800328696108401e-04 |   1.0800328696108401e-04 | 1
 16, 10 |   1.0860330049288669e-03 |   1.0860330049288669e-03 | 1
 16, 11 |   1.9209321699068063e-03 |   1.9209321699068063e-03 | 1
 16, 12 |   2.2654474469159308e-03 |   2.2654474469159308e-03 | 1
 16, 13 |   4.2317937250607371e-04 |   4.2317937250607371e-04 | 1
 16, 14 |  -1.9935592887707128e-04 |  -1.9935592887707128e-04 | 1
 16, 15 |  -5.2970388497516228e-03 |  -5.2970388497516228e-03 | 1
 16, 16 |   2.2693636241355179e-03 |   2.2693636241355179e-03 | 1
 16, 17 |  -3.5363645563425559e-05 |  -3.5363645563425559e-05 | 1
 16, 18 |  -3.1281931250578767e-05 |  -3.1281931250578767e-05 | 1
 16, 19 |  -2.0038489542368381e-05 |  -2.0038489542368381e-05 | 1
 16, 20 |  -6.0294523411570056e-05 |  -6.0294523411570056e-05 | 1
 16, 21 |   0.0000000000000000e+00 |   0.0000000000000000e+00 | 1
 17,  1 |  -2.5712036255248058e-05 |  -2.5712036255248058e-05 | 1
 17,  2 |  -2.6366140334115196e-05 |  -2.6366140334115196e-05 | 1
 17,  3 |  -3.1738926466636773e-05 |  -3.1738926466636773e-05 | 1
 17,  4 |  -2.5893467147741799e-05 |  -2.5893467147741799e-05 | 1
 17,  5 |  -3.2863173094687049e-05 |  -3.2863173094687049e-05 | 1
 17,  6 |  -8.6357408403053597e-06 |  -8.6357408403053597e-06 | 1
 17,  7 |  -6.1696648436169627e-05 |  -6.1696648436169627e-05 | 1
 17,  8 |  -1.0680075459210204e-05 |  -1.0680075459210204e-05 | 1
 17,  9 |  -2.3335620321183823e-05 |  -2.3335620321183823e-05 | 1
 17, 10 |  -3.9770085679189377e-05 |  -3.9770085679189377e-05 | 1
 17, 11 |  -5.4119248345047036e-05 |  -5.4119248345047036e-05 | 1
 17, 12 |  -3.9580054739418453e-05 |  -3.9580054739418453e-05 | 1
 17, 13 |  -1.3943009579515261e-05 |  -1.3943009579515261e-05 | 1
 17, 14 |  -8.0466954852011178e-06 |  -8.0466954852011178e-06 | 1
 17, 15 |   6.0902232830775832e-05 |   6.0902232830775832e-05 | 1
 17, 16 |  -3.5363645563425559e-05 |  -3.5363645563425559e-05 | 1
 17, 17 |   4.9796723472758029e-05 |   4.9796723472758029e-05 | 1
 17, 18 |   2.6492168962685578e-05 |   2.6492168962685578e-05 | 1
 17, 19 |   2.6198553627677704e-05 |   2.6198553627677704e-05 | 1
 17, 20 |   2.4531536782777158e-07 |   2.4531536782777158e-07 | 1
 17, 21 |   0.0000000000000000e+00 |   0.0000000000000000e+00 | 1
 18,  1 |  -2.3810701722670271e-05 |  -2.3810701722670271e-05 | 1
 18,  2 |  -2.0197129186664353e-05 |  -2.0197129186664353e-05 | 1
 18,  3 |  -3.1332730367939662e-05 |  -3.1332730367939662e-05 | 1
 18,  4 |  -2.0538672339748470e-05 |  -2.0538672339748470e-05 | 1
 18,  5 |  -3.5880748068540986e-05 |  -3.5880748068540986e-05 | 1
 18,  6 |   1.0293032255893585e-05 |   1.0293032255893585e-05 | 1
 18,  7 |  -5.9628555689917359e-05 |  -5.9628555689917359e-05 | 1
 18,  8 |  -6.5597078062724208e-06 |  -6.5597078062724208e-06 | 1
 18,  9 |  -8.3872264972478433e-06 |  -8.3872264972478433e-06 | 1
 18, 10 |  -3.3060752652606687e-05 |  -3.3060752652606687e-05 | 1
 18, 11 |  -5.9105544501278075e-05 |  -5.9105544501278075e-05 | 1
 18, 12 |  -3.3085918135334429e-05 |  -3.3085918135334429e-05 | 1
 18, 13 |  -1.2215156961986422e-05 |  -1.2215156961986422e-05 | 1
 18, 14 |  -1.5156864125992162e-05 |  -1.5156864125992162e-05 | 1
 18, 15 |   6.2757221269533494e-05 |   6.2757221269533494e-05 | 1
 18, 16 |  -3.1281931250578767e-05 |  -3.1281931250578767e-05 | 1
 18, 17 |   2.6492168962685578e-05 |   2.6492168962685578e-05 | 1
 18, 18 |   5.7490086925869287e-05 |   5.7490086925869287e-05 | 1
 18, 19 |   3.0721685508027682e-05 |   3.0721685508027682e-05 | 1
 18, 20 |  -3.0319039884874503e-07 |  -3.0319039884874503e-07 | 1
 18, 21 |   0.0000000000000000e+00 |   0.0000000000000000e+00 | 1
 19,  1 |  -2.5244645533329208e-05 |  -2.5244645533329208e-05 | 1
 19,  2 |  -1.8556330153598664e-05 |  -1.8556330153598664e-05 | 1
 19,  3 |  -2.4082117358810499e-05 |  -2.4082117358810499e-05 | 1
 19,  4 |  -1.8209207317530433e-05 |  -1.8209207317530433e-05 | 1
 19,  5 |  -2.7998298561876731e-05 |  -2.7998298561876731e-05 | 1
 19,  6 |   1.3115759486158529e-05 |   1.3115759486158529e-05 | 1
 19,  7 |  -3.4090150606170595e-05 |  -3.4090150606170595e-05 | 1
 19,  8 |   4.2170145549677729e-06 |   4.2170145549677729e-06 | 1
 19,  9 |  -1.7741371058710361e-05 |  -1.7741371058710361e-05 | 1
 19, 10 |  -3.1858956072572503e-05 |  -3.1858956072572503e-05 | 1
 19, 11 |  -3.3473098246206793e-05 |  -3.3473098246206793e-05 | 1
 19, 12 |  -2.4450329635356898e-05 |  -2.4450329635356898e-05 | 1
 19, 13 |  -2.0092223794467397e-06 |  -2.0092223794467397e-06 | 1
 19, 14 |  -2.8070435421579910e-05 |  -2.8070435421579910e-05 | 1
 19, 15 |   6.9962160318189217e-05 |   6.9962160318189217e-05 | 1
 19, 16 |  -2.0038489542368381e-05 |  -2.0038489542368381e-05 | 1
 19, 17 |   2.6198553627677704e-05 |   2.6198553627677704e-05 | 1
 19, 18 |   3.0721685508027682e-05 |   3.0721685508027682e-05 | 1
 19, 19 |   5.6469699192274314e-05 |   5.6469699192274314e-05 | 1
 19, 20 |  -4.7254239056020161e-07 |  -4.7254239056020161e-07 | 1
 19, 21 |   0.0000000000000000e+00 |   0.0000000000000000e+00 | 1
 20,  1 |  -5.6474916906854277e-05 |  -5.6474916906854277e-05 | 1
 20,  2 |  -5.4335265711504341e-05 |  -5.4335265711504341e-05 | 1
 20,  3 |  -5.0835088523837712e-05 |  -5.0835088523837712e-05 | 1
 20,  4 |  -5.3013208265804026e-05 |  -5.3013208265804026e-05 | 1
 20,  5 |  -5.1901385824175319e-05 |  -5.1901385824175319e-05 | 1
 20,  6 |  -1.0987388888395017e-04 |  -1.0987388888395017e-04 | 1
 20,  7 |   2.0103642867266049e-06 |   2.0103642867266049e-06 | 1
 20,  8 |  -5.9362727634221192e-05 |  -5.9362727634221192e-05 | 1
 20,  9 |  -7.1379398016696189e-05 |  -7.1379398016696189e-05 | 1
 20, 10 |  -4.3391107742800350e-05 |  -4.3391107742800350e-05 | 1
 20, 11 |  -5.8154564241259197e-05 |  -5.8154564241259197e-05 | 1
 20, 12 |  -4.7966040621061813e-05 |  -4.7966040621061813e-05 | 1
 20, 13 |  -6.8906449202661620e-05 |  -6.8906449202661620e-05 | 1
 20, 14 |  -4.6257782491996500e-08 |  -4.6257782491996500e-08 | 1
 20, 15 |   7.9452646982404917e-06 |   7.9452646982404917e-06 | 1
 20, 16 |  -6.0294523411570056e-05 |  -6.0294523411570056e-05 | 1
 20, 17 |   2.4531536782777158e-07 |   2.4531536782777158e-07 | 1
 20, 18 |  -3.0319039884874503e-07 |  -3.0319039884874503e-07 | 1
 20, 19 |  -4.7254239056020161e-07 |  -4.7254239056020161e-07 | 1
 20, 20 |   1.0706622140024281e-04 |   1.0706622140024281e-04 | 1
 20, 21 |   0.0000000000000000e+00 |   0.0000000000000000e+00 | 1
 21,  1 |   0.0000000000000000e+00 |   0.0000000000000000e+00 | 1
 21,  2 |   0.0000000000000000e+00 |   0.0000000000000000e+00 | 1
 21,  3 |   0.0000000000000000e+00 |   0.0000000000000000e+00 | 1
 21,  4 |   0.0000000000000000e+00 |   0.0000000000000000e+00 | 1
 21,  5 |   0.0000000000000000e+00 |   0.0000000000000000e+00 | 1
 21,  6 |   0.0000000000000000e+00 |   0.0000000000000000e+00 | 1
 21,  7 |   0.0000000000000000e+00 |   0.0000000000000000e+00 | 1
 21,  8 |   0.0000000000000000e+00 |   0.0000000000000000e+00 | 1
 21,  9 |   0.0000000000000000e+00 |   0.0000000000000000e+00 | 1
 21, 10 |   0.0000000000000000e+00 |   0.0000000000000000e+00 | 1
 21, 11 |   0.0000000000000000e+00 |   0.0000000000000000e+00 | 1
 21, 12 |   0.0000000000000000e+00 |   0.0000000000000000e+00 | 1
 21, 13 |   0.0000000000000000e+00 |   0.0000000000000000e+00 | 1
 21, 14 |   0.0000000000000000e+00 |   0.0000000000000000e+00 | 1
 21, 15 |   0.0000000000000000e+00 |   0.0000000000000000e+00 | 1
 21, 16 |   0.0000000000000000e+00 |   0.0000000000000000e+00 | 1
 21, 17 |   0.0000000000000000e+00 |   0.0000000000000000e+00 | 1
 21, 18 |   0.0000000000000000e+00 |   0.0000000000000000e+00 | 1
 21, 19 |   0.0000000000000000e+00 |   0.0000000000000000e+00 | 1
 21, 20 |   0.0000000000000000e+00 |   0.0000000000000000e+00 | 1
 21, 21 |   0.0000000000000000e+00 |   0.0000000000000000e+00 | 1
