row,col | V_base                   | V_new                    | equal
  1,  1 |   6.5467972975076825e-05 |   6.5467972975076825e-05 | 1
  1,  2 |   8.8597857342066968e-06 |   8.8597857342066968e-06 | 1
  1,  3 |  -2.7886207233711132e-05 |  -2.7886207233711132e-05 | 1
  1,  4 |   5.6626027823652964e-06 |   5.6626027823652964e-06 | 1
  1,  5 |   3.8187939716036572e-05 |   3.8187939716036572e-05 | 1
  1,  6 |   1.5756990734902974e-05 |   1.5756990734902974e-05 | 1
  1,  7 |   2.0411407887123415e-05 |   2.0411407887123415e-05 | 1
  1,  8 |   6.8533799198447163e-06 |   6.8533799198447163e-06 | 1
  1,  9 |  -3.6994001107140643e-05 |  -3.6994001107140643e-05 | 1
  1, 10 |   7.4847298233779181e-05 |   7.4847298233779181e-05 | 1
  1, 11 |  -2.1041531759232293e-05 |  -2.1041531759232293e-05 | 1
  1, 12 |  -2.3220078232568262e-05 |  -2.3220078232568262e-05 | 1
  1, 13 |   2.0134229602939763e-05 |   2.0134229602939763e-05 | 1
  1, 14 |  -6.2816179481773903e-06 |  -6.2816179481773903e-06 | 1
  2,  1 |   8.8597857342066968e-06 |   8.8597857342066968e-06 | 1
  2,  2 |   6.7540079429558389e-04 |   6.7540079429558389e-04 | 1
  2,  3 |  -7.9604941839021338e-04 |  -7.9604941839021338e-04 | 1
  2,  4 |  -3.3773159614056811e-05 |  -3.3773159614056811e-05 | 1
  2,  5 |   1.1082941154911090e-04 |   1.1082941154911090e-04 | 1
  2,  6 |  -8.0366790833465187e-06 |  -8.0366790833465187e-06 | 1
  2,  7 |   1.0072778382999797e-05 |   1.0072778382999797e-05 | 1
  2,  8 |  -2.1789925901077289e-04 |  -2.1789925901077289e-04 | 1
  2,  9 |  -4.3761565786220495e-04 |  -4.3761565786220495e-04 | 1
  2, 10 |   5.0366937175210067e-04 |   5.0366937175210067e-04 | 1
  2, 11 |  -1.8338948735443790e-05 |  -1.8338948735443790e-05 | 1
  2, 12 |  -7.9731432972690717e-06 |  -7.9731432972690717e-06 | 1
  2, 13 |   1.3259643744954295e-05 |   1.3259643744954295e-05 | 1
  2, 14 |   2.1604253769654777e-04 |   2.1604253769654777e-04 | 1
  3,  1 |  -2.7886207233711132e-05 |  -2.7886207233711132e-05 | 1
  3,  2 |  -7.9604941839021338e-04 |  -7.9604941839021338e-04 | 1
  3,  3 |   2.1885751119021045e-02 |   2.1885751119021045e-02 | 1
  3,  4 |   6.2952754172658639e-04 |   6.2952754172658639e-04 | 1
  3,  5 |  -1.3529363636965086e-03 |  -1.3529363636965086e-03 | 1
  3,  6 |   1.1697773445825117e-03 |   1.1697773445825117e-03 | 1
  3,  7 |  -6.7482832753634227e-05 |  -6.7482832753634227e-05 | 1
  3,  8 |  -1.8738002946330086e-03 |  -1.8738002946330086e-03 | 1
  3,  9 |   1.3232079505185623e-02 |   1.3232079505185623e-02 | 1
  3, 10 |  -1.8094508056251304e-02 |  -1.8094508056251304e-02 | 1
  3, 11 |  -2.3842120860579489e-05 |  -2.3842120860579489e-05 | 1
  3, 12 |   1.2706026137431354e-04 |   1.2706026137431354e-04 | 1
  3, 13 |  -3.2989930627804764e-05 |  -3.2989930627804764e-05 | 1
  3, 14 |   1.8508933204064370e-03 |   1.8508933204064370e-03 | 1
  4,  1 |   5.6626027823652964e-06 |   5.6626027823652964e-06 | 1
  4,  2 |  -3.3773159614056811e-05 |  -3.3773159614056811e-05 | 1
  4,  3 |   6.2952754172658639e-04 |   6.2952754172658639e-04 | 1
  4,  4 |   3.0955034818549693e-02 |   3.0955034818549693e-02 | 1
  4,  5 |  -6.7335895753854058e-05 |  -6.7335895753854058e-05 | 1
  4,  6 |   2.7913511704933893e-05 |   2.7913511704933893e-05 | 1
  4,  7 |  -9.0402566044097397e-06 |  -9.0402566044097397e-06 | 1
  4,  8 |  -9.5418718330686573e-05 |  -9.5418718330686573e-05 | 1
  4,  9 |   2.8260764049059685e-04 |   2.8260764049059685e-04 | 1
  4, 10 |  -2.3873224297117391e-04 |  -2.3873224297117391e-04 | 1
  4, 11 |  -1.5424172109416183e-05 |  -1.5424172109416183e-05 | 1
  4, 12 |  -2.2467737882533192e-06 |  -2.2467737882533192e-06 | 1
  4, 13 |   8.7433452149519046e-06 |   8.7433452149519046e-06 | 1
  4, 14 |   9.5431154693364714e-05 |   9.5431154693364714e-05 | 1
  5,  1 |   3.8187939716036572e-05 |   3.8187939716036572e-05 | 1
  5,  2 |   1.1082941154911090e-04 |   1.1082941154911090e-04 | 1
  5,  3 |  -1.3529363636965086e-03 |  -1.3529363636965086e-03 | 1
  5,  4 |  -6.7335895753854058e-05 |  -6.7335895753854058e-05 | 1
  5,  5 |   1.3517549816132511e-02 |   1.3517549816132511e-02 | 1
  5,  6 |   1.5095574984679710e-05 |   1.5095574984679710e-05 | 1
  5,  7 |   6.8808473782948864e-05 |   6.8808473782948864e-05 | 1
  5,  8 |   1.9936898989902566e-04 |   1.9936898989902566e-04 | 1
  5,  9 |  -7.3248469220337528e-04 |  -7.3248469220337528e-04 | 1
  5, 10 |   8.2369306324851907e-04 |   8.2369306324851907e-04 | 1
  5, 11 |  -5.9499353869586033e-05 |  -5.9499353869586033e-05 | 1
  5, 12 |  -6.1016657552143187e-05 |  -6.1016657552143187e-05 | 1
  5, 13 |   5.4780687699617312e-05 |   5.4780687699617312e-05 | 1
  5, 14 |  -1.9718588373348608e-04 |  -1.9718588373348608e-04 | 1
  6,  1 |   1.5756990734902974e-05 |   1.5756990734902974e-05 | 1
  6,  2 |  -8.0366790833465187e-06 |  -8.0366790833465187e-06 | 1
  6,  3 |   1.1697773445825117e-03 |   1.1697773445825117e-03 | 1
  6,  4 |   2.7913511704933893e-05 |   2.7913511704933893e-05 | 1
  6,  5 |   1.5095574984679710e-05 |   1.5095574984679710e-05 | 1
  6,  6 |   8.9203773136685496e-03 |   8.9203773136685496e-03 | 1
  6,  7 |   1.6734507798912700e-05 |   1.6734507798912700e-05 | 1
  6,  8 |  -6.5219317376612933e-05 |  -6.5219317376612933e-05 | 1
  6,  9 |   7.4354363620244223e-04 |   7.4354363620244223e-04 | 1
  6, 10 |  -1.0966564547319614e-03 |  -1.0966564547319614e-03 | 1
  6, 11 |  -3.5195013540032957e-05 |  -3.5195013540032957e-05 | 1
  6, 12 |  -1.1805615483834934e-05 |  -1.1805615483834934e-05 | 1
  6, 13 |   2.3967648547937565e-05 |   2.3967648547937565e-05 | 1
  6, 14 |   6.1941298891035357e-05 |   6.1941298891035357e-05 | 1
  7,  1 |   2.0411407887123415e-05 |   2.0411407887123415e-05 | 1
  7,  2 |   1.0072778382999797e-05 |   1.0072778382999797e-05 | 1
  7,  3 |  -6.7482832753634227e-05 |  -6.7482832753634227e-05 | 1
  7,  4 |  -9.0402566044097397e-06 |  -9.0402566044097397e-06 | 1
  7,  5 |   6.8808473782948864e-05 |   6.8808473782948864e-05 | 1
  7,  6 |   1.6734507798912700e-05 |   1.6734507798912700e-05 | 1
  7,  7 |   6.9141124077310974e-04 |   6.9141124077310974e-04 | 1
  7,  8 |   3.3565263886944910e-05 |   3.3565263886944910e-05 | 1
  7,  9 |  -2.2927452595240131e-05 |  -2.2927452595240131e-05 | 1
  7, 10 |   1.3208710844223553e-05 |   1.3208710844223553e-05 | 1
  7, 11 |  -2.0245653243427301e-05 |  -2.0245653243427301e-05 | 1
  7, 12 |  -4.6313432414666359e-05 |  -4.6313432414666359e-05 | 1
  7, 13 |   2.8163611880440000e-05 |   2.8163611880440000e-05 | 1
  7, 14 |  -2.9481514998672205e-05 |  -2.9481514998672205e-05 | 1
  8,  1 |   6.8533799198447163e-06 |   6.8533799198447163e-06 | 1
  8,  2 |  -2.1789925901077289e-04 |  -2.1789925901077289e-04 | 1
  8,  3 |  -1.8738002946330086e-03 |  -1.8738002946330086e-03 | 1
  8,  4 |  -9.5418718330686573e-05 |  -9.5418718330686573e-05 | 1
  8,  5 |   1.9936898989902566e-04 |   1.9936898989902566e-04 | 1
  8,  6 |  -6.5219317376612933e-05 |  -6.5219317376612933e-05 | 1
  8,  7 |   3.3565263886944910e-05 |   3.3565263886944910e-05 | 1
  8,  8 |   3.9494805691181727e-04 |   3.9494805691181727e-04 | 1
  8,  9 |  -1.0018995833489691e-03 |  -1.0018995833489691e-03 | 1
  8, 10 |   1.1561052351698156e-03 |   1.1561052351698156e-03 | 1
  8, 11 |  -2.6471004543504088e-06 |  -2.6471004543504088e-06 | 1
  8, 12 |  -2.0669708292610122e-05 |  -2.0669708292610122e-05 | 1
  8, 13 |   8.9989914031516180e-06 |   8.9989914031516180e-06 | 1
  8, 14 |  -3.9218476031852815e-04 |  -3.9218476031852815e-04 | 1
  9,  1 |  -3.6994001107140643e-05 |  -3.6994001107140643e-05 | 1
  9,  2 |  -4.3761565786220495e-04 |  -4.3761565786220495e-04 | 1
  9,  3 |   1.3232079505185623e-02 |   1.3232079505185623e-02 | 1
  9,  4 |   2.8260764049059685e-04 |   2.8260764049059685e-04 | 1
  9,  5 |  -7.3248469220337528e-04 |  -7.3248469220337528e-04 | 1
  9,  6 |   7.4354363620244223e-04 |   7.4354363620244223e-04 | 1
  9,  7 |  -2.2927452595240131e-05 |  -2.2927452595240131e-05 | 1
  9,  8 |  -1.0018995833489691e-03 |  -1.0018995833489691e-03 | 1
  9,  9 |   8.3047777326409177e-03 |   8.3047777326409177e-03 | 1
  9, 10 |  -1.1826616795895722e-02 |  -1.1826616795895722e-02 | 1
  9, 11 |   2.2246720317658663e-05 |   2.2246720317658663e-05 | 1
  9, 12 |   1.0138432647676103e-04 |   1.0138432647676103e-04 | 1
  9, 13 |  -4.9506402945915048e-05 |  -4.9506402945915048e-05 | 1
  9, 14 |   9.9021999122903361e-04 |   9.9021999122903361e-04 | 1
 10,  1 |   7.4847298233779181e-05 |   7.4847298233779181e-05 | 1
 10,  2 |   5.0366937175210067e-04 |   5.0366937175210067e-04 | 1
 10,  3 |  -1.8094508056251304e-02 |  -1.8094508056251304e-02 | 1
 10,  4 |  -2.3873224297117391e-04 |  -2.3873224297117391e-04 | 1
 10,  5 |   8.2369306324851907e-04 |   8.2369306324851907e-04 | 1
 10,  6 |  -1.0966564547319614e-03 |  -1.0966564547319614e-03 | 1
 10,  7 |   1.3208710844223553e-05 |   1.3208710844223553e-05 | 1
 10,  8 |   1.1561052351698156e-03 |   1.1561052351698156e-03 | 1
 10,  9 |  -1.1826616795895722e-02 |  -1.1826616795895722e-02 | 1
 10, 10 |   1.8377603091715992e-02 |   1.8377603091715992e-02 | 1
 10, 11 |  -6.3025644464669700e-05 |  -6.3025644464669700e-05 | 1
 10, 12 |  -1.8197305460048005e-04 |  -1.8197305460048005e-04 | 1
 10, 13 |   1.0175303646378091e-04 |   1.0175303646378091e-04 | 1
 10, 14 |  -1.1391141663931233e-03 |  -1.1391141663931233e-03 | 1
 11,  1 |  -2.1041531759232293e-05 |  -2.1041531759232293e-05 | 1
 11,  2 |  -1.8338948735443790e-05 |  -1.8338948735443790e-05 | 1
 11,  3 |  -2.3842120860579489e-05 |  -2.3842120860579489e-05 | 1
 11,  4 |  -1.5424172109416183e-05 |  -1.5424172109416183e-05 | 1
 11,  5 |  -5.9499353869586033e-05 |  -5.9499353869586033e-05 | 1
 11,  6 |  -3.5195013540032957e-05 |  -3.5195013540032957e-05 | 1
 11,  7 |  -2.0245653243427301e-05 |  -2.0245653243427301e-05 | 1
 11,  8 |  -2.6471004543504088e-06 |  -2.6471004543504088e-06 | 1
 11,  9 |   2.2246720317658663e-05 |   2.2246720317658663e-05 | 1
 11, 10 |  -6.3025644464669700e-05 |  -6.3025644464669700e-05 | 1
 11, 11 |   3.7540388649649860e-05 |   3.7540388649649860e-05 | 1
 11, 12 |   2.6658438338875127e-05 |   2.6658438338875127e-05 | 1
 11, 13 |  -3.0806964591019116e-05 |  -3.0806964591019116e-05 | 1
 11, 14 |   4.6109898640300740e-06 |   4.6109898640300740e-06 | 1
 12,  1 |  -2.3220078232568262e-05 |  -2.3220078232568262e-05 | 1
 12,  2 |  -7.9731432972690717e-06 |  -7.9731432972690717e-06 | 1
 12,  3 |   1.2706026137431354e-04 |   1.2706026137431354e-04 | 1
 12,  4 |  -2.2467737882533192e-06 |  -2.2467737882533192e-06 | 1
 12,  5 |  -6.1016657552143187e-05 |  -6.1016657552143187e-05 | 1
 12,  6 |  -1.1805615483834934e-05 |  -1.1805615483834934e-05 | 1
 12,  7 |  -4.6313432414666359e-05 |  -4.6313432414666359e-05 | 1
 12,  8 |  -2.0669708292610122e-05 |  -2.0669708292610122e-05 | 1
 12,  9 |   1.0138432647676103e-04 |   1.0138432647676103e-04 | 1
 12, 10 |  -1.8197305460048005e-04 |  -1.8197305460048005e-04 | 1
 12, 11 |   2.6658438338875127e-05 |   2.6658438338875127e-05 | 1
 12, 12 |   4.8020044211106846e-05 |   4.8020044211106846e-05 | 1
 12, 13 |  -3.2240161665710159e-05 |  -3.2240161665710159e-05 | 1
 12, 14 |   1.7184370370556402e-05 |   1.7184370370556402e-05 | 1
 13,  1 |   2.0134229602939763e-05 |   2.0134229602939763e-05 | 1
 13,  2 |   1.3259643744954295e-05 |   1.3259643744954295e-05 | 1
 13,  3 |  -3.2989930627804764e-05 |  -3.2989930627804764e-05 | 1
 13,  4 |   8.7433452149519046e-06 |   8.7433452149519046e-06 | 1
 13,  5 |   5.4780687699617312e-05 |   5.4780687699617312e-05 | 1
 13,  6 |   2.3967648547937565e-05 |   2.3967648547937565e-05 | 1
 13,  7 |   2.8163611880440000e-05 |   2.8163611880440000e-05 | 1
 13,  8 |   8.9989914031516180e-06 |   8.9989914031516180e-06 | 1
 13,  9 |  -4.9506402945915048e-05 |  -4.9506402945915048e-05 | 1
 13, 10 |   1.0175303646378091e-04 |   1.0175303646378091e-04 | 1
 13, 11 |  -3.0806964591019116e-05 |  -3.0806964591019116e-05 | 1
 13, 12 |  -3.2240161665710159e-05 |  -3.2240161665710159e-05 | 1
 13, 13 |   1.7522051871026920e-04 |   1.7522051871026920e-04 | 1
 13, 14 |  -1.5284771681404202e-04 |  -1.5284771681404202e-04 | 1
 14,  1 |  -6.2816179481773903e-06 |  -6.2816179481773903e-06 | 1
 14,  2 |   2.1604253769654777e-04 |   2.1604253769654777e-04 | 1
 14,  3 |   1.8508933204064370e-03 |   1.8508933204064370e-03 | 1
 14,  4 |   9.5431154693364714e-05 |   9.5431154693364714e-05 | 1
 14,  5 |  -1.9718588373348608e-04 |  -1.9718588373348608e-04 | 1
 14,  6 |   6.1941298891035357e-05 |   6.1941298891035357e-05 | 1
 14,  7 |  -2.9481514998672205e-05 |  -2.9481514998672205e-05 | 1
 14,  8 |  -3.9218476031852815e-04 |  -3.9218476031852815e-04 | 1
 14,  9 |   9.9021999122903361e-04 |   9.9021999122903361e-04 | 1
 14, 10 |  -1.1391141663931233e-03 |  -1.1391141663931233e-03 | 1
 14, 11 |   4.6109898640300740e-06 |   4.6109898640300740e-06 | 1
 14, 12 |   1.7184370370556402e-05 |   1.7184370370556402e-05 | 1
 14, 13 |  -1.5284771681404202e-04 |  -1.5284771681404202e-04 | 1
 14, 14 |   8.7966801966768372e-04 |   8.7966801966768372e-04 | 1
