row,col | V_base                   | V_new                    | equal
  1,  1 |   2.2121528094928536e-03 |   2.2121528094928536e-03 | 1
  1,  2 |  -6.2994104703878211e+00 |  -6.2994104703878211e+00 | 1
  1,  3 |   2.7910935898185067e-03 |   2.7910935898185067e-03 | 1
  1,  4 |  -1.0222355327742176e-03 |  -1.0222355327742176e-03 | 1
  1,  5 |  -1.7213362068845056e-03 |  -1.7213362068845056e-03 | 1
  1,  6 |  -1.1861471057949321e-03 |  -1.1861471057949321e-03 | 1
  2,  1 |  -6.2994104703878211e+00 |  -6.2994104703878211e+00 | 1
  2,  2 |   4.0199776243787259e+04 |   4.0199776243787259e+04 | 1
  2,  3 |  -2.0544632544277817e+01 |  -2.0544632544277817e+01 | 1
  2,  4 |   6.7987815686603401e+00 |   6.7987815686603401e+00 | 1
  2,  5 |   1.6537641070722278e+00 |   1.6537641070722278e+00 | 1
  2,  6 |   6.9405036560520399e+00 |   6.9405036560520399e+00 | 1
  3,  1 |   2.7910935898185067e-03 |   2.7910935898185067e-03 | 1
  3,  2 |  -2.0544632544277817e+01 |  -2.0544632544277817e+01 | 1
  3,  3 |   3.7604899039216495e-02 |   3.7604899039216495e-02 | 1
  3,  4 |  -3.5713920192660211e-03 |  -3.5713920192660211e-03 | 1
  3,  5 |   3.9332202085094452e-03 |   3.9332202085094452e-03 | 1
  3,  6 |  -3.0081394565584221e-03 |  -3.0081394565584221e-03 | 1
  4,  1 |  -1.0222355327742176e-03 |  -1.0222355327742176e-03 | 1
  4,  2 |   6.7987815686603401e+00 |   6.7987815686603401e+00 | 1
  4,  3 |  -3.5713920192660211e-03 |  -3.5713920192660211e-03 | 1
  4,  4 |   1.4952666910927239e-03 |   1.4952666910927239e-03 | 1
  4,  5 |   1.4880126170408066e-04 |   1.4880126170408066e-04 | 1
  4,  6 |   1.1988031739859661e-03 |   1.1988031739859661e-03 | 1
  5,  1 |  -1.7213362068845056e-03 |  -1.7213362068845056e-03 | 1
  5,  2 |   1.6537641070722278e+00 |   1.6537641070722278e+00 | 1
  5,  3 |   3.9332202085094452e-03 |   3.9332202085094452e-03 | 1
  5,  4 |   1.4880126170408066e-04 |   1.4880126170408066e-04 | 1
  5,  5 |   4.4232249344080161e-03 |   4.4232249344080161e-03 | 1
  5,  6 |   6.5338653869318180e-04 |   6.5338653869318180e-04 | 1
  6,  1 |  -1.1861471057949321e-03 |  -1.1861471057949321e-03 | 1
  6,  2 |   6.9405036560520399e+00 |   6.9405036560520399e+00 | 1
  6,  3 |  -3.0081394565584221e-03 |  -3.0081394565584221e-03 | 1
  6,  4 |   1.1988031739859661e-03 |   1.1988031739859661e-03 | 1
  6,  5 |   6.5338653869318180e-04 |   6.5338653869318180e-04 | 1
  6,  6 |   2.7660048104564206e-03 |   2.7660048104564206e-03 | 1
