row,col | V_base                   | V_new                    | equal
  1,  1 |   4.9376778293238547e-04 |   4.9376778293238547e-04 | 1
  1,  2 |   4.0103147448360523e-04 |   4.0103147448360523e-04 | 1
  1,  3 |   3.7633592918499164e-04 |   3.7633592918499164e-04 | 1
  1,  4 |   7.2810486104723463e-04 |   7.2810486104723463e-04 | 1
  1,  5 |   9.2265618783062605e-04 |   9.2265618783062605e-04 | 1
  1,  6 |   1.5393955047367035e-04 |   1.5393955047367035e-04 | 1
  1,  7 |   6.2615706308423067e-04 |   6.2615706308423067e-04 | 1
  1,  8 |   4.9553392653788595e-04 |   4.9553392653788595e-04 | 1
  1,  9 |   2.5462832294608433e-04 |   2.5462832294608433e-04 | 1
  1, 10 |  -3.3912522080600924e-04 |  -3.3912522080600924e-04 | 1
  1, 11 |   1.5082954688473032e-04 |   1.5082954688473032e-04 | 1
  1, 12 |   4.8294714177396931e-04 |   4.8294714177396931e-04 | 1
  2,  1 |   4.0103147448360523e-04 |   4.0103147448360523e-04 | 1
  2,  2 |   4.8675422445260895e-04 |   4.8675422445260895e-04 | 1
  2,  3 |   5.0834579493338463e-04 |   5.0834579493338463e-04 | 1
  2,  4 |   2.0472310086884591e-04 |   2.0472310086884591e-04 | 1
  2,  5 |   5.9003310813630086e-05 |   5.9003310813630086e-05 | 1
  2,  6 |   7.1837593529017478e-04 |   7.1837593529017478e-04 | 1
  2,  7 |   3.0095633822830432e-04 |   3.0095633822830432e-04 | 1
  2,  8 |   4.0042642906760052e-04 |   4.0042642906760052e-04 | 1
  2,  9 |   6.1705145021287335e-04 |   6.1705145021287335e-04 | 1
  2, 10 |   1.1130061465360590e-03 |   1.1130061465360590e-03 | 1
  2, 11 |   6.9838873650633019e-04 |   6.9838873650633019e-04 | 1
  2, 12 |   4.3192279650589515e-04 |   4.3192279650589515e-04 | 1
  3,  1 |   3.7633592918499164e-04 |   3.7633592918499164e-04 | 1
  3,  2 |   5.0834579493338463e-04 |   5.0834579493338463e-04 | 1
  3,  3 |   5.5143535356933599e-04 |   5.5143535356933599e-04 | 1
  3,  4 |   5.2292463324906741e-05 |   5.2292463324906741e-05 | 1
  3,  5 |  -1.9405191565300653e-04 |  -1.9405191565300653e-04 | 1
  3,  6 |   8.8785968969153951e-04 |   8.8785968969153951e-04 | 1
  3,  7 |   2.0719409224331309e-04 |   2.0719409224331309e-04 | 1
  3,  8 |   3.7470395292734597e-04 |   3.7470395292734597e-04 | 1
  3,  9 |   7.2673328966765761e-04 |   7.2673328966765761e-04 | 1
  3, 10 |   1.5450755762992543e-03 |   1.5450755762992543e-03 | 1
  3, 11 |   8.6282340180785053e-04 |   8.6282340180785053e-04 | 1
  3, 12 |   4.1931077247546900e-04 |   4.1931077247546900e-04 | 1
  4,  1 |   7.2810486104723463e-04 |   7.2810486104723463e-04 | 1
  4,  2 |   2.0472310086884591e-04 |   2.0472310086884591e-04 | 1
  4,  3 |   5.2292463324906741e-05 |   5.2292463324906741e-05 | 1
  4,  4 |   2.0596628614628519e-03 |   2.0596628614628519e-03 | 1
  4,  5 |   3.0898909254679571e-03 |   3.0898909254679571e-03 | 1
  4,  6 |  -1.2518044269457453e-03 |  -1.2518044269457453e-03 | 1
  4,  7 |   1.4460790660548585e-03 |   1.4460790660548585e-03 | 1
  4,  8 |   7.3970530932953335e-04 |   7.3970530932953335e-04 | 1
  4,  9 |  -6.4585129408293110e-04 |  -6.4585129408293110e-04 | 1
  4, 10 |  -3.9661032552360705e-03 |  -3.9661032552360705e-03 | 1
  4, 11 |  -1.2129101176381481e-03 |  -1.2129101176381481e-03 | 1
  4, 12 |   6.1694720262182802e-04 |   6.1694720262182802e-04 | 1
  5,  1 |   9.2265618783062605e-04 |   9.2265618783062605e-04 | 1
  5,  2 |   5.9003310813630086e-05 |   5.9003310813630086e-05 | 1
  5,  3 |  -1.9405191565300653e-04 |  -1.9405191565300653e-04 | 1
  5,  4 |   3.0898909254679571e-03 |   3.0898909254679571e-03 | 1
  5,  5 |   4.8074248296736937e-03 |   4.8074248296736937e-03 | 1
  5,  6 |  -2.3505424337492255e-03 |  -2.3505424337492255e-03 | 1
  5,  7 |   2.1014894843552909e-03 |   2.1014894843552909e-03 | 1
  5,  8 |   9.4117972293181998e-04 |   9.4117972293181998e-04 | 1
  5,  9 |  -1.3464895427037758e-03 |  -1.3464895427037758e-03 | 1
  5, 10 |  -6.8159441359123465e-03 |  -6.8159441359123465e-03 | 1
  5, 11 |  -2.2787601742150698e-03 |  -2.2787601742150698e-03 | 1
  5, 12 |   7.3182171751688002e-04 |   7.3182171751688002e-04 | 1
  6,  1 |   1.5393955047367035e-04 |   1.5393955047367035e-04 | 1
  6,  2 |   7.1837593529017478e-04 |   7.1837593529017478e-04 | 1
  6,  3 |   8.8785968969153951e-04 |   8.8785968969153951e-04 | 1
  6,  4 |  -1.2518044269457453e-03 |  -1.2518044269457453e-03 | 1
  6,  5 |  -2.3505424337492255e-03 |  -2.3505424337492255e-03 | 1
  6,  6 |   2.3095432686660949e-03 |   2.3095432686660949e-03 | 1
  6,  7 |  -6.0028763714190946e-04 |  -6.0028763714190946e-04 | 1
  6,  8 |   1.4361685783364592e-04 |   1.4361685783364592e-04 | 1
  6,  9 |   1.6421118722490028e-03 |   1.6421118722490028e-03 | 1
  6, 10 |   5.1906211153616988e-03 |   5.1906211153616988e-03 | 1
  6, 11 |   2.2419838581051931e-03 |   2.2419838581051931e-03 | 1
  6, 12 |   2.9886826558599041e-04 |   2.9886826558599041e-04 | 1
  7,  1 |   6.2615706308423067e-04 |   6.2615706308423067e-04 | 1
  7,  2 |   3.0095633822830432e-04 |   3.0095633822830432e-04 | 1
  7,  3 |   2.0719409224331309e-04 |   2.0719409224331309e-04 | 1
  7,  4 |   1.4460790660548585e-03 |   1.4460790660548585e-03 | 1
  7,  5 |   2.1014894843552909e-03 |   2.1014894843552909e-03 | 1
  7,  6 |  -6.0028763714190946e-04 |  -6.0028763714190946e-04 | 1
  7,  7 |   1.0776474896044760e-03 |   1.0776474896044760e-03 | 1
  7,  8 |   6.3376637733984168e-04 |   6.3376637733984168e-04 | 1
  7,  9 |  -2.2635160088879371e-04 |  -2.2635160088879371e-04 | 1
  7, 10 |  -2.2952984806800768e-03 |  -2.2952984806800768e-03 | 1
  7, 11 |  -5.8082751395559457e-04 |  -5.8082751395559457e-04 | 1
  7, 12 |   5.6173523241372764e-04 |   5.6173523241372764e-04 | 1
  8,  1 |   4.9553392653788595e-04 |   4.9553392653788595e-04 | 1
  8,  2 |   4.0042642906760052e-04 |   4.0042642906760052e-04 | 1
  8,  3 |   3.7470395292734597e-04 |   3.7470395292734597e-04 | 1
  8,  4 |   7.3970530932953335e-04 |   7.3970530932953335e-04 | 1
  8,  5 |   9.4117972293181998e-04 |   9.4117972293181998e-04 | 1
  8,  6 |   1.4361685783364592e-04 |   1.4361685783364592e-04 | 1
  8,  7 |   6.3376637733984168e-04 |   6.3376637733984168e-04 | 1
  8,  8 |   5.1486763585450622e-04 |   5.1486763585450622e-04 | 1
  8,  9 |   2.4835453335627543e-04 |   2.4835453335627543e-04 | 1
  8, 10 |  -3.6743710023057284e-04 |  -3.6743710023057284e-04 | 1
  8, 11 |   1.4080728021365079e-04 |   1.4080728021365079e-04 | 1
  8, 12 |   4.8503325636887421e-04 |   4.8503325636887421e-04 | 1
  9,  1 |   2.5462832294608433e-04 |   2.5462832294608433e-04 | 1
  9,  2 |   6.1705145021287335e-04 |   6.1705145021287335e-04 | 1
  9,  3 |   7.2673328966765761e-04 |   7.2673328966765761e-04 | 1
  9,  4 |  -6.4585129408293110e-04 |  -6.4585129408293110e-04 | 1
  9,  5 |  -1.3464895427037758e-03 |  -1.3464895427037758e-03 | 1
  9,  6 |   1.6421118722490028e-03 |   1.6421118722490028e-03 | 1
  9,  7 |  -2.2635160088879371e-04 |  -2.2635160088879371e-04 | 1
  9,  8 |   2.4835453335627543e-04 |   2.4835453335627543e-04 | 1
  9,  9 |   1.3252934553201279e-03 |   1.3252934553201279e-03 | 1
  9, 10 |   3.4845037046928417e-03 |   3.4845037046928417e-03 | 1
  9, 11 |   1.5945189270333768e-03 |   1.5945189270333768e-03 | 1
  9, 12 |   3.5183055340791403e-04 |   3.5183055340791403e-04 | 1
 10,  1 |  -3.3912522080600924e-04 |  -3.3912522080600924e-04 | 1
 10,  2 |   1.1130061465360590e-03 |   1.1130061465360590e-03 | 1
 10,  3 |   1.5450755762992543e-03 |   1.5450755762992543e-03 | 1
 10,  4 |  -3.9661032552360705e-03 |  -3.9661032552360705e-03 | 1
 10,  5 |  -6.8159441359123465e-03 |  -6.8159441359123465e-03 | 1
 10,  6 |   5.1906211153616988e-03 |   5.1906211153616988e-03 | 1
 10,  7 |  -2.2952984806800768e-03 |  -2.2952984806800768e-03 | 1
 10,  8 |  -3.6743710023057284e-04 |  -3.6743710023057284e-04 | 1
 10,  9 |   3.4845037046928417e-03 |   3.4845037046928417e-03 | 1
 10, 10 |   1.2724990495397341e-02 |   1.2724990495397341e-02 | 1
 10, 11 |   5.0369270844008779e-03 |   5.0369270844008779e-03 | 1
 10, 12 |   1.4105300608122177e-05 |   1.4105300608122177e-05 | 1
 11,  1 |   1.5082954688473032e-04 |   1.5082954688473032e-04 | 1
 11,  2 |   6.9838873650633019e-04 |   6.9838873650633019e-04 | 1
 11,  3 |   8.6282340180785053e-04 |   8.6282340180785053e-04 | 1
 11,  4 |  -1.2129101176381481e-03 |  -1.2129101176381481e-03 | 1
 11,  5 |  -2.2787601742150698e-03 |  -2.2787601742150698e-03 | 1
 11,  6 |   2.2419838581051931e-03 |   2.2419838581051931e-03 | 1
 11,  7 |  -5.8082751395559457e-04 |  -5.8082751395559457e-04 | 1
 11,  8 |   1.4080728021365079e-04 |   1.4080728021365079e-04 | 1
 11,  9 |   1.5945189270333768e-03 |   1.5945189270333768e-03 | 1
 11, 10 |   5.0369270844008779e-03 |   5.0369270844008779e-03 | 1
 11, 11 |   2.1878360436195536e-03 |   2.1878360436195536e-03 | 1
 11, 12 |   2.9147054631425019e-04 |   2.9147054631425019e-04 | 1
 12,  1 |   4.8294714177396931e-04 |   4.8294714177396931e-04 | 1
 12,  2 |   4.3192279650589515e-04 |   4.3192279650589515e-04 | 1
 12,  3 |   4.1931077247546900e-04 |   4.1931077247546900e-04 | 1
 12,  4 |   6.1694720262182802e-04 |   6.1694720262182802e-04 | 1
 12,  5 |   7.3182171751688002e-04 |   7.3182171751688002e-04 | 1
 12,  6 |   2.9886826558599041e-04 |   2.9886826558599041e-04 | 1
 12,  7 |   5.6173523241372764e-04 |   5.6173523241372764e-04 | 1
 12,  8 |   4.8503325636887421e-04 |   4.8503325636887421e-04 | 1
 12,  9 |   3.5183055340791403e-04 |   3.5183055340791403e-04 | 1
 12, 10 |   1.4105300608122177e-05 |   1.4105300608122177e-05 | 1
 12, 11 |   2.9147054631425019e-04 |   2.9147054631425019e-04 | 1
 12, 12 |   4.9359955295633540e-04 |   4.9359955295633540e-04 | 1
