row,col | V_base                   | V_new                    | equal
  1,  1 |   6.5081548919763521e-05 |   6.5081548919763521e-05 | 1
  1,  2 |   1.4836383082054422e-05 |   1.4836383082054422e-05 | 1
  1,  3 |   2.0102254281635290e-05 |   2.0102254281635290e-05 | 1
  1,  4 |   1.5399735368059875e-05 |   1.5399735368059875e-05 | 1
  1,  5 |   2.3171150459297398e-05 |   2.3171150459297398e-05 | 1
  1,  6 |  -1.3844803386124985e-06 |  -1.3844803386124985e-06 | 1
  1,  7 |   3.6352297424785532e-05 |   3.6352297424785532e-05 | 1
  1,  8 |   3.4010209484228798e-06 |   3.4010209484228798e-06 | 1
  1,  9 |   1.1555889115514168e-05 |   1.1555889115514168e-05 | 1
  1, 10 |   2.5202700819981878e-05 |   2.5202700819981878e-05 | 1
  1, 11 |   3.4430944995190871e-05 |   3.4430944995190871e-05 | 1
  1, 12 |   2.2966210810323032e-05 |   2.2966210810323032e-05 | 1
  1, 13 |   6.6523889216854368e-06 |   6.6523889216854368e-06 | 1
  1, 14 |   1.0930927909121270e-05 |   1.0930927909121270e-05 | 1
  1, 15 |  -4.4461731651456943e-05 |  -4.4461731651456943e-05 | 1
  1, 16 |   2.0467645949531744e-05 |   2.0467645949531744e-05 | 1
  1, 17 |  -2.5585415761693390e-05 |  -2.5585415761693390e-05 | 1
  1, 18 |  -2.3965062185238558e-05 |  -2.3965062185238558e-05 | 1
  1, 19 |  -2.5486614086612106e-05 |  -2.5486614086612106e-05 | 1
  1, 20 |   0.0000000000000000e+00 |   0.0000000000000000e+00 | 1
  2,  1 |   1.4836383082054422e-05 |   1.4836383082054422e-05 | 1
  2,  2 |   8.5216004293284860e-04 |   8.5216004293284860e-04 | 1
  2,  3 |   3.1219332754500170e-05 |   3.1219332754500170e-05 | 1
  2,  4 |   3.0402202527211952e-05 |   3.0402202527211952e-05 | 1
  2,  5 |   4.1097231217427694e-05 |   4.1097231217427694e-05 | 1
  2,  6 |   1.0158802199406720e-04 |   1.0158802199406720e-04 | 1
  2,  7 |   4.9081044815258736e-05 |   4.9081044815258736e-05 | 1
  2,  8 |   5.0249865732607658e-05 |   5.0249865732607658e-05 | 1
  2,  9 |   3.2391844138707470e-05 |   3.2391844138707470e-05 | 1
  2, 10 |   4.4255367358752131e-05 |   4.4255367358752131e-05 | 1
  2, 11 |   3.0216954891827329e-05 |   3.0216954891827329e-05 | 1
  2, 12 |   3.7328065334004326e-05 |   3.7328065334004326e-05 | 1
  2, 13 |   5.2439361367976535e-05 |   5.2439361367976535e-05 | 1
  2, 14 |  -1.3386142787342743e-04 |  -1.3386142787342743e-04 | 1
  2, 15 |   6.1290584116587189e-05 |   6.1290584116587189e-05 | 1
  2, 16 |   4.8331388101055560e-05 |   4.8331388101055560e-05 | 1
  2, 17 |  -2.6237140584551555e-05 |  -2.6237140584551555e-05 | 1
  2, 18 |  -2.0352019267142035e-05 |  -2.0352019267142035e-05 | 1
  2, 19 |  -1.8799990472720247e-05 |  -1.8799990472720247e-05 | 1
  2, 20 |   0.0000000000000000e+00 |   0.0000000000000000e+00 | 1
  3,  1 |   2.0102254281635290e-05 |   2.0102254281635290e-05 | 1
  3,  2 |   3.1219332754500170e-05 |   3.1219332754500170e-05 | 1
  3,  3 |   4.0664936446603355e-03 |   4.0664936446603355e-03 | 1
  3,  4 |   8.3832939356002210e-05 |   8.3832939356002210e-05 | 1
  3,  5 |   5.6807068289482894e-05 |   5.6807068289482894e-05 | 1
  3,  6 |  -1.4022583127727340e-04 |  -1.4022583127727340e-04 | 1
  3,  7 |   4.9129363090421783e-04 |   4.9129363090421783e-04 | 1
  3,  8 |  -3.4047743764902146e-06 |  -3.4047743764902146e-06 | 1
  3,  9 |   4.5058914420620754e-05 |   4.5058914420620754e-05 | 1
  3, 10 |   2.0394193144096593e-04 |   2.0394193144096593e-04 | 1
  3, 11 |   3.1094918735942001e-04 |   3.1094918735942001e-04 | 1
  3, 12 |   3.7065475832615837e-04 |   3.7065475832615837e-04 | 1
  3, 13 |   1.1335205477946030e-04 |   1.1335205477946030e-04 | 1
  3, 14 |  -8.2204461257391143e-05 |  -8.2204461257391143e-05 | 1
  3, 15 |  -7.2162693579775044e-04 |  -7.2162693579775044e-04 | 1
  3, 16 |   3.6948826698750330e-04 |   3.6948826698750330e-04 | 1
  3, 17 |  -3.1615893995795268e-05 |  -3.1615893995795268e-05 | 1
  3, 18 |  -3.1456443565138963e-05 |  -3.1456443565138963e-05 | 1
  3, 19 |  -2.4285469655672946e-05 |  -2.4285469655672946e-05 | 1
  3, 20 |   0.0000000000000000e+00 |   0.0000000000000000e+00 | 1
  4,  1 |   1.5399735368059875e-05 |   1.5399735368059875e-05 | 1
  4,  2 |   3.0402202527211952e-05 |   3.0402202527211952e-05 | 1
  4,  3 |   8.3832939356002210e-05 |   8.3832939356002210e-05 | 1
  4,  4 |   1.2010989801411844e-03 |   1.2010989801411844e-03 | 1
  4,  5 |   5.8410577238274776e-05 |   5.8410577238274776e-05 | 1
  4,  6 |  -7.0470546896791845e-05 |  -7.0470546896791845e-05 | 1
  4,  7 |   4.4579168980105700e-04 |   4.4579168980105700e-04 | 1
  4,  8 |   2.1602117564395272e-05 |   2.1602117564395272e-05 | 1
  4,  9 |   5.2316434019474662e-05 |   5.2316434019474662e-05 | 1
  4, 10 |   1.9257055748098746e-04 |   1.9257055748098746e-04 | 1
  4, 11 |   2.7525156748501927e-04 |   2.7525156748501927e-04 | 1
  4, 12 |   3.4084208756525827e-04 |   3.4084208756525827e-04 | 1
  4, 13 |   1.2556746985765044e-04 |   1.2556746985765044e-04 | 1
  4, 14 |  -1.0894642992313396e-04 |  -1.0894642992313396e-04 | 1
  4, 15 |  -5.9225036612241375e-04 |  -5.9225036612241375e-04 | 1
  4, 16 |   3.4692809144418023e-04 |   3.4692809144418023e-04 | 1
  4, 17 |  -2.5761740445906072e-05 |  -2.5761740445906072e-05 | 1
  4, 18 |  -2.0699733675628307e-05 |  -2.0699733675628307e-05 | 1
  4, 19 |  -1.8456671583016663e-05 |  -1.8456671583016663e-05 | 1
  4, 20 |   0.0000000000000000e+00 |   0.0000000000000000e+00 | 1
  5,  1 |   2.3171150459297398e-05 |   2.3171150459297398e-05 | 1
  5,  2 |   4.1097231217427694e-05 |   4.1097231217427694e-05 | 1
  5,  3 |   5.6807068289482894e-05 |   5.6807068289482894e-05 | 1
  5,  4 |   5.8410577238274776e-05 |   5.8410577238274776e-05 | 1
  5,  5 |   1.0733228145130938e-02 |   1.0733228145130938e-02 | 1
  5,  6 |   2.5204897558815697e-04 |   2.5204897558815697e-04 | 1
  5,  7 |   7.3977589140815383e-05 |   7.3977589140815383e-05 | 1
  5,  8 |   1.2058495132434037e-04 |   1.2058495132434037e-04 | 1
  5,  9 |   7.1345343642008948e-05 |   7.1345343642008948e-05 | 1
  5, 10 |   7.9430427152199954e-05 |   7.9430427152199954e-05 | 1
  5, 11 |   2.9608356132068339e-05 |   2.9608356132068339e-05 | 1
  5, 12 |   6.1284195232412544e-05 |   6.1284195232412544e-05 | 1
  5, 13 |   1.2258687313328808e-04 |   1.2258687313328808e-04 | 1
  5, 14 |  -1.3283681004755334e-04 |  -1.3283681004755334e-04 | 1
  5, 15 |   2.0964393184620878e-04 |   2.0964393184620878e-04 | 1
  5, 16 |   9.2175167801823534e-05 |   9.2175167801823534e-05 | 1
  5, 17 |  -3.2696061686206870e-05 |  -3.2696061686206870e-05 | 1
  5, 18 |  -3.5985429838743634e-05 |  -3.5985429838743634e-05 | 1
  5, 19 |  -2.8201476793238907e-05 |  -2.8201476793238907e-05 | 1
  5, 20 |   0.0000000000000000e+00 |   0.0000000000000000e+00 | 1
  6,  1 |  -1.3844803386124985e-06 |  -1.3844803386124985e-06 | 1
  6,  2 |   1.0158802199406720e-04 |   1.0158802199406720e-04 | 1
  6,  3 |  -1.4022583127727340e-04 |  -1.4022583127727340e-04 | 1
  6,  4 |  -7.0470546896791845e-05 |  -7.0470546896791845e-05 | 1
  6,  5 |   2.5204897558815697e-04 |   2.5204897558815697e-04 | 1
  6,  6 |   3.2705230550186194e-03 |   3.2705230550186194e-03 | 1
  6,  7 |  -2.6829318010069938e-03 |  -2.6829318010069938e-03 | 1
  6,  8 |   1.1211156429412679e-03 |   1.1211156429412679e-03 | 1
  6,  9 |   3.1020953572604793e-04 |   3.1020953572604793e-04 | 1
  6, 10 |  -6.8732807107320609e-04 |  -6.8732807107320609e-04 | 1
  6, 11 |  -1.8961659211353538e-03 |  -1.8961659211353538e-03 | 1
  6, 12 |  -1.9575852314576911e-03 |  -1.9575852314576911e-03 | 1
  6, 13 |   3.5340918447978209e-04 |   3.5340918447978209e-04 | 1
  6, 14 |  -7.4340182888786523e-04 |  -7.4340182888786523e-04 | 1
  6, 15 |   6.8466729524592146e-03 |   6.8466729524592146e-03 | 1
  6, 16 |  -1.6555486175368820e-03 |  -1.6555486175368820e-03 | 1
  6, 17 |  -8.4868355879139208e-06 |  -8.4868355879139208e-06 | 1
  6, 18 |   9.8482519749201038e-06 |   9.8482519749201038e-06 | 1
  6, 19 |   1.2477127418025227e-05 |   1.2477127418025227e-05 | 1
  6, 20 |   0.0000000000000000e+00 |   0.0000000000000000e+00 | 1
  7,  1 |   3.6352297424785532e-05 |   3.6352297424785532e-05 | 1
  7,  2 |   4.9081044815258736e-05 |   4.9081044815258736e-05 | 1
  7,  3 |   4.9129363090421783e-04 |   4.9129363090421783e-04 | 1
  7,  4 |   4.4579168980105700e-04 |   4.4579168980105700e-04 | 1
  7,  5 |   7.3977589140815383e-05 |   7.3977589140815383e-05 | 1
  7,  6 |  -2.6829318010069938e-03 |  -2.6829318010069938e-03 | 1
  7,  7 |   4.1728277843017516e-03 |   4.1728277843017516e-03 | 1
  7,  8 |  -6.8609754485533889e-04 |  -6.8609754485533889e-04 | 1
  7,  9 |   2.5208550746200964e-05 |   2.5208550746200964e-05 | 1
  7, 10 |   1.4433588638116720e-03 |   1.4433588638116720e-03 | 1
  7, 11 |   2.7119835607277393e-03 |   2.7119835607277393e-03 | 1
  7, 12 |   3.1317044394160694e-03 |   3.1317044394160694e-03 | 1
  7, 13 |   4.0002343822813054e-04 |   4.0002343822813054e-04 | 1
  7, 14 |  -8.3865501304117979e-05 |  -8.3865501304117979e-05 | 1
  7, 15 |  -7.8642578249989263e-03 |  -7.8642578249989263e-03 | 1
  7, 16 |   2.9585894588938259e-03 |   2.9585894588938259e-03 | 1
  7, 17 |  -6.1595897684038048e-05 |  -6.1595897684038048e-05 | 1
  7, 18 |  -5.9478269852040197e-05 |  -5.9478269852040197e-05 | 1
  7, 19 |  -3.3915370299644981e-05 |  -3.3915370299644981e-05 | 1
  7, 20 |   0.0000000000000000e+00 |   0.0000000000000000e+00 | 1
  8,  1 |   3.4010209484228798e-06 |   3.4010209484228798e-06 | 1
  8,  2 |   5.0249865732607658e-05 |   5.0249865732607658e-05 | 1
  8,  3 |  -3.4047743764902146e-06 |  -3.4047743764902146e-06 | 1
  8,  4 |   2.1602117564395272e-05 |   2.1602117564395272e-05 | 1
  8,  5 |   1.2058495132434037e-04 |   1.2058495132434037e-04 | 1
  8,  6 |   1.1211156429412679e-03 |   1.1211156429412679e-03 | 1
  8,  7 |  -6.8609754485533889e-04 |  -6.8609754485533889e-04 | 1
  8,  8 |   1.6681285996406287e-03 |   1.6681285996406287e-03 | 1
  8,  9 |   1.3776520999809249e-04 |   1.3776520999809249e-04 | 1
  8, 10 |  -1.3211484461262291e-04 |  -1.3211484461262291e-04 | 1
  8, 11 |  -5.1274624845466603e-04 |  -5.1274624845466603e-04 | 1
  8, 12 |  -4.9176313733941533e-04 |  -4.9176313733941533e-04 | 1
  8, 13 |   2.0337396940258652e-04 |   2.0337396940258652e-04 | 1
  8, 14 |  -3.3726048665249638e-04 |  -3.3726048665249638e-04 | 1
  8, 15 |   2.0847603522523711e-03 |   2.0847603522523711e-03 | 1
  8, 16 |  -3.7886191218456240e-04 |  -3.7886191218456240e-04 | 1
  8, 17 |  -1.0545873162768734e-05 |  -1.0545873162768734e-05 | 1
  8, 18 |  -6.7202793475518941e-06 |  -6.7202793475518941e-06 | 1
  8, 19 |   3.9671719280364145e-06 |   3.9671719280364145e-06 | 1
  8, 20 |   0.0000000000000000e+00 |   0.0000000000000000e+00 | 1
  9,  1 |   1.1555889115514168e-05 |   1.1555889115514168e-05 | 1
  9,  2 |   3.2391844138707470e-05 |   3.2391844138707470e-05 | 1
  9,  3 |   4.5058914420620754e-05 |   4.5058914420620754e-05 | 1
  9,  4 |   5.2316434019474662e-05 |   5.2316434019474662e-05 | 1
  9,  5 |   7.1345343642008948e-05 |   7.1345343642008948e-05 | 1
  9,  6 |   3.1020953572604793e-04 |   3.1020953572604793e-04 | 1
  9,  7 |   2.5208550746200964e-05 |   2.5208550746200964e-05 | 1
  9,  8 |   1.3776520999809249e-04 |   1.3776520999809249e-04 | 1
  9,  9 |   1.7104897765381172e-02 |   1.7104897765381172e-02 | 1
  9, 10 |   6.4505420440661324e-05 |   6.4505420440661324e-05 | 1
  9, 11 |  -8.0811968048495195e-06 |  -8.0811968048495195e-06 | 1
  9, 12 |   3.2141344989115023e-05 |   3.2141344989115023e-05 | 1
  9, 13 |   1.2862251047297710e-04 |   1.2862251047297710e-04 | 1
  9, 14 |  -1.5805880375571499e-04 |  -1.5805880375571499e-04 | 1
  9, 15 |   3.2129333937307961e-04 |   3.2129333937307961e-04 | 1
  9, 16 |   6.8409043755806502e-05 |   6.8409043755806502e-05 | 1
  9, 17 |  -2.3200673091921109e-05 |  -2.3200673091921109e-05 | 1
  9, 18 |  -8.5742043616083425e-06 |  -8.5742043616083425e-06 | 1
  9, 19 |  -1.8025258186442153e-05 |  -1.8025258186442153e-05 | 1
  9, 20 |   0.0000000000000000e+00 |   0.0000000000000000e+00 | 1
 10,  1 |   2.5202700819981878e-05 |   2.5202700819981878e-05 | 1
 10,  2 |   4.4255367358752131e-05 |   4.4255367358752131e-05 | 1
 10,  3 |   2.0394193144096593e-04 |   2.0394193144096593e-04 | 1
 10,  4 |   1.9257055748098746e-04 |   1.9257055748098746e-04 | 1
 10,  5 |   7.9430427152199954e-05 |   7.9430427152199954e-05 | 1
 10,  6 |  -6.8732807107320609e-04 |  -6.8732807107320609e-04 | 1
 10,  7 |   1.4433588638116720e-03 |   1.4433588638116720e-03 | 1
 10,  8 |  -1.3211484461262291e-04 |  -1.3211484461262291e-04 | 1
 10,  9 |   6.4505420440661324e-05 |   6.4505420440661324e-05 | 1
 10, 10 |   3.2734782886131186e-02 |   3.2734782886131186e-02 | 1
 10, 11 |   9.2058224029263527e-04 |   9.2058224029263527e-04 | 1
 10, 12 |   1.0933341148076201e-03 |   1.0933341148076201e-03 | 1
 10, 13 |   2.3226080601030212e-04 |   2.3226080601030212e-04 | 1
 10, 14 |  -1.4150737612667497e-04 |  -1.4150737612667497e-04 | 1
 10, 15 |  -2.4491909560580010e-03 |  -2.4491909560580010e-03 | 1
 10, 16 |   1.0608607698425134e-03 |   1.0608607698425134e-03 | 1
 10, 17 |  -3.9658888688381692e-05 |  -3.9658888688381692e-05 | 1
 10, 18 |  -3.3159779304027694e-05 |  -3.3159779304027694e-05 | 1
 10, 19 |  -3.2015180076810157e-05 |  -3.2015180076810157e-05 | 1
 10, 20 |   0.0000000000000000e+00 |   0.0000000000000000e+00 | 1
 11,  1 |   3.4430944995190871e-05 |   3.4430944995190871e-05 | 1
 11,  2 |   3.0216954891827329e-05 |   3.0216954891827329e-05 | 1
 11,  3 |   3.1094918735942001e-04 |   3.1094918735942001e-04 | 1
 11,  4 |   2.7525156748501927e-04 |   2.7525156748501927e-04 | 1
 11,  5 |   2.9608356132068339e-05 |   2.9608356132068339e-05 | 1
 11,  6 |  -1.8961659211353538e-03 |  -1.8961659211353538e-03 | 1
 11,  7 |   2.7119835607277393e-03 |   2.7119835607277393e-03 | 1
 11,  8 |  -5.1274624845466603e-04 |  -5.1274624845466603e-04 | 1
 11,  9 |  -8.0811968048495195e-06 |  -8.0811968048495195e-06 | 1
 11, 10 |   9.2058224029263527e-04 |   9.2058224029263527e-04 | 1
 11, 11 |   4.0984276328443231e-02 |   4.0984276328443231e-02 | 1
 11, 12 |   2.0235679825615126e-03 |   2.0235679825615126e-03 | 1
 11, 13 |   1.9861953870918588e-04 |   1.9861953870918588e-04 | 1
 11, 14 |   4.0503505662756847e-05 |   4.0503505662756847e-05 | 1
 11, 15 |  -5.2824293410264987e-03 |  -5.2824293410264987e-03 | 1
 11, 16 |   1.8915879979191088e-03 |   1.8915879979191088e-03 | 1
 11, 17 |  -5.4032917064371369e-05 |  -5.4032917064371369e-05 | 1
 11, 18 |  -5.9264583626660421e-05 |  -5.9264583626660421e-05 | 1
 11, 19 |  -3.3696026499715085e-05 |  -3.3696026499715085e-05 | 1
 11, 20 |   0.0000000000000000e+00 |   0.0000000000000000e+00 | 1
 12,  1 |   2.2966210810323032e-05 |   2.2966210810323032e-05 | 1
 12,  2 |   3.7328065334004326e-05 |   3.7328065334004326e-05 | 1
 12,  3 |   3.7065475832615837e-04 |   3.7065475832615837e-04 | 1
 12,  4 |   3.4084208756525827e-04 |   3.4084208756525827e-04 | 1
 12,  5 |   6.1284195232412544e-05 |   6.1284195232412544e-05 | 1
 12,  6 |  -1.9575852314576911e-03 |  -1.9575852314576911e-03 | 1
 12,  7 |   3.1317044394160694e-03 |   3.1317044394160694e-03 | 1
 12,  8 |  -4.9176313733941533e-04 |  -4.9176313733941533e-04 | 1
 12,  9 |   3.2141344989115023e-05 |   3.2141344989115023e-05 | 1
 12, 10 |   1.0933341148076201e-03 |   1.0933341148076201e-03 | 1
 12, 11 |   2.0235679825615126e-03 |   2.0235679825615126e-03 | 1
 12, 12 |   8.2278323108639397e-03 |   8.2278323108639397e-03 | 1
 12, 13 |   3.2445290838027403e-04 |   3.2445290838027403e-04 | 1
 12, 14 |  -9.9103243825635561e-05 |  -9.9103243825635561e-05 | 1
 12, 15 |  -5.8462675189432361e-03 |  -5.8462675189432361e-03 | 1
 12, 16 |   2.2356121215512340e-03 |   2.2356121215512340e-03 | 1
 12, 17 |  -3.9426614012779557e-05 |  -3.9426614012779557e-05 | 1
 12, 18 |  -3.3211126715058203e-05 |  -3.3211126715058203e-05 | 1
 12, 19 |  -2.4607731420420836e-05 |  -2.4607731420420836e-05 | 1
 12, 20 |   0.0000000000000000e+00 |   0.0000000000000000e+00 | 1
 13,  1 |   6.6523889216854368e-06 |   6.6523889216854368e-06 | 1
 13,  2 |   5.2439361367976535e-05 |   5.2439361367976535e-05 | 1
 13,  3 |   1.1335205477946030e-04 |   1.1335205477946030e-04 | 1
 13,  4 |   1.2556746985765044e-04 |   1.2556746985765044e-04 | 1
 13,  5 |   1.2258687313328808e-04 |   1.2258687313328808e-04 | 1
 13,  6 |   3.5340918447978209e-04 |   3.5340918447978209e-04 | 1
 13,  7 |   4.0002343822813054e-04 |   4.0002343822813054e-04 | 1
 13,  8 |   2.0337396940258652e-04 |   2.0337396940258652e-04 | 1
 13,  9 |   1.2862251047297710e-04 |   1.2862251047297710e-04 | 1
 13, 10 |   2.3226080601030212e-04 |   2.3226080601030212e-04 | 1
 13, 11 |   1.9861953870918588e-04 |   1.9861953870918588e-04 | 1
 13, 12 |   3.2445290838027403e-04 |   3.2445290838027403e-04 | 1
 13, 13 |   8.1115380589125586e-03 |   8.1115380589125586e-03 | 1
 13, 14 |  -3.3071474997538905e-04 |  -3.3071474997538905e-04 | 1
 13, 15 |  -4.7244370887215136e-05 |  -4.7244370887215136e-05 | 1
 13, 16 |   3.8478278421001584e-04 |   3.8478278421001584e-04 | 1
 13, 17 |  -1.3819516675261173e-05 |  -1.3819516675261173e-05 | 1
 13, 18 |  -1.2372931769156910e-05 |  -1.2372931769156910e-05 | 1
 13, 19 |  -2.2407103194147317e-06 |  -2.2407103194147317e-06 | 1
 13, 20 |   0.0000000000000000e+00 |   0.0000000000000000e+00 | 1
 14,  1 |   1.0930927909121270e-05 |   1.0930927909121270e-05 | 1
 14,  2 |  -1.3386142787342743e-04 |  -1.3386142787342743e-04 | 1
 14,  3 |  -8.2204461257391143e-05 |  -8.2204461257391143e-05 | 1
 14,  4 |  -1.0894642992313396e-04 |  -1.0894642992313396e-04 | 1
 14,  5 |  -1.3283681004755334e-04 |  -1.3283681004755334e-04 | 1
 14,  6 |  -7.4340182888786523e-04 |  -7.4340182888786523e-04 | 1
 14,  7 |  -8.3865501304117979e-05 |  -8.3865501304117979e-05 | 1
 14,  8 |  -3.3726048665249638e-04 |  -3.3726048665249638e-04 | 1
 14,  9 |  -1.5805880375571499e-04 |  -1.5805880375571499e-04 | 1
 14, 10 |  -1.4150737612667497e-04 |  -1.4150737612667497e-04 | 1
 14, 11 |   4.0503505662756847e-05 |   4.0503505662756847e-05 | 1
 14, 12 |  -9.9103243825635561e-05 |  -9.9103243825635561e-05 | 1
 14, 13 |  -3.3071474997538905e-04 |  -3.3071474997538905e-04 | 1
 14, 14 |   4.5295455840849700e-04 |   4.5295455840849700e-04 | 1
 14, 15 |  -7.6668168712918793e-04 |  -7.6668168712918793e-04 | 1
 14, 16 |  -1.9926267720803397e-04 |  -1.9926267720803397e-04 | 1
 14, 17 |  -8.0469992037217610e-06 |  -8.0469992037217610e-06 | 1
 14, 18 |  -1.5156225915231894e-05 |  -1.5156225915231894e-05 | 1
 14, 19 |  -2.8069505590996744e-05 |  -2.8069505590996744e-05 | 1
 14, 20 |   0.0000000000000000e+00 |   0.0000000000000000e+00 | 1
 15,  1 |  -4.4461731651456943e-05 |  -4.4461731651456943e-05 | 1
 15,  2 |   6.1290584116587189e-05 |   6.1290584116587189e-05 | 1
 15,  3 |  -7.2162693579775044e-04 |  -7.2162693579775044e-04 | 1
 15,  4 |  -5.9225036612241375e-04 |  -5.9225036612241375e-04 | 1
 15,  5 |   2.0964393184620878e-04 |   2.0964393184620878e-04 | 1
 15,  6 |   6.8466729524592146e-03 |   6.8466729524592146e-03 | 1
 15,  7 |  -7.8642578249989263e-03 |  -7.8642578249989263e-03 | 1
 15,  8 |   2.0847603522523711e-03 |   2.0847603522523711e-03 | 1
 15,  9 |   3.2129333937307961e-04 |   3.2129333937307961e-04 | 1
 15, 10 |  -2.4491909560580010e-03 |  -2.4491909560580010e-03 | 1
 15, 11 |  -5.2824293410264987e-03 |  -5.2824293410264987e-03 | 1
 15, 12 |  -5.8462675189432361e-03 |  -5.8462675189432361e-03 | 1
 15, 13 |  -4.7244370887215136e-05 |  -4.7244370887215136e-05 | 1
 15, 14 |  -7.6668168712918793e-04 |  -7.6668168712918793e-04 | 1
 15, 15 |   1.6919407709602041e-02 |   1.6919407709602041e-02 | 1
 15, 16 |  -5.2982697444825620e-03 |  -5.2982697444825620e-03 | 1
 15, 17 |   6.0942189893388788e-05 |   6.0942189893388788e-05 | 1
 15, 18 |   6.2768212313647125e-05 |   6.2768212313647125e-05 | 1
 15, 19 |   6.9971128755704068e-05 |   6.9971128755704068e-05 | 1
 15, 20 |   0.0000000000000000e+00 |   0.0000000000000000e+00 | 1
 16,  1 |   2.0467645949531744e-05 |   2.0467645949531744e-05 | 1
 16,  2 |   4.8331388101055560e-05 |   4.8331388101055560e-05 | 1
 16,  3 |   3.6948826698750330e-04 |   3.6948826698750330e-04 | 1
 16,  4 |   3.4692809144418023e-04 |   3.4692809144418023e-04 | 1
 16,  5 |   9.2175167801823534e-05 |   9.2175167801823534e-05 | 1
 16,  6 |  -1.6555486175368820e-03 |  -1.6555486175368820e-03 | 1
 16,  7 |   2.9585894588938259e-03 |   2.9585894588938259e-03 | 1
 16,  8 |  -3.7886191218456240e-04 |  -3.7886191218456240e-04 | 1
 16,  9 |   6.8409043755806502e-05 |   6.8409043755806502e-05 | 1
 16, 10 |   1.0608607698425134e-03 |   1.0608607698425134e-03 | 1
 16, 11 |   1.8915879979191088e-03 |   1.8915879979191088e-03 | 1
 16, 12 |   2.2356121215512340e-03 |   2.2356121215512340e-03 | 1
 16, 13 |   3.8478278421001584e-04 |   3.8478278421001584e-04 | 1
 16, 14 |  -1.9926267720803397e-04 |  -1.9926267720803397e-04 | 1
 16, 15 |  -5.2982697444825620e-03 |  -5.2982697444825620e-03 | 1
 16, 16 |   2.2372385006366223e-03 |   2.2372385006366223e-03 | 1
 16, 17 |  -3.5249075726125925e-05 |  -3.5249075726125925e-05 | 1
 16, 18 |  -3.1446588568686921e-05 |  -3.1446588568686921e-05 | 1
 16, 19 |  -2.0292513246313222e-05 |  -2.0292513246313222e-05 | 1
 16, 20 |   0.0000000000000000e+00 |   0.0000000000000000e+00 | 1
 17,  1 |  -2.5585415761693390e-05 |  -2.5585415761693390e-05 | 1
 17,  2 |  -2.6237140584551555e-05 |  -2.6237140584551555e-05 | 1
 17,  3 |  -3.1615893995795268e-05 |  -3.1615893995795268e-05 | 1
 17,  4 |  -2.5761740445906072e-05 |  -2.5761740445906072e-05 | 1
 17,  5 |  -3.2696061686206870e-05 |  -3.2696061686206870e-05 | 1
 17,  6 |  -8.4868355879139208e-06 |  -8.4868355879139208e-06 | 1
 17,  7 |  -6.1595897684038048e-05 |  -6.1595897684038048e-05 | 1
 17,  8 |  -1.0545873162768734e-05 |  -1.0545873162768734e-05 | 1
 17,  9 |  -2.3200673091921109e-05 |  -2.3200673091921109e-05 | 1
 17, 10 |  -3.9658888688381692e-05 |  -3.9658888688381692e-05 | 1
 17, 11 |  -5.4032917064371369e-05 |  -5.4032917064371369e-05 | 1
 17, 12 |  -3.9426614012779557e-05 |  -3.9426614012779557e-05 | 1
 17, 13 |  -1.3819516675261173e-05 |  -1.3819516675261173e-05 | 1
 17, 14 |  -8.0469992037217610e-06 |  -8.0469992037217610e-06 | 1
 17, 15 |   6.0942189893388788e-05 |   6.0942189893388788e-05 | 1
 17, 16 |  -3.5249075726125925e-05 |  -3.5249075726125925e-05 | 1
 17, 17 |   4.9796794586995968e-05 |   4.9796794586995968e-05 | 1
 17, 18 |   2.6492139173763900e-05 |   2.6492139173763900e-05 | 1
 17, 19 |   2.6198511410266344e-05 |   2.6198511410266344e-05 | 1
 17, 20 |   0.0000000000000000e+00 |   0.0000000000000000e+00 | 1
 18,  1 |  -2.3965062185238558e-05 |  -2.3965062185238558e-05 | 1
 18,  2 |  -2.0352019267142035e-05 |  -2.0352019267142035e-05 | 1
 18,  3 |  -3.1456443565138963e-05 |  -3.1456443565138963e-05 | 1
 18,  4 |  -2.0699733675628307e-05 |  -2.0699733675628307e-05 | 1
 18,  5 |  -3.5985429838743634e-05 |  -3.5985429838743634e-05 | 1
 18,  6 |   9.8482519749201038e-06 |   9.8482519749201038e-06 | 1
 18,  7 |  -5.9478269852040197e-05 |  -5.9478269852040197e-05 | 1
 18,  8 |  -6.7202793475518941e-06 |  -6.7202793475518941e-06 | 1
 18,  9 |  -8.5742043616083425e-06 |  -8.5742043616083425e-06 | 1
 18, 10 |  -3.3159779304027694e-05 |  -3.3159779304027694e-05 | 1
 18, 11 |  -5.9264583626660421e-05 |  -5.9264583626660421e-05 | 1
 18, 12 |  -3.3211126715058203e-05 |  -3.3211126715058203e-05 | 1
 18, 13 |  -1.2372931769156910e-05 |  -1.2372931769156910e-05 | 1
 18, 14 |  -1.5156225915231894e-05 |  -1.5156225915231894e-05 | 1
 18, 15 |   6.2768212313647125e-05 |   6.2768212313647125e-05 | 1
 18, 16 |  -3.1446588568686921e-05 |  -3.1446588568686921e-05 | 1
 18, 17 |   2.6492139173763900e-05 |   2.6492139173763900e-05 | 1
 18, 18 |   5.7489967952552066e-05 |   5.7489967952552066e-05 | 1
 18, 19 |   3.0721509427459302e-05 |   3.0721509427459302e-05 | 1
 18, 20 |   0.0000000000000000e+00 |   0.0000000000000000e+00 | 1
 19,  1 |  -2.5486614086612106e-05 |  -2.5486614086612106e-05 | 1
 19,  2 |  -1.8799990472720247e-05 |  -1.8799990472720247e-05 | 1
 19,  3 |  -2.4285469655672946e-05 |  -2.4285469655672946e-05 | 1
 19,  4 |  -1.8456671583016663e-05 |  -1.8456671583016663e-05 | 1
 19,  5 |  -2.8201476793238907e-05 |  -2.8201476793238907e-05 | 1
 19,  6 |   1.2477127418025227e-05 |   1.2477127418025227e-05 | 1
 19,  7 |  -3.3915370299644981e-05 |  -3.3915370299644981e-05 | 1
 19,  8 |   3.9671719280364145e-06 |   3.9671719280364145e-06 | 1
 19,  9 |  -1.8025258186442153e-05 |  -1.8025258186442153e-05 | 1
 19, 10 |  -3.2015180076810157e-05 |  -3.2015180076810157e-05 | 1
 19, 11 |  -3.3696026499715085e-05 |  -3.3696026499715085e-05 | 1
 19, 12 |  -2.4607731420420836e-05 |  -2.4607731420420836e-05 | 1
 19, 13 |  -2.2407103194147317e-06 |  -2.2407103194147317e-06 | 1
 19, 14 |  -2.8069505590996744e-05 |  -2.8069505590996744e-05 | 1
 19, 15 |   6.9971128755704068e-05 |   6.9971128755704068e-05 | 1
 19, 16 |  -2.0292513246313222e-05 |  -2.0292513246313222e-05 | 1
 19, 17 |   2.6198511410266344e-05 |   2.6198511410266344e-05 | 1
 19, 18 |   3.0721509427459302e-05 |   3.0721509427459302e-05 | 1
 19, 19 |   5.6469466724641693e-05 |   5.6469466724641693e-05 | 1
 19, 20 |   0.0000000000000000e+00 |   0.0000000000000000e+00 | 1
 20,  1 |   0.0000000000000000e+00 |   0.0000000000000000e+00 | 1
 20,  2 |   0.0000000000000000e+00 |   0.0000000000000000e+00 | 1
 20,  3 |   0.0000000000000000e+00 |   0.0000000000000000e+00 | 1
 20,  4 |   0.0000000000000000e+00 |   0.0000000000000000e+00 | 1
 20,  5 |   0.0000000000000000e+00 |   0.0000000000000000e+00 | 1
 20,  6 |   0.0000000000000000e+00 |   0.0000000000000000e+00 | 1
 20,  7 |   0.0000000000000000e+00 |   0.0000000000000000e+00 | 1
 20,  8 |   0.0000000000000000e+00 |   0.0000000000000000e+00 | 1
 20,  9 |   0.0000000000000000e+00 |   0.0000000000000000e+00 | 1
 20, 10 |   0.0000000000000000e+00 |   0.0000000000000000e+00 | 1
 20, 11 |   0.0000000000000000e+00 |   0.0000000000000000e+00 | 1
 20, 12 |   0.0000000000000000e+00 |   0.0000000000000000e+00 | 1
 20, 13 |   0.0000000000000000e+00 |   0.0000000000000000e+00 | 1
 20, 14 |   0.0000000000000000e+00 |   0.0000000000000000e+00 | 1
 20, 15 |   0.0000000000000000e+00 |   0.0000000000000000e+00 | 1
 20, 16 |   0.0000000000000000e+00 |   0.0000000000000000e+00 | 1
 20, 17 |   0.0000000000000000e+00 |   0.0000000000000000e+00 | 1
 20, 18 |   0.0000000000000000e+00 |   0.0000000000000000e+00 | 1
 20, 19 |   0.0000000000000000e+00 |   0.0000000000000000e+00 | 1
 20, 20 |   0.0000000000000000e+00 |   0.0000000000000000e+00 | 1
