row,col | V_base                   | V_new                    | equal
  1,  1 |   3.9434948116688319e-04 |   3.9434948116688319e-04 | 1
  1,  2 |   1.7945057558885996e-03 |   1.7945057558885996e-03 | 1
  1,  3 |   2.6718461498299807e-04 |   2.6718461498299807e-04 | 1
  1,  4 |   1.2756751051223790e-04 |   1.2756751051223790e-04 | 1
  1,  5 |  -2.8227262165068804e-04 |  -2.8227262165068804e-04 | 1
  1,  6 |   5.7075249630454137e-05 |   5.7075249630454137e-05 | 1
  2,  1 |   1.7945057558885996e-03 |   1.7945057558885996e-03 | 1
  2,  2 |   2.0050077169247331e-02 |   2.0050077169247331e-02 | 1
  2,  3 |   1.7557448722624047e-03 |   1.7557448722624047e-03 | 1
  2,  4 |   8.7197811984816745e-04 |   8.7197811984816745e-04 | 1
  2,  5 |  -4.8029163258545603e-03 |  -4.8029163258545603e-03 | 1
  2,  6 |  -4.5277911371677406e-04 |  -4.5277911371677406e-04 | 1
  3,  1 |   2.6718461498299807e-04 |   2.6718461498299807e-04 | 1
  3,  2 |   1.7557448722624047e-03 |   1.7557448722624047e-03 | 1
  3,  3 |   9.0868451912533340e-03 |   9.0868451912533340e-03 | 1
  3,  4 |   1.5745386112554305e-04 |   1.5745386112554305e-04 | 1
  3,  5 |  -1.7940143709307033e-04 |  -1.7940143709307033e-04 | 1
  3,  6 |   1.2481914286819839e-04 |   1.2481914286819839e-04 | 1
  4,  1 |   1.2756751051223790e-04 |   1.2756751051223790e-04 | 1
  4,  2 |   8.7197811984816745e-04 |   8.7197811984816745e-04 | 1
  4,  3 |   1.5745386112554305e-04 |   1.5745386112554305e-04 | 1
  4,  4 |   3.6655668195680413e-03 |   3.6655668195680413e-03 | 1
  4,  5 |  -8.4172792162027252e-05 |  -8.4172792162027252e-05 | 1
  4,  6 |   6.3640562834986199e-05 |   6.3640562834986199e-05 | 1
  5,  1 |  -2.8227262165068804e-04 |  -2.8227262165068804e-04 | 1
  5,  2 |  -4.8029163258545603e-03 |  -4.8029163258545603e-03 | 1
  5,  3 |  -1.7940143709307033e-04 |  -1.7940143709307033e-04 | 1
  5,  4 |  -8.4172792162027252e-05 |  -8.4172792162027252e-05 | 1
  5,  5 |   3.9100661197533299e-03 |   3.9100661197533299e-03 | 1
  5,  6 |   3.3249177430427507e-04 |   3.3249177430427507e-04 | 1
  6,  1 |   5.7075249630454137e-05 |   5.7075249630454137e-05 | 1
  6,  2 |  -4.5277911371677406e-04 |  -4.5277911371677406e-04 | 1
  6,  3 |   1.2481914286819839e-04 |   1.2481914286819839e-04 | 1
  6,  4 |   6.3640562834986199e-05 |   6.3640562834986199e-05 | 1
  6,  5 |   3.3249177430427507e-04 |   3.3249177430427507e-04 | 1
  6,  6 |   3.4728461091966480e-04 |   3.4728461091966480e-04 | 1
