row,col | V_base                   | V_new                    | equal
  1,  1 |   4.7613632469923207e-04 |   4.7613632469923207e-04 | 1
  1,  2 |   7.1564151717812502e-05 |   7.1564151717812502e-05 | 1
  1,  3 |   2.6162473969934926e-04 |   2.6162473969934926e-04 | 1
  1,  4 |   8.8220309043258519e-05 |   8.8220309043258519e-05 | 1
  1,  5 |   2.7824026926059572e-04 |   2.7824026926059572e-04 | 1
  1,  6 |   4.0214885877165677e-04 |   4.0214885877165677e-04 | 1
  1,  7 |   2.2886280964243711e-04 |   2.2886280964243711e-04 | 1
  1,  8 |   2.9955675347805385e-04 |   2.9955675347805385e-04 | 1
  1,  9 |   3.0198397684480456e-04 |   3.0198397684480456e-04 | 1
  1, 10 |  -8.7700264903881552e-04 |  -8.7700264903881552e-04 | 1
  1, 11 |   9.4759369490231277e-05 |   9.4759369490231277e-05 | 1
  1, 12 |   3.9349837535487814e-04 |   3.9349837535487814e-04 | 1
  1, 13 |   5.2957358419019793e-04 |   5.2957358419019793e-04 | 1
  1, 14 |   3.8924636531161038e-04 |   3.8924636531161038e-04 | 1
  1, 15 |   2.4437382213472823e-04 |   2.4437382213472823e-04 | 1
  1, 16 |   1.8218718554020147e-04 |   1.8218718554020147e-04 | 1
  1, 17 |   9.7268964904877859e-05 |   9.7268964904877859e-05 | 1
  1, 18 |   2.9631554234353728e-04 |   2.9631554234353728e-04 | 1
  1, 19 |   2.0767123473288996e-04 |   2.0767123473288996e-04 | 1
  1, 20 |   2.2181892273025558e-04 |   2.2181892273025558e-04 | 1
  1, 21 |  -1.1077616176737243e-04 |  -1.1077616176737243e-04 | 1
  1, 22 |   1.9418955378855927e-04 |   1.9418955378855927e-04 | 1
  1, 23 |   1.0593203401983525e-04 |   1.0593203401983525e-04 | 1
  1, 24 |   1.0755331439956216e-04 |   1.0755331439956216e-04 | 1
  1, 25 |   1.5279910558164411e-04 |   1.5279910558164411e-04 | 1
  1, 26 |  -1.8164006754960819e-04 |  -1.8164006754960819e-04 | 1
  1, 27 |   5.0562513313284641e-05 |   5.0562513313284641e-05 | 1
  1, 28 |   1.9532942411401127e-04 |   1.9532942411401127e-04 | 1
  1, 29 |   1.3424029678099605e-05 |   1.3424029678099605e-05 | 1
  1, 30 |   1.8758129236721021e-05 |   1.8758129236721021e-05 | 1
  2,  1 |   7.1564151717812502e-05 |   7.1564151717812502e-05 | 1
  2,  2 |   3.5389412856177086e-03 |   3.5389412856177086e-03 | 1
  2,  3 |   3.9850567356066201e-05 |   3.9850567356066201e-05 | 1
  2,  4 |   1.7637946793792018e-04 |   1.7637946793792018e-04 | 1
  2,  5 |  -1.0108332768980816e-04 |  -1.0108332768980816e-04 | 1
  2,  6 |  -2.3293826658823469e-04 |  -2.3293826658823469e-04 | 1
  2,  7 |   1.0780545557489546e-04 |   1.0780545557489546e-04 | 1
  2,  8 |  -8.0765278695911486e-05 |  -8.0765278695911486e-05 | 1
  2,  9 |   7.9234041349659855e-05 |   7.9234041349659855e-05 | 1
  2, 10 |   2.8040492261330475e-03 |   2.8040492261330475e-03 | 1
  2, 11 |   2.9773356511368437e-04 |   2.9773356511368437e-04 | 1
  2, 12 |  -2.6940153676006191e-04 |  -2.6940153676006191e-04 | 1
  2, 13 |  -4.4935536394445576e-04 |  -4.4935536394445576e-04 | 1
  2, 14 |   4.0032556872052661e-05 |   4.0032556872052661e-05 | 1
  2, 15 |   1.7028670674024208e-04 |   1.7028670674024208e-04 | 1
  2, 16 |   1.7668161260191265e-04 |   1.7668161260191265e-04 | 1
  2, 17 |   2.7722384754904001e-04 |   2.7722384754904001e-04 | 1
  2, 18 |   3.6034575478103079e-05 |   3.6034575478103079e-05 | 1
  2, 19 |   1.1255447453053713e-04 |   1.1255447453053713e-04 | 1
  2, 20 |   2.7614190023636820e-05 |   2.7614190023636820e-05 | 1
  2, 21 |   9.5161262739332968e-04 |   9.5161262739332968e-04 | 1
  2, 22 |   1.3569571843066676e-04 |   1.3569571843066676e-04 | 1
  2, 23 |   3.6694224264524687e-04 |   3.6694224264524687e-04 | 1
  2, 24 |   3.3779676882761568e-04 |   3.3779676882761568e-04 | 1
  2, 25 |   1.8053430984429724e-04 |   1.8053430984429724e-04 | 1
  2, 26 |   1.2017678571133871e-03 |   1.2017678571133871e-03 | 1
  2, 27 |   5.1287524974206523e-04 |   5.1287524974206523e-04 | 1
  2, 28 |   1.5272462589509966e-04 |   1.5272462589509966e-04 | 1
  2, 29 |   5.7684108420432919e-04 |   5.7684108420432919e-04 | 1
  2, 30 |   5.2521027217998994e-04 |   5.2521027217998994e-04 | 1
  3,  1 |   2.6162473969934926e-04 |   2.6162473969934926e-04 | 1
  3,  2 |   3.9850567356066201e-05 |   3.9850567356066201e-05 | 1
  3,  3 |   6.7178370912692636e-04 |   6.7178370912692636e-04 | 1
  3,  4 |   8.3190355816335781e-05 |   8.3190355816335781e-05 | 1
  3,  5 |   3.3843630641391910e-04 |   3.3843630641391910e-04 | 1
  3,  6 |   5.0012503409091512e-04 |   5.0012503409091512e-04 | 1
  3,  7 |   2.5687822302019226e-04 |   2.5687822302019226e-04 | 1
  3,  8 |   3.6134494055661012e-04 |   3.6134494055661012e-04 | 1
  3,  9 |   3.4557742981954060e-04 |   3.4557742981954060e-04 | 1
  3, 10 |  -1.3529394406930088e-03 |  -1.3529394406930088e-03 | 1
  3, 11 |   7.7205175997176106e-05 |   7.7205175997176106e-05 | 1
  3, 12 |   4.9342686263009012e-04 |   4.9342686263009012e-04 | 1
  3, 13 |   6.7340106854824446e-04 |   6.7340106854824446e-04 | 1
  3, 14 |   4.5198016062781275e-04 |   4.5198016062781275e-04 | 1
  3, 15 |   2.6787784355141440e-04 |   2.6787784355141440e-04 | 1
  3, 16 |   1.9396090686311923e-04 |   1.9396090686311923e-04 | 1
  3, 17 |   8.1471637026122207e-05 |   8.1471637026122207e-05 | 1
  3, 18 |   3.4363082633188328e-04 |   3.4363082633188328e-04 | 1
  3, 19 |   2.3172879510635180e-04 |   2.3172879510635180e-04 | 1
  3, 20 |   2.5738214042221765e-04 |   2.5738214042221765e-04 | 1
  3, 21 |  -2.3792600852269748e-04 |  -2.3792600852269748e-04 | 1
  3, 22 |   2.1272679969524790e-04 |   2.1272679969524790e-04 | 1
  3, 23 |   8.2605314798607388e-05 |   8.2605314798607388e-05 | 1
  3, 24 |   8.7685899526482691e-05 |   8.7685899526482691e-05 | 1
  3, 25 |   1.5823682869395956e-04 |   1.5823682869395956e-04 | 1
  3, 26 |  -3.5228105624947618e-04 |  -3.5228105624947618e-04 | 1
  3, 27 |   6.4919167217853245e-07 |   6.4919167217853245e-07 | 1
  3, 28 |   2.1154691337726427e-04 |   2.1154691337726427e-04 | 1
  3, 29 |  -5.1994480615120094e-05 |  -5.1994480615120094e-05 | 1
  3, 30 |  -3.8741488353445336e-05 |  -3.8741488353445336e-05 | 1
  4,  1 |   8.8220309043258519e-05 |   8.8220309043258519e-05 | 1
  4,  2 |   1.7637946793792018e-04 |   1.7637946793792018e-04 | 1
  4,  3 |   8.3190355816335781e-05 |   8.3190355816335781e-05 | 1
  4,  4 |   2.5363370416554023e-03 |   2.5363370416554023e-03 | 1
  4,  5 |   3.0614172552543951e-05 |   3.0614172552543951e-05 | 1
  4,  6 |   1.0233576083536223e-05 |   1.0233576083536223e-05 | 1
  4,  7 |   1.0397814570815287e-04 |   1.0397814570815287e-04 | 1
  4,  8 |   4.5135304515550980e-05 |   4.5135304515550980e-05 | 1
  4,  9 |   1.1087902189569711e-04 |   1.1087902189569711e-04 | 1
  4, 10 |   9.2422769099691226e-04 |   9.2422769099691226e-04 | 1
  4, 11 |   1.4357100749702104e-04 |   1.4357100749702104e-04 | 1
  4, 12 |  -5.9435474401668884e-06 |  -5.9435474401668884e-06 | 1
  4, 13 |  -4.5756731670218811e-05 |  -4.5756731670218811e-05 | 1
  4, 14 |   1.1963206803477957e-04 |   1.1963206803477957e-04 | 1
  4, 15 |   1.3210374219781114e-04 |   1.3210374219781114e-04 | 1
  4, 16 |   1.2055740991800867e-04 |   1.2055740991800867e-04 | 1
  4, 17 |   1.3871771837776969e-04 |   1.3871771837776969e-04 | 1
  4, 18 |   9.2729246571569260e-05 |   9.2729246571569260e-05 | 1
  4, 19 |   9.8601743566806570e-05 |   9.8601743566806570e-05 | 1
  4, 20 |   7.0984355721249870e-05 |   7.0984355721249870e-05 | 1
  4, 21 |   3.6107685122301308e-04 |   3.6107685122301308e-04 | 1
  4, 22 |   1.1035267969194637e-04 |   1.1035267969194637e-04 | 1
  4, 23 |   1.7988677343642247e-04 |   1.7988677343642247e-04 | 1
  4, 24 |   1.6749913077501277e-04 |   1.6749913077501277e-04 | 1
  4, 25 |   1.1241406644538154e-04 |   1.1241406644538154e-04 | 1
  4, 26 |   4.4433419891144364e-04 |   4.4433419891144364e-04 | 1
  4, 27 |   2.2082594252207510e-04 |   2.2082594252207510e-04 | 1
  4, 28 |   1.1457432940419399e-04 |   1.1457432940419399e-04 | 1
  4, 29 |   2.4138599498413344e-04 |   2.4138599498413344e-04 | 1
  4, 30 |   2.2165526593256115e-04 |   2.2165526593256115e-04 | 1
  5,  1 |   2.7824026926059572e-04 |   2.7824026926059572e-04 | 1
  5,  2 |  -1.0108332768980816e-04 |  -1.0108332768980816e-04 | 1
  5,  3 |   3.3843630641391910e-04 |   3.3843630641391910e-04 | 1
  5,  4 |   3.0614172552543951e-05 |   3.0614172552543951e-05 | 1
  5,  5 |   4.5582325730203037e-03 |   4.5582325730203037e-03 | 1
  5,  6 |   6.7409996425429972e-04 |   6.7409996425429972e-04 | 1
  5,  7 |   2.6001915618834091e-04 |   2.6001915618834091e-04 | 1
  5,  8 |   4.5246771555042763e-04 |   4.5246771555042763e-04 | 1
  5,  9 |   3.7423403027617125e-04 |   3.7423403027617125e-04 | 1
  5, 10 |  -2.6638130056406816e-03 |  -2.6638130056406816e-03 | 1
  5, 11 |  -2.3673070647886218e-05 |  -2.3673070647886218e-05 | 1
  5, 12 |   6.7929485086520728e-04 |   6.7929485086520728e-04 | 1
  5, 13 |   9.5976588493493567e-04 |   9.5976588493493567e-04 | 1
  5, 14 |   5.1194030507107475e-04 |   5.1194030507107475e-04 | 1
  5, 15 |   2.4801747565946527e-04 |   2.4801747565946527e-04 | 1
  5, 16 |   1.5719934798902910e-04 |   1.5719934798902910e-04 | 1
  5, 17 |  -1.2137071517269736e-05 |  -1.2137071517269736e-05 | 1
  5, 18 |   3.8674987049873780e-04 |   3.8674987049873780e-04 | 1
  5, 19 |   2.2663320769311391e-04 |   2.2663320769311391e-04 | 1
  5, 20 |   2.8938575604957556e-04 |   2.8938575604957556e-04 | 1
  5, 21 |  -6.4611840418823431e-04 |  -6.4611840418823431e-04 | 1
  5, 22 |   1.9623566922180959e-04 |   1.9623566922180959e-04 | 1
  5, 23 |  -4.4030730845749625e-05 |  -4.4030730845749625e-05 | 1
  5, 24 |  -2.8263576730845119e-05 |  -2.8263576730845119e-05 | 1
  5, 25 |   1.1419451897041559e-04 |   1.1419451897041559e-04 | 1
  5, 26 |  -8.7190681827229040e-04 |  -8.7190681827229040e-04 | 1
  5, 27 |  -1.9928868174541511e-04 |  -1.9928868174541511e-04 | 1
  5, 28 |   1.8775868134301917e-04 |   1.8775868134301917e-04 | 1
  5, 29 |  -2.8247224796983518e-04 |  -2.8247224796983518e-04 | 1
  5, 30 |  -2.4744815306601488e-04 |  -2.4744815306601488e-04 | 1
  6,  1 |   4.0214885877165677e-04 |   4.0214885877165677e-04 | 1
  6,  2 |  -2.3293826658823469e-04 |  -2.3293826658823469e-04 | 1
  6,  3 |   5.0012503409091512e-04 |   5.0012503409091512e-04 | 1
  6,  4 |   1.0233576083536223e-05 |   1.0233576083536223e-05 | 1
  6,  5 |   6.7409996425429972e-04 |   6.7409996425429972e-04 | 1
  6,  6 |   5.4601478912021280e-03 |   5.4601478912021280e-03 | 1
  6,  7 |   3.6680086266145618e-04 |   3.6680086266145618e-04 | 1
  6,  8 |   6.9570909755671930e-04 |   6.9570909755671930e-04 | 1
  6,  9 |   5.4723890471938797e-04 |   5.4723890471938797e-04 | 1
  6, 10 |  -4.5728630279458756e-03 |  -4.5728630279458756e-03 | 1
  6, 11 |  -9.5987447093809526e-05 |  -9.5987447093809526e-05 | 1
  6, 12 |   1.0760083249978440e-03 |   1.0760083249978440e-03 | 1
  6, 13 |   1.5329454526686360e-03 |   1.5329454526686360e-03 | 1
  6, 14 |   7.6140740159490140e-04 |   7.6140740159490140e-04 | 1
  6, 15 |   3.3779074427757141e-04 |   3.3779074427757141e-04 | 1
  6, 16 |   2.0146653988040947e-04 |   2.0146653988040947e-04 | 1
  6, 17 |  -7.8244838970721717e-05 |  -7.8244838970721717e-05 | 1
  6, 18 |   5.7028104671526898e-04 |   5.7028104671526898e-04 | 1
  6, 19 |   3.1691942433711713e-04 |   3.1691942433711713e-04 | 1
  6, 20 |   4.3040103067029060e-04 |   4.3040103067029060e-04 | 1
  6, 21 |  -1.1591180492836958e-03 |  -1.1591180492836958e-03 | 1
  6, 22 |   2.6359557599952785e-04 |   2.6359557599952785e-04 | 1
  6, 23 |  -1.4370920588345924e-04 |  -1.4370920588345924e-04 | 1
  6, 24 |  -1.0916311455209173e-04 |  -1.0916311455209173e-04 | 1
  6, 25 |   1.3817496731686126e-04 |   1.3817496731686126e-04 | 1
  6, 26 |  -1.5548351524964934e-03 |  -1.5548351524964934e-03 | 1
  6, 27 |  -4.0133502911097595e-04 |  -4.0133502911097595e-04 | 1
  6, 28 |   2.5299071505840455e-04 |   2.5299071505840455e-04 | 1
  6, 29 |  -5.4446201622743899e-04 |  -5.4446201622743899e-04 | 1
  6, 30 |  -4.7891678631520307e-04 |  -4.7891678631520307e-04 | 1
  7,  1 |   2.2886280964243711e-04 |   2.2886280964243711e-04 | 1
  7,  2 |   1.0780545557489546e-04 |   1.0780545557489546e-04 | 1
  7,  3 |   2.5687822302019226e-04 |   2.5687822302019226e-04 | 1
  7,  4 |   1.0397814570815287e-04 |   1.0397814570815287e-04 | 1
  7,  5 |   2.6001915618834091e-04 |   2.6001915618834091e-04 | 1
  7,  6 |   3.6680086266145618e-04 |   3.6680086266145618e-04 | 1
  7,  7 |   6.6976996716997656e-04 |   6.6976996716997656e-04 | 1
  7,  8 |   2.8104135087668957e-04 |   2.8104135087668957e-04 | 1
  7,  9 |   2.9986228497362176e-04 |   2.9986228497362176e-04 | 1
  7, 10 |  -5.6939506919433992e-04 |  -5.6939506919433992e-04 | 1
  7, 11 |   1.2171130289884380e-04 |   1.2171130289884380e-04 | 1
  7, 12 |   3.5267875323344983e-04 |   3.5267875323344983e-04 | 1
  7, 13 |   4.6656769873011823e-04 |   4.6656769873011823e-04 | 1
  7, 14 |   3.7932178286585283e-04 |   3.7932178286585283e-04 | 1
  7, 15 |   2.5477387005804386e-04 |   2.5477387005804386e-04 | 1
  7, 16 |   1.9264075446446378e-04 |   1.9264075446446378e-04 | 1
  7, 17 |   1.1902460597519918e-04 |   1.1902460597519918e-04 | 1
  7, 18 |   2.8879644615782544e-04 |   2.8879644615782544e-04 | 1
  7, 19 |   2.1190834423456134e-04 |   2.1190834423456134e-04 | 1
  7, 20 |   2.1670598099970598e-04 |   2.1670598099970598e-04 | 1
  7, 21 |  -1.0361652433707352e-05 |  -1.0361652433707352e-05 | 1
  7, 22 |   2.0216778091827067e-04 |   2.0216778091827067e-04 | 1
  7, 23 |   1.3951865144096128e-04 |   1.3951865144096128e-04 | 1
  7, 24 |   1.3726029111046302e-04 |   1.3726029111046302e-04 | 1
  7, 25 |   1.6371983790199938e-04 |   1.6371983790199938e-04 | 1
  7, 26 |  -5.3608728067372794e-05 |  -5.3608728067372794e-05 | 1
  7, 27 |   9.8676915240181374e-05 |   9.8676915240181374e-05 | 1
  7, 28 |   2.0315409120374523e-04 |   2.0315409120374523e-04 | 1
  7, 29 |   6.9680166658151225e-05 |   6.9680166658151225e-05 | 1
  7, 30 |   7.0415763470276185e-05 |   7.0415763470276185e-05 | 1
  8,  1 |   2.9955675347805385e-04 |   2.9955675347805385e-04 | 1
  8,  2 |  -8.0765278695911486e-05 |  -8.0765278695911486e-05 | 1
  8,  3 |   3.6134494055661012e-04 |   3.6134494055661012e-04 | 1
  8,  4 |   4.5135304515550980e-05 |   4.5135304515550980e-05 | 1
  8,  5 |   4.5246771555042763e-04 |   4.5246771555042763e-04 | 1
  8,  6 |   6.9570909755671930e-04 |   6.9570909755671930e-04 | 1
  8,  7 |   2.8104135087668957e-04 |   2.8104135087668957e-04 | 1
  8,  8 |   2.3820376519550408e-03 |   2.3820376519550408e-03 | 1
  8,  9 |   4.0195431998545441e-04 |   4.0195431998545441e-04 | 1
  8, 10 |  -2.6153876256390981e-03 |  -2.6153876256390981e-03 | 1
  8, 11 |  -3.8942320081608930e-06 |  -3.8942320081608930e-06 | 1
  8, 12 |   7.0210244137413583e-04 |   7.0210244137413583e-04 | 1
  8, 13 |   9.8422544416524411e-04 |   9.8422544416524411e-04 | 1
  8, 14 |   5.4552126493705145e-04 |   5.4552126493705145e-04 | 1
  8, 15 |   2.7459171075139548e-04 |   2.7459171075139548e-04 | 1
  8, 16 |   1.8124904687883008e-04 |   1.8124904687883008e-04 | 1
  8, 17 |   6.9528804865351127e-06 |   6.9528804865351127e-06 | 1
  8, 18 |   4.1190627133282846e-04 |   4.1190627133282846e-04 | 1
  8, 19 |   2.4698149601938704e-04 |   2.4698149601938704e-04 | 1
  8, 20 |   3.0951583632882543e-04 |   3.0951583632882543e-04 | 1
  8, 21 |  -6.1561128614564219e-04 |  -6.1561128614564219e-04 | 1
  8, 22 |   2.1544996696556723e-04 |   2.1544996696556723e-04 | 1
  8, 23 |  -2.2717647931343045e-05 |  -2.2717647931343045e-05 | 1
  8, 24 |  -3.6284045476580476e-06 |  -3.6284045476580476e-06 | 1
  8, 25 |   1.3670304306447956e-04 |   1.3670304306447956e-04 | 1
  8, 26 |  -8.3979249378126567e-04 |  -8.3979249378126567e-04 | 1
  8, 27 |  -1.7169801131190798e-04 |  -1.7169801131190798e-04 | 1
  8, 28 |   2.1189601265821992e-04 |   2.1189601265821992e-04 | 1
  8, 29 |  -2.5817650231497200e-04 |  -2.5817650231497200e-04 | 1
  8, 30 |  -2.2348127008294650e-04 |  -2.2348127008294650e-04 | 1
  9,  1 |   3.0198397684480456e-04 |   3.0198397684480456e-04 | 1
  9,  2 |   7.9234041349659855e-05 |   7.9234041349659855e-05 | 1
  9,  3 |   3.4557742981954060e-04 |   3.4557742981954060e-04 | 1
  9,  4 |   1.1087902189569711e-04 |   1.1087902189569711e-04 | 1
  9,  5 |   3.7423403027617125e-04 |   3.7423403027617125e-04 | 1
  9,  6 |   5.4723890471938797e-04 |   5.4723890471938797e-04 | 1
  9,  7 |   2.9986228497362176e-04 |   2.9986228497362176e-04 | 1
  9,  8 |   4.0195431998545441e-04 |   4.0195431998545441e-04 | 1
  9,  9 |   8.6483630415279972e-03 |   8.6483630415279972e-03 | 1
  9, 10 |  -1.2774644295376345e-03 |  -1.2774644295376345e-03 | 1
  9, 11 |   1.1373158055488390e-04 |   1.1373158055488390e-04 | 1
  9, 12 |   5.3419813071542465e-04 |   5.3419813071542465e-04 | 1
  9, 13 |   7.2162831322683898e-04 |   7.2162831322683898e-04 | 1
  9, 14 |   5.1809726618985436e-04 |   5.1809726618985436e-04 | 1
  9, 15 |   3.1745206778794211e-04 |   3.1745206778794211e-04 | 1
  9, 16 |   2.3591078994019223e-04 |   2.3591078994019223e-04 | 1
  9, 17 |   1.1821951751452462e-04 |   1.1821951751452462e-04 | 1
  9, 18 |   3.9149463146918683e-04 |   3.9149463146918683e-04 | 1
  9, 19 |   2.7256147488194436e-04 |   2.7256147488194436e-04 | 1
  9, 20 |   2.9537568962016475e-04 |   2.9537568962016475e-04 | 1
  9, 21 |  -1.8193905064157998e-04 |  -1.8193905064157998e-04 | 1
  9, 22 |   2.5306448149061328e-04 |   2.5306448149061328e-04 | 1
  9, 23 |   1.2732930670864587e-04 |   1.2732930670864587e-04 | 1
  9, 24 |   1.3208132741825243e-04 |   1.3208132741825243e-04 | 1
  9, 25 |   1.9645909170604324e-04 |   1.9645909170604324e-04 | 1
  9, 26 |  -2.8384684457464322e-04 |  -2.8384684457464322e-04 | 1
  9, 27 |   4.7829086955318426e-05 |   4.7829086955318426e-05 | 1
  9, 28 |   2.5502542912510923e-04 |   2.5502542912510923e-04 | 1
  9, 29 |  -3.9696218568560807e-06 |  -3.9696218568560807e-06 | 1
  9, 30 |   6.1121316114857657e-06 |   6.1121316114857657e-06 | 1
 10,  1 |  -8.7700264903881552e-04 |  -8.7700264903881552e-04 | 1
 10,  2 |   2.8040492261330475e-03 |   2.8040492261330475e-03 | 1
 10,  3 |  -1.3529394406930088e-03 |  -1.3529394406930088e-03 | 1
 10,  4 |   9.2422769099691226e-04 |   9.2422769099691226e-04 | 1
 10,  5 |  -2.6638130056406816e-03 |  -2.6638130056406816e-03 | 1
 10,  6 |  -4.5728630279458756e-03 |  -4.5728630279458756e-03 | 1
 10,  7 |  -5.6939506919433992e-04 |  -5.6939506919433992e-04 | 1
 10,  8 |  -2.6153876256390981e-03 |  -2.6153876256390981e-03 | 1
 10,  9 |  -1.2774644295376345e-03 |  -1.2774644295376345e-03 | 1
 10, 10 |   2.9499998941700877e-02 |   2.9499998941700877e-02 | 1
 10, 11 |   1.9017734539817669e-03 |   1.9017734539817669e-03 | 1
 10, 12 |  -4.8254350705717076e-03 |  -4.8254350705717076e-03 | 1
 10, 13 |  -7.2282144274570196e-03 |  -7.2282144274570196e-03 | 1
 10, 14 |  -2.1628293551934326e-03 |  -2.1628293551934326e-03 | 1
 10, 15 |  -1.3872237421939918e-04 |  -1.3872237421939918e-04 | 1
 10, 16 |   3.2648854104777060e-04 |   3.2648854104777060e-04 | 1
 10, 17 |   1.7338867549050599e-03 |   1.7338867549050599e-03 | 1
 10, 18 |  -1.5989598631834436e-03 |  -1.5989598631834436e-03 | 1
 10, 19 |  -3.8602962613566537e-04 |  -3.8602962613566537e-04 | 1
 10, 20 |  -1.1941418301230433e-03 |  -1.1941418301230433e-03 | 1
 10, 21 |   8.7975481374950523e-03 |   8.7975481374950523e-03 | 1
 10, 22 |  -9.7435370341180606e-05 |  -9.7435370341180606e-05 | 1
 10, 23 |   2.4314346250575800e-03 |   2.4314346250575800e-03 | 1
 10, 24 |   2.1696420619627833e-03 |   2.1696420619627833e-03 | 1
 10, 25 |   5.5242239840580932e-04 |   5.5242239840580932e-04 | 1
 10, 26 |   1.1356832949448585e-02 |   1.1356832949448585e-02 | 1
 10, 27 |   4.0292701307594742e-03 |   4.0292701307594742e-03 | 1
 10, 28 |   4.0358934755818643e-05 |   4.0358934755818643e-05 | 1
 10, 29 |   4.8267616364482211e-03 |   4.8267616364482211e-03 | 1
 10, 30 |   4.3332054031933551e-03 |   4.3332054031933551e-03 | 1
 11,  1 |   9.4759369490231277e-05 |   9.4759369490231277e-05 | 1
 11,  2 |   2.9773356511368437e-04 |   2.9773356511368437e-04 | 1
 11,  3 |   7.7205175997176106e-05 |   7.7205175997176106e-05 | 1
 11,  4 |   1.4357100749702104e-04 |   1.4357100749702104e-04 | 1
 11,  5 |  -2.3673070647886218e-05 |  -2.3673070647886218e-05 | 1
 11,  6 |  -9.5987447093809526e-05 |  -9.5987447093809526e-05 | 1
 11,  7 |   1.2171130289884380e-04 |   1.2171130289884380e-04 | 1
 11,  8 |  -3.8942320081608930e-06 |  -3.8942320081608930e-06 | 1
 11,  9 |   1.1373158055488390e-04 |   1.1373158055488390e-04 | 1
 11, 10 |   1.9017734539817669e-03 |   1.9017734539817669e-03 | 1
 11, 11 |   3.8037111433581873e-03 |   3.8037111433581873e-03 | 1
 11, 12 |  -1.2783734799540441e-04 |  -1.2783734799540441e-04 | 1
 11, 13 |  -2.3521981057760363e-04 |  -2.3521981057760363e-04 | 1
 11, 14 |   1.0084043453785390e-04 |   1.0084043453785390e-04 | 1
 11, 15 |   1.7272309617896210e-04 |   1.7272309617896210e-04 | 1
 11, 16 |   1.6215389722293953e-04 |   1.6215389722293953e-04 | 1
 11, 17 |   2.2015765800138950e-04 |   2.2015765800138950e-04 | 1
 11, 18 |   7.8620809618697689e-05 |   7.8620809618697689e-05 | 1
 11, 19 |   1.2038764651837325e-04 |   1.2038764651837325e-04 | 1
 11, 20 |   5.9494535791293721e-05 |   5.9494535791293721e-05 | 1
 11, 21 |   6.8380894962017497e-04 |   6.8380894962017497e-04 | 1
 11, 22 |   1.3357653248308426e-04 |   1.3357653248308426e-04 | 1
 11, 23 |   2.8671535082886584e-04 |   2.8671535082886584e-04 | 1
 11, 24 |   2.6967190634342932e-04 |   2.6967190634342932e-04 | 1
 11, 25 |   1.5971258876961545e-04 |   1.5971258876961545e-04 | 1
 11, 26 |   8.5698530218201053e-04 |   8.5698530218201053e-04 | 1
 11, 27 |   3.8798821542873586e-04 |   3.8798821542873586e-04 | 1
 11, 28 |   1.4774940783662366e-04 |   1.4774940783662366e-04 | 1
 11, 29 |   4.2878660378000550e-04 |   4.2878660378000550e-04 | 1
 11, 30 |   3.9152307799197438e-04 |   3.9152307799197438e-04 | 1
 12,  1 |   3.9349837535487814e-04 |   3.9349837535487814e-04 | 1
 12,  2 |  -2.6940153676006191e-04 |  -2.6940153676006191e-04 | 1
 12,  3 |   4.9342686263009012e-04 |   4.9342686263009012e-04 | 1
 12,  4 |  -5.9435474401668884e-06 |  -5.9435474401668884e-06 | 1
 12,  5 |   6.7929485086520728e-04 |   6.7929485086520728e-04 | 1
 12,  6 |   1.0760083249978440e-03 |   1.0760083249978440e-03 | 1
 12,  7 |   3.5267875323344983e-04 |   3.5267875323344983e-04 | 1
 12,  8 |   7.0210244137413583e-04 |   7.0210244137413583e-04 | 1
 12,  9 |   5.3419813071542465e-04 |   5.3419813071542465e-04 | 1
 12, 10 |  -4.8254350705717076e-03 |  -4.8254350705717076e-03 | 1
 12, 11 |  -1.2783734799540441e-04 |  -1.2783734799540441e-04 | 1
 12, 12 |   4.0202284494289357e-03 |   4.0202284494289357e-03 | 1
 12, 13 |   1.5693207145501928e-03 |   1.5693207145501928e-03 | 1
 12, 14 |   7.5376898725012078e-04 |   7.5376898725012078e-04 | 1
 12, 15 |   3.1716621506040451e-04 |   3.1716621506040451e-04 | 1
 12, 16 |   1.8457307324080415e-04 |   1.8457307324080415e-04 | 1
 12, 17 |  -1.0155760109886800e-04 |  -1.0155760109886800e-04 | 1
 12, 18 |   5.6766053639318052e-04 |   5.6766053639318052e-04 | 1
 12, 19 |   3.0280980448785266e-04 |   3.0280980448785266e-04 | 1
 12, 20 |   4.2716291082096935e-04 |   4.2716291082096935e-04 | 1
 12, 21 |  -1.2560468583878201e-03 |  -1.2560468583878201e-03 | 1
 12, 22 |   2.5192357397370465e-04 |   2.5192357397370465e-04 | 1
 12, 23 |  -1.7910890398538051e-04 |  -1.7910890398538051e-04 | 1
 12, 24 |  -1.4187358682837305e-04 |  -1.4187358682837305e-04 | 1
 12, 25 |   1.1812973329249551e-04 |   1.1812973329249551e-04 | 1
 12, 26 |  -1.6709792191535776e-03 |  -1.6709792191535776e-03 | 1
 12, 27 |  -4.5086346574580794e-04 |  -4.5086346574580794e-04 | 1
 12, 28 |   2.3742052281619652e-04 |   2.3742052281619652e-04 | 1
 12, 29 |  -5.9750531745611372e-04 |  -5.9750531745611372e-04 | 1
 12, 30 |  -5.2517480906939112e-04 |  -5.2517480906939112e-04 | 1
 13,  1 |   5.2957358419019793e-04 |   5.2957358419019793e-04 | 1
 13,  2 |  -4.4935536394445576e-04 |  -4.4935536394445576e-04 | 1
 13,  3 |   6.7340106854824446e-04 |   6.7340106854824446e-04 | 1
 13,  4 |  -4.5756731670218811e-05 |  -4.5756731670218811e-05 | 1
 13,  5 |   9.5976588493493567e-04 |   9.5976588493493567e-04 | 1
 13,  6 |   1.5329454526686360e-03 |   1.5329454526686360e-03 | 1
 13,  7 |   4.6656769873011823e-04 |   4.6656769873011823e-04 | 1
 13,  8 |   9.8422544416524411e-04 |   9.8422544416524411e-04 | 1
 13,  9 |   7.2162831322683898e-04 |   7.2162831322683898e-04 | 1
 13, 10 |  -7.2282144274570196e-03 |  -7.2282144274570196e-03 | 1
 13, 11 |  -2.3521981057760363e-04 |  -2.3521981057760363e-04 | 1
 13, 12 |   1.5693207145501928e-03 |   1.5693207145501928e-03 | 1
 13, 13 |   4.4736645173103044e-03 |   4.4736645173103044e-03 | 1
 13, 14 |   1.0326223627596734e-03 |   1.0326223627596734e-03 | 1
 13, 15 |   4.0605390404515425e-04 |   4.0605390404515425e-04 | 1
 13, 16 |   2.1700598667181168e-04 |   2.1700598667181168e-04 | 1
 13, 17 |  -1.9630045433968206e-04 |  -1.9630045433968206e-04 | 1
 13, 18 |   7.7723119490301102e-04 |   7.7723119490301102e-04 | 1
 13, 19 |   3.9793775883238046e-04 |   3.9793775883238046e-04 | 1
 13, 20 |   5.8023822995362944e-04 |   5.8023822995362944e-04 | 1
 13, 21 |  -1.9275254223015343e-03 |  -1.9275254223015343e-03 | 1
 13, 22 |   3.2048939516126198e-04 |   3.2048939516126198e-04 | 1
 13, 23 |  -3.1987842274634108e-04 |  -3.1987842274634108e-04 | 1
 13, 24 |  -2.6586537607451268e-04 |  -2.6586537607451268e-04 | 1
 13, 25 |   1.2732983986737088e-04 |   1.2732983986737088e-04 | 1
 13, 26 |  -2.5447318706168123e-03 |  -2.5447318706168123e-03 | 1
 13, 27 |  -7.2372055998540827e-04 |  -7.2372055998540827e-04 | 1
 13, 28 |   2.9507267672295617e-04 |   2.9507267672295617e-04 | 1
 13, 29 |  -9.3975186419002028e-04 |  -9.3975186419002028e-04 | 1
 13, 30 |  -8.3352271008955612e-04 |  -8.3352271008955612e-04 | 1
 14,  1 |   3.8924636531161038e-04 |   3.8924636531161038e-04 | 1
 14,  2 |   4.0032556872052661e-05 |   4.0032556872052661e-05 | 1
 14,  3 |   4.5198016062781275e-04 |   4.5198016062781275e-04 | 1
 14,  4 |   1.1963206803477957e-04 |   1.1963206803477957e-04 | 1
 14,  5 |   5.1194030507107475e-04 |   5.1194030507107475e-04 | 1
 14,  6 |   7.6140740159490140e-04 |   7.6140740159490140e-04 | 1
 14,  7 |   3.7932178286585283e-04 |   3.7932178286585283e-04 | 1
 14,  8 |   5.4552126493705145e-04 |   5.4552126493705145e-04 | 1
 14,  9 |   5.1809726618985436e-04 |   5.1809726618985436e-04 | 1
 14, 10 |  -2.1628293551934326e-03 |  -2.1628293551934326e-03 | 1
 14, 11 |   1.0084043453785390e-04 |   1.0084043453785390e-04 | 1
 14, 12 |   7.5376898725012078e-04 |   7.5376898725012078e-04 | 1
 14, 13 |   1.0326223627596734e-03 |   1.0326223627596734e-03 | 1
 14, 14 |   5.7887551101482061e-03 |   5.7887551101482061e-03 | 1
 14, 15 |   3.9280273499707854e-04 |   3.9280273499707854e-04 | 1
 14, 16 |   2.8470472813653120e-04 |   2.8470472813653120e-04 | 1
 14, 17 |   1.0973759803684762e-04 |   1.0973759803684762e-04 | 1
 14, 18 |   5.1398272054888462e-04 |   5.1398272054888462e-04 | 1
 14, 19 |   3.4256849690100880e-04 |   3.4256849690100880e-04 | 1
 14, 20 |   3.8817687231333436e-04 |   3.8817687231333436e-04 | 1
 14, 21 |  -3.9857690026105335e-04 |  -3.9857690026105335e-04 | 1
 14, 22 |   3.1258446152083823e-04 |   3.1258446152083823e-04 | 1
 14, 23 |   1.0687519545813238e-04 |   1.0687519545813238e-04 | 1
 14, 24 |   1.2039893709465293e-04 |   1.2039893709465293e-04 | 1
 14, 25 |   2.3366784543027482e-04 |   2.3366784543027482e-04 | 1
 14, 26 |  -5.7825276938786008e-04 |  -5.7825276938786008e-04 | 1
 14, 27 |  -2.1527871722908202e-05 |  -2.1527871722908202e-05 | 1
 14, 28 |   3.1437118369129820e-04 |   3.1437118369129820e-04 | 1
 14, 29 |  -1.0042592959091675e-04 |  -1.0042592959091675e-04 | 1
 14, 30 |  -7.9625143372831291e-05 |  -7.9625143372831291e-05 | 1
 15,  1 |   2.4437382213472823e-04 |   2.4437382213472823e-04 | 1
 15,  2 |   1.7028670674024208e-04 |   1.7028670674024208e-04 | 1
 15,  3 |   2.6787784355141440e-04 |   2.6787784355141440e-04 | 1
 15,  4 |   1.3210374219781114e-04 |   1.3210374219781114e-04 | 1
 15,  5 |   2.4801747565946527e-04 |   2.4801747565946527e-04 | 1
 15,  6 |   3.3779074427757141e-04 |   3.3779074427757141e-04 | 1
 15,  7 |   2.5477387005804386e-04 |   2.5477387005804386e-04 | 1
 15,  8 |   2.7459171075139548e-04 |   2.7459171075139548e-04 | 1
 15,  9 |   3.1745206778794211e-04 |   3.1745206778794211e-04 | 1
 15, 10 |  -1.3872237421939918e-04 |  -1.3872237421939918e-04 | 1
 15, 11 |   1.7272309617896210e-04 |   1.7272309617896210e-04 | 1
 15, 12 |   3.1716621506040451e-04 |   3.1716621506040451e-04 | 1
 15, 13 |   4.0605390404515425e-04 |   4.0605390404515425e-04 | 1
 15, 14 |   3.9280273499707854e-04 |   3.9280273499707854e-04 | 1
 15, 15 |   9.6093408230359632e-04 |   9.6093408230359632e-04 | 1
 15, 16 |   2.2389343279956628e-04 |   2.2389343279956628e-04 | 1
 15, 17 |   1.6383533974874740e-04 |   1.6383533974874740e-04 | 1
 15, 18 |   2.9945341260639109e-04 |   2.9945341260639109e-04 | 1
 15, 19 |   2.3227023009252755e-04 |   2.3227023009252755e-04 | 1
 15, 20 |   2.2314619772610141e-04 |   2.2314619772610141e-04 | 1
 15, 21 |   1.3788733847603090e-04 |   1.3788733847603090e-04 | 1
 15, 22 |   2.2680811406905881e-04 |   2.2680811406905881e-04 | 1
 15, 23 |   1.9811276553323396e-04 |   1.9811276553323396e-04 | 1
 15, 24 |   1.9395137959679219e-04 |   1.9395137959679219e-04 | 1
 15, 25 |   1.9508044888381394e-04 |   1.9508044888381394e-04 | 1
 15, 26 |   1.3464893509868478e-04 |   1.3464893509868478e-04 | 1
 15, 27 |   1.8282850466062818e-04 |   1.8282850466062818e-04 | 1
 15, 28 |   2.3105377274158567e-04 |   2.3105377274158567e-04 | 1
 15, 29 |   1.6256178405015361e-04 |   1.6256178405015361e-04 | 1
 15, 30 |   1.5470649787006251e-04 |   1.5470649787006251e-04 | 1
 16,  1 |   1.8218718554020147e-04 |   1.8218718554020147e-04 | 1
 16,  2 |   1.7668161260191265e-04 |   1.7668161260191265e-04 | 1
 16,  3 |   1.9396090686311923e-04 |   1.9396090686311923e-04 | 1
 16,  4 |   1.2055740991800867e-04 |   1.2055740991800867e-04 | 1
 16,  5 |   1.5719934798902910e-04 |   1.5719934798902910e-04 | 1
 16,  6 |   2.0146653988040947e-04 |   2.0146653988040947e-04 | 1
 16,  7 |   1.9264075446446378e-04 |   1.9264075446446378e-04 | 1
 16,  8 |   1.8124904687883008e-04 |   1.8124904687883008e-04 | 1
 16,  9 |   2.3591078994019223e-04 |   2.3591078994019223e-04 | 1
 16, 10 |   3.2648854104777060e-04 |   3.2648854104777060e-04 | 1
 16, 11 |   1.6215389722293953e-04 |   1.6215389722293953e-04 | 1
 16, 12 |   1.8457307324080415e-04 |   1.8457307324080415e-04 | 1
 16, 13 |   2.1700598667181168e-04 |   2.1700598667181168e-04 | 1
 16, 14 |   2.8470472813653120e-04 |   2.8470472813653120e-04 | 1
 16, 15 |   2.2389343279956628e-04 |   2.2389343279956628e-04 | 1
 16, 16 |   1.1047061925973719e-03 |   1.1047061925973719e-03 | 1
 16, 17 |   1.6013500842004618e-04 |   1.6013500842004618e-04 | 1
 16, 18 |   2.1752921760904821e-04 |   2.1752921760904821e-04 | 1
 16, 19 |   1.8104148752091183e-04 |   1.8104148752091183e-04 | 1
 16, 20 |   1.6434480495528838e-04 |   1.6434480495528838e-04 | 1
 16, 21 |   2.4027658842103660e-04 |   2.4027658842103660e-04 | 1
 16, 22 |   1.7947369291310860e-04 |   1.7947369291310860e-04 | 1
 16, 23 |   1.9513074770266856e-04 |   1.9513074770266856e-04 | 1
 16, 24 |   1.8754064985929773e-04 |   1.8754064985929773e-04 | 1
 16, 25 |   1.6740646181717572e-04 |   1.6740646181717572e-04 | 1
 16, 26 |   2.7158534322692320e-04 |   2.7158534322692320e-04 | 1
 16, 27 |   2.0581174214162791e-04 |   2.0581174214162791e-04 | 1
 16, 28 |   1.8801145921351311e-04 |   1.8801145921351311e-04 | 1
 16, 29 |   2.0170884293994635e-04 |   2.0170884293994635e-04 | 1
 16, 30 |   1.8911944696634698e-04 |   1.8911944696634698e-04 | 1
 17,  1 |   9.7268964904877859e-05 |   9.7268964904877859e-05 | 1
 17,  2 |   2.7722384754904001e-04 |   2.7722384754904001e-04 | 1
 17,  3 |   8.1471637026122207e-05 |   8.1471637026122207e-05 | 1
 17,  4 |   1.3871771837776969e-04 |   1.3871771837776969e-04 | 1
 17,  5 |  -1.2137071517269736e-05 |  -1.2137071517269736e-05 | 1
 17,  6 |  -7.8244838970721717e-05 |  -7.8244838970721717e-05 | 1
 17,  7 |   1.1902460597519918e-04 |   1.1902460597519918e-04 | 1
 17,  8 |   6.9528804865351127e-06 |   6.9528804865351127e-06 | 1
 17,  9 |   1.1821951751452462e-04 |   1.1821951751452462e-04 | 1
 17, 10 |   1.7338867549050599e-03 |   1.7338867549050599e-03 | 1
 17, 11 |   2.2015765800138950e-04 |   2.2015765800138950e-04 | 1
 17, 12 |  -1.0155760109886800e-04 |  -1.0155760109886800e-04 | 1
 17, 13 |  -1.9630045433968206e-04 |  -1.9630045433968206e-04 | 1
 17, 14 |   1.0973759803684762e-04 |   1.0973759803684762e-04 | 1
 17, 15 |   1.6383533974874740e-04 |   1.6383533974874740e-04 | 1
 17, 16 |   1.6013500842004618e-04 |   1.6013500842004618e-04 | 1
 17, 17 |   3.6007849518429678e-03 |   3.6007849518429678e-03 | 1
 17, 18 |   8.8745902577806838e-05 |   8.8745902577806838e-05 | 1
 17, 19 |   1.2130317052139029e-04 |   1.2130317052139029e-04 | 1
 17, 20 |   6.7108730574329855e-05 |   6.7108730574329855e-05 | 1
 17, 21 |   6.2559981241018287e-04 |   6.2559981241018287e-04 | 1
 17, 22 |   1.3246686091436711e-04 |   1.3246686091436711e-04 | 1
 17, 23 |   2.7234774819938498e-04 |   2.7234774819938498e-04 | 1
 17, 24 |   2.5335347704180330e-04 |   2.5335347704180330e-04 | 1
 17, 25 |   1.5879133581381234e-04 |   1.5879133581381234e-04 | 1
 17, 26 |   7.7906981394559437e-04 |   7.7906981394559437e-04 | 1
 17, 27 |   3.6096971811415358e-04 |   3.6096971811415358e-04 | 1
 17, 28 |   1.4658794422559972e-04 |   1.4658794422559972e-04 | 1
 17, 29 |   3.9767195666089714e-04 |   3.9767195666089714e-04 | 1
 17, 30 |   3.6171062912403391e-04 |   3.6171062912403391e-04 | 1
 18,  1 |   2.9631554234353728e-04 |   2.9631554234353728e-04 | 1
 18,  2 |   3.6034575478103079e-05 |   3.6034575478103079e-05 | 1
 18,  3 |   3.4363082633188328e-04 |   3.4363082633188328e-04 | 1
 18,  4 |   9.2729246571569260e-05 |   9.2729246571569260e-05 | 1
 18,  5 |   3.8674987049873780e-04 |   3.8674987049873780e-04 | 1
 18,  6 |   5.7028104671526898e-04 |   5.7028104671526898e-04 | 1
 18,  7 |   2.8879644615782544e-04 |   2.8879644615782544e-04 | 1
 18,  8 |   4.1190627133282846e-04 |   4.1190627133282846e-04 | 1
 18,  9 |   3.9149463146918683e-04 |   3.9149463146918683e-04 | 1
 18, 10 |  -1.5989598631834436e-03 |  -1.5989598631834436e-03 | 1
 18, 11 |   7.8620809618697689e-05 |   7.8620809618697689e-05 | 1
 18, 12 |   5.6766053639318052e-04 |   5.6766053639318052e-04 | 1
 18, 13 |   7.7723119490301102e-04 |   7.7723119490301102e-04 | 1
 18, 14 |   5.1398272054888462e-04 |   5.1398272054888462e-04 | 1
 18, 15 |   2.9945341260639109e-04 |   2.9945341260639109e-04 | 1
 18, 16 |   2.1752921760904821e-04 |   2.1752921760904821e-04 | 1
 18, 17 |   8.8745902577806838e-05 |   8.8745902577806838e-05 | 1
 18, 18 |   8.2351244353016245e-03 |   8.2351244353016245e-03 | 1
 18, 19 |   2.6053328713898573e-04 |   2.6053328713898573e-04 | 1
 18, 20 |   2.9216528044176176e-04 |   2.9216528044176176e-04 | 1
 18, 21 |  -2.9870850232601451e-04 |  -2.9870850232601451e-04 | 1
 18, 22 |   2.4011544995441059e-04 |   2.4011544995441059e-04 | 1
 18, 23 |   8.6974385821686514e-05 |   8.6974385821686514e-05 | 1
 18, 24 |   9.1486704225144343e-05 |   9.1486704225144343e-05 | 1
 18, 25 |   1.7815502063646966e-04 |   1.7815502063646966e-04 | 1
 18, 26 |  -4.2983322487705493e-04 |  -4.2983322487705493e-04 | 1
 18, 27 |  -1.0383094748323613e-05 |  -1.0383094748323613e-05 | 1
 18, 28 |   2.3853809893335516e-04 |   2.3853809893335516e-04 | 1
 18, 29 |  -7.1061321427583581e-05 |  -7.1061321427583581e-05 | 1
 18, 30 |  -5.4581919287692571e-05 |  -5.4581919287692571e-05 | 1
 19,  1 |   2.0767123473288996e-04 |   2.0767123473288996e-04 | 1
 19,  2 |   1.1255447453053713e-04 |   1.1255447453053713e-04 | 1
 19,  3 |   2.3172879510635180e-04 |   2.3172879510635180e-04 | 1
 19,  4 |   9.8601743566806570e-05 |   9.8601743566806570e-05 | 1
 19,  5 |   2.2663320769311391e-04 |   2.2663320769311391e-04 | 1
 19,  6 |   3.1691942433711713e-04 |   3.1691942433711713e-04 | 1
 19,  7 |   2.1190834423456134e-04 |   2.1190834423456134e-04 | 1
 19,  8 |   2.4698149601938704e-04 |   2.4698149601938704e-04 | 1
 19,  9 |   2.7256147488194436e-04 |   2.7256147488194436e-04 | 1
 19, 10 |  -3.8602962613566537e-04 |  -3.8602962613566537e-04 | 1
 19, 11 |   1.2038764651837325e-04 |   1.2038764651837325e-04 | 1
 19, 12 |   3.0280980448785266e-04 |   3.0280980448785266e-04 | 1
 19, 13 |   3.9793775883238046e-04 |   3.9793775883238046e-04 | 1
 19, 14 |   3.4256849690100880e-04 |   3.4256849690100880e-04 | 1
 19, 15 |   2.3227023009252755e-04 |   2.3227023009252755e-04 | 1
 19, 16 |   1.8104148752091183e-04 |   1.8104148752091183e-04 | 1
 19, 17 |   1.2130317052139029e-04 |   1.2130317052139029e-04 | 1
 19, 18 |   2.6053328713898573e-04 |   2.6053328713898573e-04 | 1
 19, 19 |   2.2379902870065509e-03 |   2.2379902870065509e-03 | 1
 19, 20 |   1.9555774171237111e-04 |   1.9555774171237111e-04 | 1
 19, 21 |   3.3875650845918701e-05 |   3.3875650845918701e-05 | 1
 19, 22 |   1.8543910458787918e-04 |   1.8543910458787918e-04 | 1
 19, 23 |   1.4184853681243180e-04 |   1.4184853681243180e-04 | 1
 19, 24 |   1.3700790791184575e-04 |   1.3700790791184575e-04 | 1
 19, 25 |   1.5757086620294934e-04 |   1.5757086620294934e-04 | 1
 19, 26 |   2.8136437793749308e-06 |   2.8136437793749308e-06 | 1
 19, 27 |   1.1284728417235807e-04 |   1.1284728417235807e-04 | 1
 19, 28 |   1.8921280823237438e-04 |   1.8921280823237438e-04 | 1
 19, 29 |   8.7231349324732991e-05 |   8.7231349324732991e-05 | 1
 19, 30 |   8.4833396636469958e-05 |   8.4833396636469958e-05 | 1
 20,  1 |   2.2181892273025558e-04 |   2.2181892273025558e-04 | 1
 20,  2 |   2.7614190023636820e-05 |   2.7614190023636820e-05 | 1
 20,  3 |   2.5738214042221765e-04 |   2.5738214042221765e-04 | 1
 20,  4 |   7.0984355721249870e-05 |   7.0984355721249870e-05 | 1
 20,  5 |   2.8938575604957556e-04 |   2.8938575604957556e-04 | 1
 20,  6 |   4.3040103067029060e-04 |   4.3040103067029060e-04 | 1
 20,  7 |   2.1670598099970598e-04 |   2.1670598099970598e-04 | 1
 20,  8 |   3.0951583632882543e-04 |   3.0951583632882543e-04 | 1
 20,  9 |   2.9537568962016475e-04 |   2.9537568962016475e-04 | 1
 20, 10 |  -1.1941418301230433e-03 |  -1.1941418301230433e-03 | 1
 20, 11 |   5.9494535791293721e-05 |   5.9494535791293721e-05 | 1
 20, 12 |   4.2716291082096935e-04 |   4.2716291082096935e-04 | 1
 20, 13 |   5.8023822995362944e-04 |   5.8023822995362944e-04 | 1
 20, 14 |   3.8817687231333436e-04 |   3.8817687231333436e-04 | 1
 20, 15 |   2.2314619772610141e-04 |   2.2314619772610141e-04 | 1
 20, 16 |   1.6434480495528838e-04 |   1.6434480495528838e-04 | 1
 20, 17 |   6.7108730574329855e-05 |   6.7108730574329855e-05 | 1
 20, 18 |   2.9216528044176176e-04 |   2.9216528044176176e-04 | 1
 20, 19 |   1.9555774171237111e-04 |   1.9555774171237111e-04 | 1
 20, 20 |   6.1866383214782897e-03 |   6.1866383214782897e-03 | 1
 20, 21 |  -2.1535382652295858e-04 |  -2.1535382652295858e-04 | 1
 20, 22 |   1.7789466725086865e-04 |   1.7789466725086865e-04 | 1
 20, 23 |   6.6090964048191319e-05 |   6.6090964048191319e-05 | 1
 20, 24 |   7.1369305158982001e-05 |   7.1369305158982001e-05 | 1
 20, 25 |   1.3462728196212949e-04 |   1.3462728196212949e-04 | 1
 20, 26 |  -3.1750284162319935e-04 |  -3.1750284162319935e-04 | 1
 20, 27 |  -8.4450925042307341e-06 |  -8.4450925042307341e-06 | 1
 20, 28 |   1.8040586471000368e-04 |   1.8040586471000368e-04 | 1
 20, 29 |  -5.1682385245961377e-05 |  -5.1682385245961377e-05 | 1
 20, 30 |  -3.9570844875308578e-05 |  -3.9570844875308578e-05 | 1
 21,  1 |  -1.1077616176737243e-04 |  -1.1077616176737243e-04 | 1
 21,  2 |   9.5161262739332968e-04 |   9.5161262739332968e-04 | 1
 21,  3 |  -2.3792600852269748e-04 |  -2.3792600852269748e-04 | 1
 21,  4 |   3.6107685122301308e-04 |   3.6107685122301308e-04 | 1
 21,  5 |  -6.4611840418823431e-04 |  -6.4611840418823431e-04 | 1
 21,  6 |  -1.1591180492836958e-03 |  -1.1591180492836958e-03 | 1
 21,  7 |  -1.0361652433707352e-05 |  -1.0361652433707352e-05 | 1
 21,  8 |  -6.1561128614564219e-04 |  -6.1561128614564219e-04 | 1
 21,  9 |  -1.8193905064157998e-04 |  -1.8193905064157998e-04 | 1
 21, 10 |   8.7975481374950523e-03 |   8.7975481374950523e-03 | 1
 21, 11 |   6.8380894962017497e-04 |   6.8380894962017497e-04 | 1
 21, 12 |  -1.2560468583878201e-03 |  -1.2560468583878201e-03 | 1
 21, 13 |  -1.9275254223015343e-03 |  -1.9275254223015343e-03 | 1
 21, 14 |  -3.9857690026105335e-04 |  -3.9857690026105335e-04 | 1
 21, 15 |   1.3788733847603090e-04 |   1.3788733847603090e-04 | 1
 21, 16 |   2.4027658842103660e-04 |   2.4027658842103660e-04 | 1
 21, 17 |   6.2559981241018287e-04 |   6.2559981241018287e-04 | 1
 21, 18 |  -2.9870850232601451e-04 |  -2.9870850232601451e-04 | 1
 21, 19 |   3.3875650845918701e-05 |   3.3875650845918701e-05 | 1
 21, 20 |  -2.1535382652295858e-04 |  -2.1535382652295858e-04 | 1
 21, 21 |   1.3704417976616395e-02 |   1.3704417976616395e-02 | 1
 21, 22 |   1.0959572533031692e-04 |   1.0959572533031692e-04 | 1
 21, 23 |   8.6002372099355903e-04 |   8.6002372099355903e-04 | 1
 21, 24 |   7.7828693983688680e-04 |   7.7828693983688680e-04 | 1
 21, 25 |   2.9002665320162753e-04 |   2.9002665320162753e-04 | 1
 21, 26 |   3.5151323247125024e-03 |   3.5151323247125024e-03 | 1
 21, 27 |   1.3306850066999547e-03 |   1.3306850066999547e-03 | 1
 21, 28 |   1.5785425798998799e-04 |   1.5785425798998799e-04 | 1
 21, 29 |   1.5558682964381687e-03 |   1.5558682964381687e-03 | 1
 21, 30 |   1.4038609613778500e-03 |   1.4038609613778500e-03 | 1
 22,  1 |   1.9418955378855927e-04 |   1.9418955378855927e-04 | 1
 22,  2 |   1.3569571843066676e-04 |   1.3569571843066676e-04 | 1
 22,  3 |   2.1272679969524790e-04 |   2.1272679969524790e-04 | 1
 22,  4 |   1.1035267969194637e-04 |   1.1035267969194637e-04 | 1
 22,  5 |   1.9623566922180959e-04 |   1.9623566922180959e-04 | 1
 22,  6 |   2.6359557599952785e-04 |   2.6359557599952785e-04 | 1
 22,  7 |   2.0216778091827067e-04 |   2.0216778091827067e-04 | 1
 22,  8 |   2.1544996696556723e-04 |   2.1544996696556723e-04 | 1
 22,  9 |   2.5306448149061328e-04 |   2.5306448149061328e-04 | 1
 22, 10 |  -9.7435370341180606e-05 |  -9.7435370341180606e-05 | 1
 22, 11 |   1.3357653248308426e-04 |   1.3357653248308426e-04 | 1
 22, 12 |   2.5192357397370465e-04 |   2.5192357397370465e-04 | 1
 22, 13 |   3.2048939516126198e-04 |   3.2048939516126198e-04 | 1
 22, 14 |   3.1258446152083823e-04 |   3.1258446152083823e-04 | 1
 22, 15 |   2.2680811406905881e-04 |   2.2680811406905881e-04 | 1
 22, 16 |   1.7947369291310860e-04 |   1.7947369291310860e-04 | 1
 22, 17 |   1.3246686091436711e-04 |   1.3246686091436711e-04 | 1
 22, 18 |   2.4011544995441059e-04 |   2.4011544995441059e-04 | 1
 22, 19 |   1.8543910458787918e-04 |   1.8543910458787918e-04 | 1
 22, 20 |   1.7789466725086865e-04 |   1.7789466725086865e-04 | 1
 22, 21 |   1.0959572533031692e-04 |   1.0959572533031692e-04 | 1
 22, 22 |   4.4531104882120642e-03 |   4.4531104882120642e-03 | 1
 22, 23 |   1.6177206651644128e-04 |   1.6177206651644128e-04 | 1
 22, 24 |   1.5322187691295888e-04 |   1.5322187691295888e-04 | 1
 22, 25 |   1.5730347935946041e-04 |   1.5730347935946041e-04 | 1
 22, 26 |   1.0765298041883733e-04 |   1.0765298041883733e-04 | 1
 22, 27 |   1.4515841879635496e-04 |   1.4515841879635496e-04 | 1
 22, 28 |   1.8464955095114186e-04 |   1.8464955095114186e-04 | 1
 22, 29 |   1.2877571566934114e-04 |   1.2877571566934114e-04 | 1
 22, 30 |   1.2444762525351945e-04 |   1.2444762525351945e-04 | 1
 23,  1 |   1.0593203401983525e-04 |   1.0593203401983525e-04 | 1
 23,  2 |   3.6694224264524687e-04 |   3.6694224264524687e-04 | 1
 23,  3 |   8.2605314798607388e-05 |   8.2605314798607388e-05 | 1
 23,  4 |   1.7988677343642247e-04 |   1.7988677343642247e-04 | 1
 23,  5 |  -4.4030730845749625e-05 |  -4.4030730845749625e-05 | 1
 23,  6 |  -1.4370920588345924e-04 |  -1.4370920588345924e-04 | 1
 23,  7 |   1.3951865144096128e-04 |   1.3951865144096128e-04 | 1
 23,  8 |  -2.2717647931343045e-05 |  -2.2717647931343045e-05 | 1
 23,  9 |   1.2732930670864587e-04 |   1.2732930670864587e-04 | 1
 23, 10 |   2.4314346250575800e-03 |   2.4314346250575800e-03 | 1
 23, 11 |   2.8671535082886584e-04 |   2.8671535082886584e-04 | 1
 23, 12 |  -1.7910890398538051e-04 |  -1.7910890398538051e-04 | 1
 23, 13 |  -3.1987842274634108e-04 |  -3.1987842274634108e-04 | 1
 23, 14 |   1.0687519545813238e-04 |   1.0687519545813238e-04 | 1
 23, 15 |   1.9811276553323396e-04 |   1.9811276553323396e-04 | 1
 23, 16 |   1.9513074770266856e-04 |   1.9513074770266856e-04 | 1
 23, 17 |   2.7234774819938498e-04 |   2.7234774819938498e-04 | 1
 23, 18 |   8.6974385821686514e-05 |   8.6974385821686514e-05 | 1
 23, 19 |   1.4184853681243180e-04 |   1.4184853681243180e-04 | 1
 23, 20 |   6.6090964048191319e-05 |   6.6090964048191319e-05 | 1
 23, 21 |   8.6002372099355903e-04 |   8.6002372099355903e-04 | 1
 23, 22 |   1.6177206651644128e-04 |   1.6177206651644128e-04 | 1
 23, 23 |   1.2622752820075408e-03 |   1.2622752820075408e-03 | 1
 23, 24 |   3.2881255444946154e-04 |   3.2881255444946154e-04 | 1
 23, 25 |   1.9399913521461244e-04 |   1.9399913521461244e-04 | 1
 23, 26 |   1.0731881949035775e-03 |   1.0731881949035775e-03 | 1
 23, 27 |   4.7977623323376282e-04 |   4.7977623323376282e-04 | 1
 23, 28 |   1.7584248402482098e-04 |   1.7584248402482098e-04 | 1
 23, 29 |   5.3407900981142426e-04 |   5.3407900981142426e-04 | 1
 23, 30 |   4.8601199596885123e-04 |   4.8601199596885123e-04 | 1
 24,  1 |   1.0755331439956216e-04 |   1.0755331439956216e-04 | 1
 24,  2 |   3.3779676882761568e-04 |   3.3779676882761568e-04 | 1
 24,  3 |   8.7685899526482691e-05 |   8.7685899526482691e-05 | 1
 24,  4 |   1.6749913077501277e-04 |   1.6749913077501277e-04 | 1
 24,  5 |  -2.8263576730845119e-05 |  -2.8263576730845119e-05 | 1
 24,  6 |  -1.0916311455209173e-04 |  -1.0916311455209173e-04 | 1
 24,  7 |   1.3726029111046302e-04 |   1.3726029111046302e-04 | 1
 24,  8 |  -3.6284045476580476e-06 |  -3.6284045476580476e-06 | 1
 24,  9 |   1.3208132741825243e-04 |   1.3208132741825243e-04 | 1
 24, 10 |   2.1696420619627833e-03 |   2.1696420619627833e-03 | 1
 24, 11 |   2.6967190634342932e-04 |   2.6967190634342932e-04 | 1
 24, 12 |  -1.4187358682837305e-04 |  -1.4187358682837305e-04 | 1
 24, 13 |  -2.6586537607451268e-04 |  -2.6586537607451268e-04 | 1
 24, 14 |   1.2039893709465293e-04 |   1.2039893709465293e-04 | 1
 24, 15 |   1.9395137959679219e-04 |   1.9395137959679219e-04 | 1
 24, 16 |   1.8754064985929773e-04 |   1.8754064985929773e-04 | 1
 24, 17 |   2.5335347704180330e-04 |   2.5335347704180330e-04 | 1
 24, 18 |   9.1486704225144343e-05 |   9.1486704225144343e-05 | 1
 24, 19 |   1.3700790791184575e-04 |   1.3700790791184575e-04 | 1
 24, 20 |   7.1369305158982001e-05 |   7.1369305158982001e-05 | 1
 24, 21 |   7.7828693983688680e-04 |   7.7828693983688680e-04 | 1
 24, 22 |   1.5322187691295888e-04 |   1.5322187691295888e-04 | 1
 24, 23 |   3.2881255444946154e-04 |   3.2881255444946154e-04 | 1
 24, 24 |   3.2556474965251877e-03 |   3.2556474965251877e-03 | 1
 24, 25 |   1.8601052277870538e-04 |   1.8601052277870538e-04 | 1
 24, 26 |   9.7289394259264842e-04 |   9.7289394259264842e-04 | 1
 24, 27 |   4.4214707938039423e-04 |   4.4214707938039423e-04 | 1
 24, 28 |   1.7257079520646457e-04 |   1.7257079520646457e-04 | 1
 24, 29 |   4.9032682237786917e-04 |   4.9032682237786917e-04 | 1
 24, 30 |   4.4847451915613852e-04 |   4.4847451915613852e-04 | 1
 25,  1 |   1.5279910558164411e-04 |   1.5279910558164411e-04 | 1
 25,  2 |   1.8053430984429724e-04 |   1.8053430984429724e-04 | 1
 25,  3 |   1.5823682869395956e-04 |   1.5823682869395956e-04 | 1
 25,  4 |   1.1241406644538154e-04 |   1.1241406644538154e-04 | 1
 25,  5 |   1.1419451897041559e-04 |   1.1419451897041559e-04 | 1
 25,  6 |   1.3817496731686126e-04 |   1.3817496731686126e-04 | 1
 25,  7 |   1.6371983790199938e-04 |   1.6371983790199938e-04 | 1
 25,  8 |   1.3670304306447956e-04 |   1.3670304306447956e-04 | 1
 25,  9 |   1.9645909170604324e-04 |   1.9645909170604324e-04 | 1
 25, 10 |   5.5242239840580932e-04 |   5.5242239840580932e-04 | 1
 25, 11 |   1.5971258876961545e-04 |   1.5971258876961545e-04 | 1
 25, 12 |   1.1812973329249551e-04 |   1.1812973329249551e-04 | 1
 25, 13 |   1.2732983986737088e-04 |   1.2732983986737088e-04 | 1
 25, 14 |   2.3366784543027482e-04 |   2.3366784543027482e-04 | 1
 25, 15 |   1.9508044888381394e-04 |   1.9508044888381394e-04 | 1
 25, 16 |   1.6740646181717572e-04 |   1.6740646181717572e-04 | 1
 25, 17 |   1.5879133581381234e-04 |   1.5879133581381234e-04 | 1
 25, 18 |   1.7815502063646966e-04 |   1.7815502063646966e-04 | 1
 25, 19 |   1.5757086620294934e-04 |   1.5757086620294934e-04 | 1
 25, 20 |   1.3462728196212949e-04 |   1.3462728196212949e-04 | 1
 25, 21 |   2.9002665320162753e-04 |   2.9002665320162753e-04 | 1
 25, 22 |   1.5730347935946041e-04 |   1.5730347935946041e-04 | 1
 25, 23 |   1.9399913521461244e-04 |   1.9399913521461244e-04 | 1
 25, 24 |   1.8601052277870538e-04 |   1.8601052277870538e-04 | 1
 25, 25 |   6.0519357592608205e-03 |   6.0519357592608205e-03 | 1
 25, 26 |   3.4420410622436841e-04 |   3.4420410622436841e-04 | 1
 25, 27 |   2.1984451837912420e-04 |   2.1984451837912420e-04 | 1
 25, 28 |   1.6687633990040567e-04 |   1.6687633990040567e-04 | 1
 25, 29 |   2.2362394855001888e-04 |   2.2362394855001888e-04 | 1
 25, 30 |   2.0631631020123710e-04 |   2.0631631020123710e-04 | 1
 26,  1 |  -1.8164006754960819e-04 |  -1.8164006754960819e-04 | 1
 26,  2 |   1.2017678571133871e-03 |   1.2017678571133871e-03 | 1
 26,  3 |  -3.5228105624947618e-04 |  -3.5228105624947618e-04 | 1
 26,  4 |   4.4433419891144364e-04 |   4.4433419891144364e-04 | 1
 26,  5 |  -8.7190681827229040e-04 |  -8.7190681827229040e-04 | 1
 26,  6 |  -1.5548351524964934e-03 |  -1.5548351524964934e-03 | 1
 26,  7 |  -5.3608728067372794e-05 |  -5.3608728067372794e-05 | 1
 26,  8 |  -8.3979249378126567e-04 |  -8.3979249378126567e-04 | 1
 26,  9 |  -2.8384684457464322e-04 |  -2.8384684457464322e-04 | 1
 26, 10 |   1.1356832949448585e-02 |   1.1356832949448585e-02 | 1
 26, 11 |   8.5698530218201053e-04 |   8.5698530218201053e-04 | 1
 26, 12 |  -1.6709792191535776e-03 |  -1.6709792191535776e-03 | 1
 26, 13 |  -2.5447318706168123e-03 |  -2.5447318706168123e-03 | 1
 26, 14 |  -5.7825276938786008e-04 |  -5.7825276938786008e-04 | 1
 26, 15 |   1.3464893509868478e-04 |   1.3464893509868478e-04 | 1
 26, 16 |   2.7158534322692320e-04 |   2.7158534322692320e-04 | 1
 26, 17 |   7.7906981394559437e-04 |   7.7906981394559437e-04 | 1
 26, 18 |  -4.2983322487705493e-04 |  -4.2983322487705493e-04 | 1
 26, 19 |   2.8136437793749308e-06 |   2.8136437793749308e-06 | 1
 26, 20 |  -3.1750284162319935e-04 |  -3.1750284162319935e-04 | 1
 26, 21 |   3.5151323247125024e-03 |   3.5151323247125024e-03 | 1
 26, 22 |   1.0765298041883733e-04 |   1.0765298041883733e-04 | 1
 26, 23 |   1.0731881949035775e-03 |   1.0731881949035775e-03 | 1
 26, 24 |   9.7289394259264842e-04 |   9.7289394259264842e-04 | 1
 26, 25 |   3.4420410622436841e-04 |   3.4420410622436841e-04 | 1
 26, 26 |   1.9659237999263723e-02 |   1.9659237999263723e-02 | 1
 26, 27 |   1.6842404022463576e-03 |   1.6842404022463576e-03 | 1
 26, 28 |   1.6811063549478685e-04 |   1.6811063549478685e-04 | 1
 26, 29 |   1.9825884330149264e-03 |   1.9825884330149264e-03 | 1
 26, 30 |   1.7873806147688590e-03 |   1.7873806147688590e-03 | 1
 27,  1 |   5.0562513313284641e-05 |   5.0562513313284641e-05 | 1
 27,  2 |   5.1287524974206523e-04 |   5.1287524974206523e-04 | 1
 27,  3 |   6.4919167217853245e-07 |   6.4919167217853245e-07 | 1
 27,  4 |   2.2082594252207510e-04 |   2.2082594252207510e-04 | 1
 27,  5 |  -1.9928868174541511e-04 |  -1.9928868174541511e-04 | 1
 27,  6 |  -4.0133502911097595e-04 |  -4.0133502911097595e-04 | 1
 27,  7 |   9.8676915240181374e-05 |   9.8676915240181374e-05 | 1
 27,  8 |  -1.7169801131190798e-04 |  -1.7169801131190798e-04 | 1
 27,  9 |   4.7829086955318426e-05 |   4.7829086955318426e-05 | 1
 27, 10 |   4.0292701307594742e-03 |   4.0292701307594742e-03 | 1
 27, 11 |   3.8798821542873586e-04 |   3.8798821542873586e-04 | 1
 27, 12 |  -4.5086346574580794e-04 |  -4.5086346574580794e-04 | 1
 27, 13 |  -7.2372055998540827e-04 |  -7.2372055998540827e-04 | 1
 27, 14 |  -2.1527871722908202e-05 |  -2.1527871722908202e-05 | 1
 27, 15 |   1.8282850466062818e-04 |   1.8282850466062818e-04 | 1
 27, 16 |   2.0581174214162791e-04 |   2.0581174214162791e-04 | 1
 27, 17 |   3.6096971811415358e-04 |   3.6096971811415358e-04 | 1
 27, 18 |  -1.0383094748323613e-05 |  -1.0383094748323613e-05 | 1
 27, 19 |   1.1284728417235807e-04 |   1.1284728417235807e-04 | 1
 27, 20 |  -8.4450925042307341e-06 |  -8.4450925042307341e-06 | 1
 27, 21 |   1.3306850066999547e-03 |   1.3306850066999547e-03 | 1
 27, 22 |   1.4515841879635496e-04 |   1.4515841879635496e-04 | 1
 27, 23 |   4.7977623323376282e-04 |   4.7977623323376282e-04 | 1
 27, 24 |   4.4214707938039423e-04 |   4.4214707938039423e-04 | 1
 27, 25 |   2.1984451837912420e-04 |   2.1984451837912420e-04 | 1
 27, 26 |   1.6842404022463576e-03 |   1.6842404022463576e-03 | 1
 27, 27 |   2.7242913546585215e-03 |   2.7242913546585215e-03 | 1
 27, 28 |   1.7155925305725766e-04 |   1.7155925305725766e-04 | 1
 27, 29 |   7.9145769340041518e-04 |   7.9145769340041518e-04 | 1
 27, 30 |   7.1697069496319673e-04 |   7.1697069496319673e-04 | 1
 28,  1 |   1.9532942411401127e-04 |   1.9532942411401127e-04 | 1
 28,  2 |   1.5272462589509966e-04 |   1.5272462589509966e-04 | 1
 28,  3 |   2.1154691337726427e-04 |   2.1154691337726427e-04 | 1
 28,  4 |   1.1457432940419399e-04 |   1.1457432940419399e-04 | 1
 28,  5 |   1.8775868134301917e-04 |   1.8775868134301917e-04 | 1
 28,  6 |   2.5299071505840455e-04 |   2.5299071505840455e-04 | 1
 28,  7 |   2.0315409120374523e-04 |   2.0315409120374523e-04 | 1
 28,  8 |   2.1189601265821992e-04 |   2.1189601265821992e-04 | 1
 28,  9 |   2.5502542912510923e-04 |   2.5502542912510923e-04 | 1
 28, 10 |   4.0358934755818643e-05 |   4.0358934755818643e-05 | 1
 28, 11 |   1.4774940783662366e-04 |   1.4774940783662366e-04 | 1
 28, 12 |   2.3742052281619652e-04 |   2.3742052281619652e-04 | 1
 28, 13 |   2.9507267672295617e-04 |   2.9507267672295617e-04 | 1
 28, 14 |   3.1437118369129820e-04 |   3.1437118369129820e-04 | 1
 28, 15 |   2.3105377274158567e-04 |   2.3105377274158567e-04 | 1
 28, 16 |   1.8801145921351311e-04 |   1.8801145921351311e-04 | 1
 28, 17 |   1.4658794422559972e-04 |   1.4658794422559972e-04 | 1
 28, 18 |   2.3853809893335516e-04 |   2.3853809893335516e-04 | 1
 28, 19 |   1.8921280823237438e-04 |   1.8921280823237438e-04 | 1
 28, 20 |   1.8040586471000368e-04 |   1.8040586471000368e-04 | 1
 28, 21 |   1.5785425798998799e-04 |   1.5785425798998799e-04 | 1
 28, 22 |   1.8464955095114186e-04 |   1.8464955095114186e-04 | 1
 28, 23 |   1.7584248402482098e-04 |   1.7584248402482098e-04 | 1
 28, 24 |   1.7257079520646457e-04 |   1.7257079520646457e-04 | 1
 28, 25 |   1.6687633990040567e-04 |   1.6687633990040567e-04 | 1
 28, 26 |   1.6811063549478685e-04 |   1.6811063549478685e-04 | 1
 28, 27 |   1.7155925305725766e-04 |   1.7155925305725766e-04 | 1
 28, 28 |   2.4782048477528119e-03 |   2.4782048477528119e-03 | 1
 28, 29 |   1.5905360850430080e-04 |   1.5905360850430080e-04 | 1
 28, 30 |   1.5147494230046007e-04 |   1.5147494230046007e-04 | 1
 29,  1 |   1.3424029678099605e-05 |   1.3424029678099605e-05 | 1
 29,  2 |   5.7684108420432919e-04 |   5.7684108420432919e-04 | 1
 29,  3 |  -5.1994480615120094e-05 |  -5.1994480615120094e-05 | 1
 29,  4 |   2.4138599498413344e-04 |   2.4138599498413344e-04 | 1
 29,  5 |  -2.8247224796983518e-04 |  -2.8247224796983518e-04 | 1
 29,  6 |  -5.4446201622743899e-04 |  -5.4446201622743899e-04 | 1
 29,  7 |   6.9680166658151225e-05 |   6.9680166658151225e-05 | 1
 29,  8 |  -2.5817650231497200e-04 |  -2.5817650231497200e-04 | 1
 29,  9 |  -3.9696218568560807e-06 |  -3.9696218568560807e-06 | 1
 29, 10 |   4.8267616364482211e-03 |   4.8267616364482211e-03 | 1
 29, 11 |   4.2878660378000550e-04 |   4.2878660378000550e-04 | 1
 29, 12 |  -5.9750531745611372e-04 |  -5.9750531745611372e-04 | 1
 29, 13 |  -9.3975186419002028e-04 |  -9.3975186419002028e-04 | 1
 29, 14 |  -1.0042592959091675e-04 |  -1.0042592959091675e-04 | 1
 29, 15 |   1.6256178405015361e-04 |   1.6256178405015361e-04 | 1
 29, 16 |   2.0170884293994635e-04 |   2.0170884293994635e-04 | 1
 29, 17 |   3.9767195666089714e-04 |   3.9767195666089714e-04 | 1
 29, 18 |  -7.1061321427583581e-05 |  -7.1061321427583581e-05 | 1
 29, 19 |   8.7231349324732991e-05 |   8.7231349324732991e-05 | 1
 29, 20 |  -5.1682385245961377e-05 |  -5.1682385245961377e-05 | 1
 29, 21 |   1.5558682964381687e-03 |   1.5558682964381687e-03 | 1
 29, 22 |   1.2877571566934114e-04 |   1.2877571566934114e-04 | 1
 29, 23 |   5.3407900981142426e-04 |   5.3407900981142426e-04 | 1
 29, 24 |   4.9032682237786917e-04 |   4.9032682237786917e-04 | 1
 29, 25 |   2.2362394855001888e-04 |   2.2362394855001888e-04 | 1
 29, 26 |   1.9825884330149264e-03 |   1.9825884330149264e-03 | 1
 29, 27 |   7.9145769340041518e-04 |   7.9145769340041518e-04 | 1
 29, 28 |   1.5905360850430080e-04 |   1.5905360850430080e-04 | 1
 29, 29 |   3.3157750970012187e-03 |   3.3157750970012187e-03 | 1
 29, 30 |   8.2235972768979660e-04 |   8.2235972768979660e-04 | 1
 30,  1 |   1.8758129236721021e-05 |   1.8758129236721021e-05 | 1
 30,  2 |   5.2521027217998994e-04 |   5.2521027217998994e-04 | 1
 30,  3 |  -3.8741488353445336e-05 |  -3.8741488353445336e-05 | 1
 30,  4 |   2.2165526593256115e-04 |   2.2165526593256115e-04 | 1
 30,  5 |  -2.4744815306601488e-04 |  -2.4744815306601488e-04 | 1
 30,  6 |  -4.7891678631520307e-04 |  -4.7891678631520307e-04 | 1
 30,  7 |   7.0415763470276185e-05 |   7.0415763470276185e-05 | 1
 30,  8 |  -2.2348127008294650e-04 |  -2.2348127008294650e-04 | 1
 30,  9 |   6.1121316114857657e-06 |   6.1121316114857657e-06 | 1
 30, 10 |   4.3332054031933551e-03 |   4.3332054031933551e-03 | 1
 30, 11 |   3.9152307799197438e-04 |   3.9152307799197438e-04 | 1
 30, 12 |  -5.2517480906939112e-04 |  -5.2517480906939112e-04 | 1
 30, 13 |  -8.3352271008955612e-04 |  -8.3352271008955612e-04 | 1
 30, 14 |  -7.9625143372831291e-05 |  -7.9625143372831291e-05 | 1
 30, 15 |   1.5470649787006251e-04 |   1.5470649787006251e-04 | 1
 30, 16 |   1.8911944696634698e-04 |   1.8911944696634698e-04 | 1
 30, 17 |   3.6171062912403391e-04 |   3.6171062912403391e-04 | 1
 30, 18 |  -5.4581919287692571e-05 |  -5.4581919287692571e-05 | 1
 30, 19 |   8.4833396636469958e-05 |   8.4833396636469958e-05 | 1
 30, 20 |  -3.9570844875308578e-05 |  -3.9570844875308578e-05 | 1
 30, 21 |   1.4038609613778500e-03 |   1.4038609613778500e-03 | 1
 30, 22 |   1.2444762525351945e-04 |   1.2444762525351945e-04 | 1
 30, 23 |   4.8601199596885123e-04 |   4.8601199596885123e-04 | 1
 30, 24 |   4.4847451915613852e-04 |   4.4847451915613852e-04 | 1
 30, 25 |   2.0631631020123710e-04 |   2.0631631020123710e-04 | 1
 30, 26 |   1.7873806147688590e-03 |   1.7873806147688590e-03 | 1
 30, 27 |   7.1697069496319673e-04 |   7.1697069496319673e-04 | 1
 30, 28 |   1.5147494230046007e-04 |   1.5147494230046007e-04 | 1
 30, 29 |   8.2235972768979660e-04 |   8.2235972768979660e-04 | 1
 30, 30 |   5.6877662124938978e-03 |   5.6877662124938978e-03 | 1
