row,col | V_base                   | V_new                    | equal
  1,  1 |   2.3079960386768197e-03 |   2.3079960386768197e-03 | 1
  1,  2 |  -6.6206804244281212e+00 |  -6.6206804244281212e+00 | 1
  1,  3 |   2.9753758720929063e-03 |   2.9753758720929063e-03 | 1
  1,  4 |  -1.1524239815907146e-03 |  -1.1524239815907146e-03 | 1
  1,  5 |  -1.6158575481734546e-03 |  -1.6158575481734546e-03 | 1
  1,  6 |  -1.2552545625176023e-03 |  -1.2552545625176023e-03 | 1
  2,  1 |  -6.6206804244281212e+00 |  -6.6206804244281212e+00 | 1
  2,  2 |   4.4356598515619458e+04 |   4.4356598515619458e+04 | 1
  2,  3 |  -2.3205167472678326e+01 |  -2.3205167472678326e+01 | 1
  2,  4 |   7.5033445569417117e+00 |   7.5033445569417117e+00 | 1
  2,  5 |   6.1518960046352467e-01 |   6.1518960046352467e-01 | 1
  2,  6 |   7.2760593502404518e+00 |   7.2760593502404518e+00 | 1
  3,  1 |   2.9753758720929063e-03 |   2.9753758720929063e-03 | 1
  3,  2 |  -2.3205167472678326e+01 |  -2.3205167472678326e+01 | 1
  3,  3 |   3.7531003392878119e-02 |   3.7531003392878119e-02 | 1
  3,  4 |  -3.8283426679257592e-03 |  -3.8283426679257592e-03 | 1
  3,  5 |   4.2409401828708559e-03 |   4.2409401828708559e-03 | 1
  3,  6 |  -3.1430159307292756e-03 |  -3.1430159307292756e-03 | 1
  4,  1 |  -1.1524239815907146e-03 |  -1.1524239815907146e-03 | 1
  4,  2 |   7.5033445569417117e+00 |   7.5033445569417117e+00 | 1
  4,  3 |  -3.8283426679257592e-03 |  -3.8283426679257592e-03 | 1
  4,  4 |   1.6170667233027735e-03 |   1.6170667233027735e-03 | 1
  4,  5 |   1.1991720658108691e-04 |   1.1991720658108691e-04 | 1
  4,  6 |   1.3093658921279102e-03 |   1.3093658921279102e-03 | 1
  5,  1 |  -1.6158575481734546e-03 |  -1.6158575481734546e-03 | 1
  5,  2 |   6.1518960046352467e-01 |   6.1518960046352467e-01 | 1
  5,  3 |   4.2409401828708559e-03 |   4.2409401828708559e-03 | 1
  5,  4 |   1.1991720658108691e-04 |   1.1991720658108691e-04 | 1
  5,  5 |   4.3420954330662589e-03 |   4.3420954330662589e-03 | 1
  5,  6 |   5.6593713707131120e-04 |   5.6593713707131120e-04 | 1
  6,  1 |  -1.2552545625176023e-03 |  -1.2552545625176023e-03 | 1
  6,  2 |   7.2760593502404518e+00 |   7.2760593502404518e+00 | 1
  6,  3 |  -3.1430159307292756e-03 |  -3.1430159307292756e-03 | 1
  6,  4 |   1.3093658921279102e-03 |   1.3093658921279102e-03 | 1
  6,  5 |   5.6593713707131120e-04 |   5.6593713707131120e-04 | 1
  6,  6 |   2.8067630735005527e-03 |   2.8067630735005527e-03 | 1
