row,col | V_base                   | V_new                    | equal
  1,  1 |   3.8957754399299041e-04 |   3.8957754399299041e-04 | 1
  1,  2 |   3.3381641561816902e-04 |   3.3381641561816902e-04 | 1
  1,  3 |   9.4110575593147000e-04 |   9.4110575593147000e-04 | 1
  1,  4 |   3.7262199405173449e-04 |   3.7262199405173449e-04 | 1
  1,  5 |   3.5643868668546624e-04 |   3.5643868668546624e-04 | 1
  1,  6 |   4.0157300669574803e-04 |   4.0157300669574803e-04 | 1
  1,  7 |   3.8354632009835084e-04 |   3.8354632009835084e-04 | 1
  1,  8 |   2.2910014771373444e-05 |   2.2910014771373444e-05 | 1
  1,  9 |   4.8192376759594404e-05 |   4.8192376759594404e-05 | 1
  1, 10 |   2.3040658983600274e-04 |   2.3040658983600274e-04 | 1
  1, 11 |  -1.5315233798001445e-05 |  -1.5315233798001445e-05 | 1
  1, 12 |  -6.2227957014352211e-06 |  -6.2227957014352211e-06 | 1
  1, 13 |  -9.8534040686373408e-05 |  -9.8534040686373408e-05 | 1
  1, 14 |  -5.6014027455711779e-08 |  -5.6014027455711779e-08 | 1
  1, 15 |  -5.3421138076424571e-05 |  -5.3421138076424571e-05 | 1
  1, 16 |   2.4691275377147383e-06 |   2.4691275377147383e-06 | 1
  1, 17 |   0.0000000000000000e+00 |   0.0000000000000000e+00 | 1
  2,  1 |   3.3381641561816902e-04 |   3.3381641561816902e-04 | 1
  2,  2 |   8.7452092949980335e-04 |   8.7452092949980335e-04 | 1
  2,  3 |  -3.2492991696902302e-04 |  -3.2492991696902302e-04 | 1
  2,  4 |   4.2314148750321708e-04 |   4.2314148750321708e-04 | 1
  2,  5 |   4.3936293264111570e-04 |   4.3936293264111570e-04 | 1
  2,  6 |   3.4788746777451082e-04 |   3.4788746777451082e-04 | 1
  2,  7 |   3.9238067578895616e-04 |   3.9238067578895616e-04 | 1
  2,  8 |  -2.6070524945313986e-04 |  -2.6070524945313986e-04 | 1
  2,  9 |  -2.8290958064962411e-04 |  -2.8290958064962411e-04 | 1
  2, 10 |   1.1034942317575762e-03 |   1.1034942317575762e-03 | 1
  2, 11 |  -1.4639845081139657e-05 |  -1.4639845081139657e-05 | 1
  2, 12 |   1.4574330427124498e-05 |   1.4574330427124498e-05 | 1
  2, 13 |  -1.0874213020025192e-04 |  -1.0874213020025192e-04 | 1
  2, 14 |  -4.9869621075374852e-08 |  -4.9869621075374852e-08 | 1
  2, 15 |  -5.1011323516560224e-05 |  -5.1011323516560224e-05 | 1
  2, 16 |   2.1123035892910506e-06 |   2.1123035892910506e-06 | 1
  2, 17 |   0.0000000000000000e+00 |   0.0000000000000000e+00 | 1
  3,  1 |   9.4110575593147000e-04 |   9.4110575593147000e-04 | 1
  3,  2 |  -3.2492991696902302e-04 |  -3.2492991696902302e-04 | 1
  3,  3 |   1.3168073779553024e-01 |   1.3168073779553024e-01 | 1
  3,  4 |  -5.3712287632863218e-04 |  -5.3712287632863218e-04 | 1
  3,  5 |  -9.4010758777357734e-04 |  -9.4010758777357734e-04 | 1
  3,  6 |   1.7578040982095040e-02 |   1.7578040982095040e-02 | 1
  3,  7 |   7.2971678102845311e-04 |   7.2971678102845311e-04 | 1
  3,  8 |  -1.8185066282819557e-03 |  -1.8185066282819557e-03 | 1
  3,  9 |   4.3651522263750193e-02 |   4.3651522263750193e-02 | 1
  3, 10 |  -1.5008484687429458e-01 |  -1.5008484687429458e-01 | 1
  3, 11 |  -1.5098933482506232e-05 |  -1.5098933482506232e-05 | 1
  3, 12 |   1.1434569333788175e-04 |   1.1434569333788175e-04 | 1
  3, 13 |  -3.3895667085457996e-04 |  -3.3895667085457996e-04 | 1
  3, 14 |  -1.3475693886478534e-07 |  -1.3475693886478534e-07 | 1
  3, 15 |  -1.7899521155548883e-04 |  -1.7899521155548883e-04 | 1
  3, 16 |   9.8771902166515226e-06 |   9.8771902166515226e-06 | 1
  3, 17 |   0.0000000000000000e+00 |   0.0000000000000000e+00 | 1
  4,  1 |   3.7262199405173449e-04 |   3.7262199405173449e-04 | 1
  4,  2 |   4.2314148750321708e-04 |   4.2314148750321708e-04 | 1
  4,  3 |  -5.3712287632863218e-04 |  -5.3712287632863218e-04 | 1
  4,  4 |   2.5455694126341674e-02 |   2.5455694126341674e-02 | 1
  4,  5 |   4.2991175559528257e-04 |   4.2991175559528257e-04 | 1
  4,  6 |   3.0491055695272719e-04 |   3.0491055695272719e-04 | 1
  4,  7 |   4.2619354567749576e-04 |   4.2619354567749576e-04 | 1
  4,  8 |   6.4065006269366974e-05 |   6.4065006269366974e-05 | 1
  4,  9 |  -4.1718221993147613e-04 |  -4.1718221993147613e-04 | 1
  4, 10 |   1.7348035838084845e-03 |   1.7348035838084845e-03 | 1
  4, 11 |   1.1736604640131468e-06 |   1.1736604640131468e-06 | 1
  4, 12 |   3.1855084385374216e-05 |   3.1855084385374216e-05 | 1
  4, 13 |  -1.0815959805622987e-04 |  -1.0815959805622987e-04 | 1
  4, 14 |  -5.9592079695776451e-08 |  -5.9592079695776451e-08 | 1
  4, 15 |  -6.0689483665313063e-05 |  -6.0689483665313063e-05 | 1
  4, 16 |   2.5762239899169975e-06 |   2.5762239899169975e-06 | 1
  4, 17 |   0.0000000000000000e+00 |   0.0000000000000000e+00 | 1
  5,  1 |   3.5643868668546624e-04 |   3.5643868668546624e-04 | 1
  5,  2 |   4.3936293264111570e-04 |   4.3936293264111570e-04 | 1
  5,  3 |  -9.4010758777357734e-04 |  -9.4010758777357734e-04 | 1
  5,  4 |   4.2991175559528257e-04 |   4.2991175559528257e-04 | 1
  5,  5 |   9.3714595487013278e-03 |   9.3714595487013278e-03 | 1
  5,  6 |   3.9509685639281826e-04 |   3.9509685639281826e-04 | 1
  5,  7 |   4.7171951564667759e-04 |   4.7171951564667759e-04 | 1
  5,  8 |   1.4483103636866234e-04 |   1.4483103636866234e-04 | 1
  5,  9 |  -4.2750243943459642e-04 |  -4.2750243943459642e-04 | 1
  5, 10 |   1.4506027717228461e-03 |   1.4506027717228461e-03 | 1
  5, 11 |  -5.5903358029738137e-05 |  -5.5903358029738137e-05 | 1
  5, 12 |  -3.6031202907330418e-05 |  -3.6031202907330418e-05 | 1
  5, 13 |  -1.2116124215342611e-04 |  -1.2116124215342611e-04 | 1
  5, 14 |  -4.6625391990367047e-08 |  -4.6625391990367047e-08 | 1
  5, 15 |  -4.3251142208449873e-05 |  -4.3251142208449873e-05 | 1
  5, 16 |   1.2620918735050870e-06 |   1.2620918735050870e-06 | 1
  5, 17 |   0.0000000000000000e+00 |   0.0000000000000000e+00 | 1
  6,  1 |   4.0157300669574803e-04 |   4.0157300669574803e-04 | 1
  6,  2 |   3.4788746777451082e-04 |   3.4788746777451082e-04 | 1
  6,  3 |   1.7578040982095040e-02 |   1.7578040982095040e-02 | 1
  6,  4 |   3.0491055695272719e-04 |   3.0491055695272719e-04 | 1
  6,  5 |   3.9509685639281826e-04 |   3.9509685639281826e-04 | 1
  6,  6 |   1.0575902081228130e-02 |   1.0575902081228130e-02 | 1
  6,  7 |   4.8458460417309180e-04 |   4.8458460417309180e-04 | 1
  6,  8 |  -7.8907928919529102e-05 |  -7.8907928919529102e-05 | 1
  6,  9 |   5.8814420173962153e-03 |   5.8814420173962153e-03 | 1
  6, 10 |  -2.0621782278347961e-02 |  -2.0621782278347961e-02 | 1
  6, 11 |  -3.7344047558751845e-05 |  -3.7344047558751845e-05 | 1
  6, 12 |   5.0088882188049446e-06 |   5.0088882188049446e-06 | 1
  6, 13 |  -1.0949282746339128e-04 |  -1.0949282746339128e-04 | 1
  6, 14 |  -5.2444744463211616e-08 |  -5.2444744463211616e-08 | 1
  6, 15 |  -6.6328463393093760e-05 |  -6.6328463393093760e-05 | 1
  6, 16 |   2.8591397688467548e-06 |   2.8591397688467548e-06 | 1
  6, 17 |   0.0000000000000000e+00 |   0.0000000000000000e+00 | 1
  7,  1 |   3.8354632009835084e-04 |   3.8354632009835084e-04 | 1
  7,  2 |   3.9238067578895616e-04 |   3.9238067578895616e-04 | 1
  7,  3 |   7.2971678102845311e-04 |   7.2971678102845311e-04 | 1
  7,  4 |   4.2619354567749576e-04 |   4.2619354567749576e-04 | 1
  7,  5 |   4.7171951564667759e-04 |   4.7171951564667759e-04 | 1
  7,  6 |   4.8458460417309180e-04 |   4.8458460417309180e-04 | 1
  7,  7 |   9.6433944765354947e-04 |   9.6433944765354947e-04 | 1
  7,  8 |   7.9700242285447956e-05 |   7.9700242285447956e-05 | 1
  7,  9 |   4.5112861035422904e-05 |   4.5112861035422904e-05 | 1
  7, 10 |   1.5414453714041377e-04 |   1.5414453714041377e-04 | 1
  7, 11 |  -1.2307590815450117e-05 |  -1.2307590815450117e-05 | 1
  7, 12 |  -3.4397241821520920e-05 |  -3.4397241821520920e-05 | 1
  7, 13 |  -1.0754706416918993e-04 |  -1.0754706416918993e-04 | 1
  7, 14 |  -5.5134527006872827e-08 |  -5.5134527006872827e-08 | 1
  7, 15 |  -5.4724916846965563e-05 |  -5.4724916846965563e-05 | 1
  7, 16 |   1.9247706474225192e-06 |   1.9247706474225192e-06 | 1
  7, 17 |   0.0000000000000000e+00 |   0.0000000000000000e+00 | 1
  8,  1 |   2.2910014771373444e-05 |   2.2910014771373444e-05 | 1
  8,  2 |  -2.6070524945313986e-04 |  -2.6070524945313986e-04 | 1
  8,  3 |  -1.8185066282819557e-03 |  -1.8185066282819557e-03 | 1
  8,  4 |   6.4065006269366974e-05 |   6.4065006269366974e-05 | 1
  8,  5 |   1.4483103636866234e-04 |   1.4483103636866234e-04 | 1
  8,  6 |  -7.8907928919529102e-05 |  -7.8907928919529102e-05 | 1
  8,  7 |   7.9700242285447956e-05 |   7.9700242285447956e-05 | 1
  8,  8 |   3.4472567660655485e-04 |   3.4472567660655485e-04 | 1
  8,  9 |  -4.9196823664803956e-04 |  -4.9196823664803956e-04 | 1
  8, 10 |   1.3691105422317504e-03 |   1.3691105422317504e-03 | 1
  8, 11 |   1.1012401181005485e-07 |   1.1012401181005485e-07 | 1
  8, 12 |  -1.6120886399332936e-05 |  -1.6120886399332936e-05 | 1
  8, 13 |   1.1986383323531697e-07 |   1.1986383323531697e-07 | 1
  8, 14 |  -3.0896306173584327e-09 |  -3.0896306173584327e-09 | 1
  8, 15 |  -2.0773569163421033e-06 |  -2.0773569163421033e-06 | 1
  8, 16 |  -4.1014141361881242e-08 |  -4.1014141361881242e-08 | 1
  8, 17 |   0.0000000000000000e+00 |   0.0000000000000000e+00 | 1
  9,  1 |   4.8192376759594404e-05 |   4.8192376759594404e-05 | 1
  9,  2 |  -2.8290958064962411e-04 |  -2.8290958064962411e-04 | 1
  9,  3 |   4.3651522263750193e-02 |   4.3651522263750193e-02 | 1
  9,  4 |  -4.1718221993147613e-04 |  -4.1718221993147613e-04 | 1
  9,  5 |  -4.2750243943459642e-04 |  -4.2750243943459642e-04 | 1
  9,  6 |   5.8814420173962153e-03 |   5.8814420173962153e-03 | 1
  9,  7 |   4.5112861035422904e-05 |   4.5112861035422904e-05 | 1
  9,  8 |  -4.9196823664803956e-04 |  -4.9196823664803956e-04 | 1
  9,  9 |   1.4965608090998025e-02 |   1.4965608090998025e-02 | 1
  9, 10 |  -5.2446279928782279e-02 |  -5.2446279928782279e-02 | 1
  9, 11 |   2.1099984642284725e-05 |   2.1099984642284725e-05 | 1
  9, 12 |   3.6412467184369129e-05 |   3.6412467184369129e-05 | 1
  9, 13 |  -3.8344564632479422e-06 |  -3.8344564632479422e-06 | 1
  9, 14 |  -1.5457974885210544e-09 |  -1.5457974885210544e-09 | 1
  9, 15 |  -1.7954942000683344e-05 |  -1.7954942000683344e-05 | 1
  9, 16 |   8.5942968270019499e-07 |   8.5942968270019499e-07 | 1
  9, 17 |   0.0000000000000000e+00 |   0.0000000000000000e+00 | 1
 10,  1 |   2.3040658983600274e-04 |   2.3040658983600274e-04 | 1
 10,  2 |   1.1034942317575762e-03 |   1.1034942317575762e-03 | 1
 10,  3 |  -1.5008484687429458e-01 |  -1.5008484687429458e-01 | 1
 10,  4 |   1.7348035838084845e-03 |   1.7348035838084845e-03 | 1
 10,  5 |   1.4506027717228461e-03 |   1.4506027717228461e-03 | 1
 10,  6 |  -2.0621782278347961e-02 |  -2.0621782278347961e-02 | 1
 10,  7 |   1.5414453714041377e-04 |   1.5414453714041377e-04 | 1
 10,  8 |   1.3691105422317504e-03 |   1.3691105422317504e-03 | 1
 10,  9 |  -5.2446279928782279e-02 |  -5.2446279928782279e-02 | 1
 10, 10 |   1.8805985864546587e-01 |   1.8805985864546587e-01 | 1
 10, 11 |  -1.0843319560849399e-04 |  -1.0843319560849399e-04 | 1
 10, 12 |  -1.5289499155333558e-04 |  -1.5289499155333558e-04 | 1
 10, 13 |  -7.8587468560105888e-05 |  -7.8587468560105888e-05 | 1
 10, 14 |  -5.1818930961705479e-08 |  -5.1818930961705479e-08 | 1
 10, 15 |   6.2824937301481642e-06 |   6.2824937301481642e-06 | 1
 10, 16 |  -1.1754489423848777e-06 |  -1.1754489423848777e-06 | 1
 10, 17 |   0.0000000000000000e+00 |   0.0000000000000000e+00 | 1
 11,  1 |  -1.5315233798001445e-05 |  -1.5315233798001445e-05 | 1
 11,  2 |  -1.4639845081139657e-05 |  -1.4639845081139657e-05 | 1
 11,  3 |  -1.5098933482506232e-05 |  -1.5098933482506232e-05 | 1
 11,  4 |   1.1736604640131468e-06 |   1.1736604640131468e-06 | 1
 11,  5 |  -5.5903358029738137e-05 |  -5.5903358029738137e-05 | 1
 11,  6 |  -3.7344047558751845e-05 |  -3.7344047558751845e-05 | 1
 11,  7 |  -1.2307590815450117e-05 |  -1.2307590815450117e-05 | 1
 11,  8 |   1.1012401181005485e-07 |   1.1012401181005485e-07 | 1
 11,  9 |   2.1099984642284725e-05 |   2.1099984642284725e-05 | 1
 11, 10 |  -1.0843319560849399e-04 |  -1.0843319560849399e-04 | 1
 11, 11 |   3.9715651235258437e-05 |   3.9715651235258437e-05 | 1
 11, 12 |   2.4334229021709757e-05 |   2.4334229021709757e-05 | 1
 11, 13 |  -2.1079881334853155e-07 |  -2.1079881334853155e-07 | 1
 11, 14 |  -2.1604355109803435e-09 |  -2.1604355109803435e-09 | 1
 11, 15 |  -7.7177941247658958e-07 |  -7.7177941247658958e-07 | 1
 11, 16 |   5.0097170060521453e-08 |   5.0097170060521453e-08 | 1
 11, 17 |   0.0000000000000000e+00 |   0.0000000000000000e+00 | 1
 12,  1 |  -6.2227957014352211e-06 |  -6.2227957014352211e-06 | 1
 12,  2 |   1.4574330427124498e-05 |   1.4574330427124498e-05 | 1
 12,  3 |   1.1434569333788175e-04 |   1.1434569333788175e-04 | 1
 12,  4 |   3.1855084385374216e-05 |   3.1855084385374216e-05 | 1
 12,  5 |  -3.6031202907330418e-05 |  -3.6031202907330418e-05 | 1
 12,  6 |   5.0088882188049446e-06 |   5.0088882188049446e-06 | 1
 12,  7 |  -3.4397241821520920e-05 |  -3.4397241821520920e-05 | 1
 12,  8 |  -1.6120886399332936e-05 |  -1.6120886399332936e-05 | 1
 12,  9 |   3.6412467184369129e-05 |   3.6412467184369129e-05 | 1
 12, 10 |  -1.5289499155333558e-04 |  -1.5289499155333558e-04 | 1
 12, 11 |   2.4334229021709757e-05 |   2.4334229021709757e-05 | 1
 12, 12 |   4.9276042915459015e-05 |   4.9276042915459015e-05 | 1
 12, 13 |  -2.8745432374298555e-06 |  -2.8745432374298555e-06 | 1
 12, 14 |  -5.4643134488691357e-09 |  -5.4643134488691357e-09 | 1
 12, 15 |  -1.4403858330073899e-06 |  -1.4403858330073899e-06 | 1
 12, 16 |   6.2129844376114966e-08 |   6.2129844376114966e-08 | 1
 12, 17 |   0.0000000000000000e+00 |   0.0000000000000000e+00 | 1
 13,  1 |  -9.8534040686373408e-05 |  -9.8534040686373408e-05 | 1
 13,  2 |  -1.0874213020025192e-04 |  -1.0874213020025192e-04 | 1
 13,  3 |  -3.3895667085457996e-04 |  -3.3895667085457996e-04 | 1
 13,  4 |  -1.0815959805622987e-04 |  -1.0815959805622987e-04 | 1
 13,  5 |  -1.2116124215342611e-04 |  -1.2116124215342611e-04 | 1
 13,  6 |  -1.0949282746339128e-04 |  -1.0949282746339128e-04 | 1
 13,  7 |  -1.0754706416918993e-04 |  -1.0754706416918993e-04 | 1
 13,  8 |   1.1986383323531697e-07 |   1.1986383323531697e-07 | 1
 13,  9 |  -3.8344564632479422e-06 |  -3.8344564632479422e-06 | 1
 13, 10 |  -7.8587468560105888e-05 |  -7.8587468560105888e-05 | 1
 13, 11 |  -2.1079881334853155e-07 |  -2.1079881334853155e-07 | 1
 13, 12 |  -2.8745432374298555e-06 |  -2.8745432374298555e-06 | 1
 13, 13 |   1.2644323391158258e-04 |   1.2644323391158258e-04 | 1
 13, 14 |   6.2554087910178493e-09 |   6.2554087910178493e-09 | 1
 13, 15 |   5.7951562519849102e-06 |   5.7951562519849102e-06 | 1
 13, 16 |  -1.7207188956243507e-07 |  -1.7207188956243507e-07 | 1
 13, 17 |   0.0000000000000000e+00 |   0.0000000000000000e+00 | 1
 14,  1 |  -5.6014027455711779e-08 |  -5.6014027455711779e-08 | 1
 14,  2 |  -4.9869621075374852e-08 |  -4.9869621075374852e-08 | 1
 14,  3 |  -1.3475693886478534e-07 |  -1.3475693886478534e-07 | 1
 14,  4 |  -5.9592079695776451e-08 |  -5.9592079695776451e-08 | 1
 14,  5 |  -4.6625391990367047e-08 |  -4.6625391990367047e-08 | 1
 14,  6 |  -5.2444744463211616e-08 |  -5.2444744463211616e-08 | 1
 14,  7 |  -5.5134527006872827e-08 |  -5.5134527006872827e-08 | 1
 14,  8 |  -3.0896306173584327e-09 |  -3.0896306173584327e-09 | 1
 14,  9 |  -1.5457974885210544e-09 |  -1.5457974885210544e-09 | 1
 14, 10 |  -5.1818930961705479e-08 |  -5.1818930961705479e-08 | 1
 14, 11 |  -2.1604355109803435e-09 |  -2.1604355109803435e-09 | 1
 14, 12 |  -5.4643134488691357e-09 |  -5.4643134488691357e-09 | 1
 14, 13 |   6.2554087910178493e-09 |   6.2554087910178493e-09 | 1
 14, 14 |   1.9506421017612150e-11 |   1.9506421017612150e-11 | 1
 14, 15 |   5.3524194050856655e-09 |   5.3524194050856655e-09 | 1
 14, 16 |  -2.0366178539243324e-10 |  -2.0366178539243324e-10 | 1
 14, 17 |   0.0000000000000000e+00 |   0.0000000000000000e+00 | 1
 15,  1 |  -5.3421138076424571e-05 |  -5.3421138076424571e-05 | 1
 15,  2 |  -5.1011323516560224e-05 |  -5.1011323516560224e-05 | 1
 15,  3 |  -1.7899521155548883e-04 |  -1.7899521155548883e-04 | 1
 15,  4 |  -6.0689483665313063e-05 |  -6.0689483665313063e-05 | 1
 15,  5 |  -4.3251142208449873e-05 |  -4.3251142208449873e-05 | 1
 15,  6 |  -6.6328463393093760e-05 |  -6.6328463393093760e-05 | 1
 15,  7 |  -5.4724916846965563e-05 |  -5.4724916846965563e-05 | 1
 15,  8 |  -2.0773569163421033e-06 |  -2.0773569163421033e-06 | 1
 15,  9 |  -1.7954942000683344e-05 |  -1.7954942000683344e-05 | 1
 15, 10 |   6.2824937301481642e-06 |   6.2824937301481642e-06 | 1
 15, 11 |  -7.7177941247658958e-07 |  -7.7177941247658958e-07 | 1
 15, 12 |  -1.4403858330073899e-06 |  -1.4403858330073899e-06 | 1
 15, 13 |   5.7951562519849102e-06 |   5.7951562519849102e-06 | 1
 15, 14 |   5.3524194050856655e-09 |   5.3524194050856655e-09 | 1
 15, 15 |   1.5055266453991208e-05 |   1.5055266453991208e-05 | 1
 15, 16 |  -9.5143732431678798e-07 |  -9.5143732431678798e-07 | 1
 15, 17 |   0.0000000000000000e+00 |   0.0000000000000000e+00 | 1
 16,  1 |   2.4691275377147383e-06 |   2.4691275377147383e-06 | 1
 16,  2 |   2.1123035892910506e-06 |   2.1123035892910506e-06 | 1
 16,  3 |   9.8771902166515226e-06 |   9.8771902166515226e-06 | 1
 16,  4 |   2.5762239899169975e-06 |   2.5762239899169975e-06 | 1
 16,  5 |   1.2620918735050870e-06 |   1.2620918735050870e-06 | 1
 16,  6 |   2.8591397688467548e-06 |   2.8591397688467548e-06 | 1
 16,  7 |   1.9247706474225192e-06 |   1.9247706474225192e-06 | 1
 16,  8 |  -4.1014141361881242e-08 |  -4.1014141361881242e-08 | 1
 16,  9 |   8.5942968270019499e-07 |   8.5942968270019499e-07 | 1
 16, 10 |  -1.1754489423848777e-06 |  -1.1754489423848777e-06 | 1
 16, 11 |   5.0097170060521453e-08 |   5.0097170060521453e-08 | 1
 16, 12 |   6.2129844376114966e-08 |   6.2129844376114966e-08 | 1
 16, 13 |  -1.7207188956243507e-07 |  -1.7207188956243507e-07 | 1
 16, 14 |  -2.0366178539243324e-10 |  -2.0366178539243324e-10 | 1
 16, 15 |  -9.5143732431678798e-07 |  -9.5143732431678798e-07 | 1
 16, 16 |   7.3515078532519620e-08 |   7.3515078532519620e-08 | 1
 16, 17 |   0.0000000000000000e+00 |   0.0000000000000000e+00 | 1
 17,  1 |   0.0000000000000000e+00 |   0.0000000000000000e+00 | 1
 17,  2 |   0.0000000000000000e+00 |   0.0000000000000000e+00 | 1
 17,  3 |   0.0000000000000000e+00 |   0.0000000000000000e+00 | 1
 17,  4 |   0.0000000000000000e+00 |   0.0000000000000000e+00 | 1
 17,  5 |   0.0000000000000000e+00 |   0.0000000000000000e+00 | 1
 17,  6 |   0.0000000000000000e+00 |   0.0000000000000000e+00 | 1
 17,  7 |   0.0000000000000000e+00 |   0.0000000000000000e+00 | 1
 17,  8 |   0.0000000000000000e+00 |   0.0000000000000000e+00 | 1
 17,  9 |   0.0000000000000000e+00 |   0.0000000000000000e+00 | 1
 17, 10 |   0.0000000000000000e+00 |   0.0000000000000000e+00 | 1
 17, 11 |   0.0000000000000000e+00 |   0.0000000000000000e+00 | 1
 17, 12 |   0.0000000000000000e+00 |   0.0000000000000000e+00 | 1
 17, 13 |   0.0000000000000000e+00 |   0.0000000000000000e+00 | 1
 17, 14 |   0.0000000000000000e+00 |   0.0000000000000000e+00 | 1
 17, 15 |   0.0000000000000000e+00 |   0.0000000000000000e+00 | 1
 17, 16 |   0.0000000000000000e+00 |   0.0000000000000000e+00 | 1
 17, 17 |   0.0000000000000000e+00 |   0.0000000000000000e+00 | 1
