row,col | V_base                   | V_new                    | equal
  1,  1 |   1.2575566356158763e-03 |   1.2575566356158763e-03 | 1
  1,  2 |  -4.6798290927431374e+00 |  -4.6798290927431374e+00 | 1
  1,  3 |   1.4732255041973988e-03 |   1.4732255041973988e-03 | 1
  1,  4 |  -4.0981976011350714e-04 |  -4.0981976011350714e-04 | 1
  1,  5 |  -8.7361775494331851e-04 |  -8.7361775494331851e-04 | 1
  1,  6 |  -6.4135028382023755e-04 |  -6.4135028382023755e-04 | 1
  2,  1 |  -4.6798290927431374e+00 |  -4.6798290927431374e+00 | 1
  2,  2 |   6.1141273234312219e+04 |   6.1141273234312219e+04 | 1
  2,  3 |   1.1575129974104165e+01 |   1.1575129974104165e+01 | 1
  2,  4 |   3.5471049234897911e-01 |   3.5471049234897911e-01 | 1
  2,  5 |   1.4385890445799150e+01 |   1.4385890445799150e+01 | 1
  2,  6 |   3.9357422859802602e+00 |   3.9357422859802602e+00 | 1
  3,  1 |   1.4732255041973988e-03 |   1.4732255041973988e-03 | 1
  3,  2 |   1.1575129974104165e+01 |   1.1575129974104165e+01 | 1
  3,  3 |   3.0398622776620508e-02 |   3.0398622776620508e-02 | 1
  3,  4 |  -1.9680125834604170e-03 |  -1.9680125834604170e-03 | 1
  3,  5 |   3.6651644662135611e-03 |   3.6651644662135611e-03 | 1
  3,  6 |  -6.0392773016084886e-04 |  -6.0392773016084886e-04 | 1
  4,  1 |  -4.0981976011350714e-04 |  -4.0981976011350714e-04 | 1
  4,  2 |   3.5471049234897911e-01 |   3.5471049234897911e-01 | 1
  4,  3 |  -1.9680125834604170e-03 |  -1.9680125834604170e-03 | 1
  4,  4 |   7.2783620008726993e-04 |   7.2783620008726993e-04 | 1
  4,  5 |  -5.5568194482880009e-04 |  -5.5568194482880009e-04 | 1
  4,  6 |   7.7359720901336001e-04 |   7.7359720901336001e-04 | 1
  5,  1 |  -8.7361775494331851e-04 |  -8.7361775494331851e-04 | 1
  5,  2 |   1.4385890445799150e+01 |   1.4385890445799150e+01 | 1
  5,  3 |   3.6651644662135611e-03 |   3.6651644662135611e-03 | 1
  5,  4 |  -5.5568194482880009e-04 |  -5.5568194482880009e-04 | 1
  5,  5 |   5.3797486253868640e-03 |   5.3797486253868640e-03 | 1
  5,  6 |   8.7633114429907572e-05 |   8.7633114429907572e-05 | 1
  6,  1 |  -6.4135028382023755e-04 |  -6.4135028382023755e-04 | 1
  6,  2 |   3.9357422859802602e+00 |   3.9357422859802602e+00 | 1
  6,  3 |  -6.0392773016084886e-04 |  -6.0392773016084886e-04 | 1
  6,  4 |   7.7359720901336001e-04 |   7.7359720901336001e-04 | 1
  6,  5 |   8.7633114429907572e-05 |   8.7633114429907572e-05 | 1
  6,  6 |   1.9284802211493883e-03 |   1.9284802211493883e-03 | 1
