row,col | V_base                   | V_new                    | equal
  1,  1 |   4.5590374257046607e-04 |   4.5590374257046607e-04 | 1
  1,  2 |   3.0759227267892022e-04 |   3.0759227267892022e-04 | 1
  1,  3 |   3.3674849165784643e-04 |   3.3674849165784643e-04 | 1
  1,  4 |   4.5800306291679895e-04 |   4.5800306291679895e-04 | 1
  1,  5 |   7.6369907087707250e-04 |   7.6369907087707250e-04 | 1
  1,  6 |   5.7729893573541132e-05 |   5.7729893573541132e-05 | 1
  1,  7 |   5.9976492462712706e-04 |   5.9976492462712706e-04 | 1
  1,  8 |   4.6833349837404822e-04 |   4.6833349837404822e-04 | 1
  1,  9 |   2.3481955105222687e-04 |   2.3481955105222687e-04 | 1
  1, 10 |  -9.2283436394615279e-05 |  -9.2283436394615279e-05 | 1
  1, 11 |   9.7722831530571325e-05 |   9.7722831530571325e-05 | 1
  1, 12 |   4.2877175702456239e-04 |   4.2877175702456239e-04 | 1
  2,  1 |   3.0759227267892022e-04 |   3.0759227267892022e-04 | 1
  2,  2 |   7.3397331151288131e-04 |   7.3397331151288131e-04 | 1
  2,  3 |   6.4100489357491255e-04 |   6.4100489357491255e-04 | 1
  2,  4 |   3.0895296189336041e-04 |   3.0895296189336041e-04 | 1
  2,  5 |  -4.3640406036163371e-04 |  -4.3640406036163371e-04 | 1
  2,  6 |   1.4718421629211394e-03 |   1.4718421629211394e-03 | 1
  2,  7 |  -4.1940746347388129e-05 |  -4.1940746347388129e-05 | 1
  2,  8 |   2.8676244927112158e-04 |   2.8676244927112158e-04 | 1
  2,  9 |   9.4694901822465311e-04 |   9.4694901822465311e-04 | 1
  2, 10 |   1.8212473507340579e-03 |   1.8212473507340579e-03 | 1
  2, 11 |   1.3459595378333398e-03 |   1.3459595378333398e-03 | 1
  2, 12 |   4.4556228608999137e-04 |   4.4556228608999137e-04 | 1
  3,  1 |   3.3674849165784643e-04 |   3.3674849165784643e-04 | 1
  3,  2 |   6.4100489357491255e-04 |   6.4100489357491255e-04 | 1
  3,  3 |   5.9313153000460726e-04 |   5.9313153000460726e-04 | 1
  3,  4 |   3.3907048668676014e-04 |   3.3907048668676014e-04 | 1
  3,  5 |  -2.1192304685714361e-04 |  -2.1192304685714361e-04 | 1
  3,  6 |   1.2132332746120017e-03 |   1.2132332746120017e-03 | 1
  3,  7 |   7.9275789798154790e-05 |   7.9275789798154790e-05 | 1
  3,  8 |   3.2290869152850937e-04 |   3.2290869152850937e-04 | 1
  3,  9 |   8.1798870811748800e-04 |   8.1798870811748800e-04 | 1
  3, 10 |   1.4702630288146276e-03 |   1.4702630288146276e-03 | 1
  3, 11 |   1.1179834339007490e-03 |   1.1179834339007490e-03 | 1
  3, 12 |   4.4513484478842424e-04 |   4.4513484478842424e-04 | 1
  4,  1 |   4.5800306291679895e-04 |   4.5800306291679895e-04 | 1
  4,  2 |   3.0895296189336041e-04 |   3.0895296189336041e-04 | 1
  4,  3 |   3.3907048668676014e-04 |   3.3907048668676014e-04 | 1
  4,  4 |   5.1951217647144929e-04 |   5.1951217647144929e-04 | 1
  4,  5 |   7.8030729545203929e-04 |   7.8030729545203929e-04 | 1
  4,  6 |   4.9976565445604724e-05 |   4.9976565445604724e-05 | 1
  4,  7 |   6.1099500761057756e-04 |   6.1099500761057756e-04 | 1
  4,  8 |   4.7519067654693253e-04 |   4.7519067654693253e-04 | 1
  4,  9 |   2.3344661098076357e-04 |   2.3344661098076357e-04 | 1
  4, 10 |  -1.0489127549769903e-04 |  -1.0489127549769903e-04 | 1
  4, 11 |   9.1442238052904588e-05 |   9.1442238052904588e-05 | 1
  4, 12 |   4.3395304146122356e-04 |   4.3395304146122356e-04 | 1
  5,  1 |   7.6369907087707250e-04 |   7.6369907087707250e-04 | 1
  5,  2 |  -4.3640406036163371e-04 |  -4.3640406036163371e-04 | 1
  5,  3 |  -2.1192304685714361e-04 |  -2.1192304685714361e-04 | 1
  5,  4 |   7.8030729545203929e-04 |   7.8030729545203929e-04 | 1
  5,  5 |   3.1075685628224031e-03 |   3.1075685628224031e-03 | 1
  5,  6 |  -2.6218132154684258e-03 |  -2.6218132154684258e-03 | 1
  5,  7 |   1.8694679669487503e-03 |   1.8694679669487503e-03 | 1
  5,  8 |   8.5325710882619183e-04 |   8.5325710882619183e-04 | 1
  5,  9 |  -1.0968846751848163e-03 |  -1.0968846751848163e-03 | 1
  5, 10 |  -3.7328205886381638e-03 |  -3.7328205886381638e-03 | 1
  5, 11 |  -2.2635132744108647e-03 |  -2.2635132744108647e-03 | 1
  5, 12 |   4.3372018776792140e-04 |   4.3372018776792140e-04 | 1
  6,  1 |   5.7729893573541132e-05 |   5.7729893573541132e-05 | 1
  6,  2 |   1.4718421629211394e-03 |   1.4718421629211394e-03 | 1
  6,  3 |   1.2132332746120017e-03 |   1.2132332746120017e-03 | 1
  6,  4 |   4.9976565445604724e-05 |   4.9976565445604724e-05 | 1
  6,  5 |  -2.6218132154684258e-03 |  -2.6218132154684258e-03 | 1
  6,  6 |   4.0797785183765952e-03 |   4.0797785183765952e-03 | 1
  6,  7 |  -1.2039349858718610e-03 |  -1.2039349858718610e-03 | 1
  6,  8 |  -3.1797995009848922e-05 |  -3.1797995009848922e-05 | 1
  6,  9 |   2.2673186010458033e-03 |   2.2673186010458033e-03 | 1
  6, 10 |   5.3443987558291113e-03 |   5.3443987558291113e-03 | 1
  6, 11 |   3.6495839339126977e-03 |   3.6495839339126977e-03 | 1
  6, 12 |   4.9118839221689962e-04 |   4.9118839221689962e-04 | 1
  7,  1 |   5.9976492462712706e-04 |   5.9976492462712706e-04 | 1
  7,  2 |  -4.1940746347388129e-05 |  -4.1940746347388129e-05 | 1
  7,  3 |   7.9275789798154790e-05 |   7.9275789798154790e-05 | 1
  7,  4 |   6.1099500761057756e-04 |   6.1099500761057756e-04 | 1
  7,  5 |   1.8694679669487503e-03 |   1.8694679669487503e-03 | 1
  7,  6 |  -1.2039349858718610e-03 |  -1.2039349858718610e-03 | 1
  7,  7 |   1.2056638598797556e-03 |   1.2056638598797556e-03 | 1
  7,  8 |   6.5084703913141162e-04 |   6.5084703913141162e-04 | 1
  7,  9 |  -3.9166967797008587e-04 |  -3.9166967797008587e-04 | 1
  7, 10 |  -1.8068882964723267e-03 |  -1.8068882964723267e-03 | 1
  7, 11 |  -1.0139371689746012e-03 |  -1.0139371689746012e-03 | 1
  7, 12 |   4.3225463397015922e-04 |   4.3225463397015922e-04 | 1
  8,  1 |   4.6833349837404822e-04 |   4.6833349837404822e-04 | 1
  8,  2 |   2.8676244927112158e-04 |   2.8676244927112158e-04 | 1
  8,  3 |   3.2290869152850937e-04 |   3.2290869152850937e-04 | 1
  8,  4 |   4.7519067654693253e-04 |   4.7519067654693253e-04 | 1
  8,  5 |   8.5325710882619183e-04 |   8.5325710882619183e-04 | 1
  8,  6 |  -3.1797995009848922e-05 |  -3.1797995009848922e-05 | 1
  8,  7 |   6.5084703913141162e-04 |   6.5084703913141162e-04 | 1
  8,  8 |   5.7543085691644691e-04 |   5.7543085691644691e-04 | 1
  8,  9 |   1.9317747723160590e-04 |   1.9317747723160590e-04 | 1
  8, 10 |  -2.1626831145722702e-04 |  -2.1626831145722702e-04 | 1
  8, 11 |   1.9490719064103763e-05 |   1.9490719064103763e-05 | 1
  8, 12 |   4.3486354333128574e-04 |   4.3486354333128574e-04 | 1
  9,  1 |   2.3481955105222687e-04 |   2.3481955105222687e-04 | 1
  9,  2 |   9.4694901822465311e-04 |   9.4694901822465311e-04 | 1
  9,  3 |   8.1798870811748800e-04 |   8.1798870811748800e-04 | 1
  9,  4 |   2.3344661098076357e-04 |   2.3344661098076357e-04 | 1
  9,  5 |  -1.0968846751848163e-03 |  -1.0968846751848163e-03 | 1
  9,  6 |   2.2673186010458033e-03 |   2.2673186010458033e-03 | 1
  9,  7 |  -3.9166967797008587e-04 |  -3.9166967797008587e-04 | 1
  9,  8 |   1.9317747723160590e-04 |   1.9317747723160590e-04 | 1
  9,  9 |   1.5144574459087022e-03 |   1.5144574459087022e-03 | 1
  9, 10 |   2.8946091380160953e-03 |   2.8946091380160953e-03 | 1
  9, 11 |   2.0489767916708691e-03 |   2.0489767916708691e-03 | 1
  9, 12 |   4.6269933764454070e-04 |   4.6269933764454070e-04 | 1
 10,  1 |  -9.2283436394615279e-05 |  -9.2283436394615279e-05 | 1
 10,  2 |   1.8212473507340579e-03 |   1.8212473507340579e-03 | 1
 10,  3 |   1.4702630288146276e-03 |   1.4702630288146276e-03 | 1
 10,  4 |  -1.0489127549769903e-04 |  -1.0489127549769903e-04 | 1
 10,  5 |  -3.7328205886381638e-03 |  -3.7328205886381638e-03 | 1
 10,  6 |   5.3443987558291113e-03 |   5.3443987558291113e-03 | 1
 10,  7 |  -1.8068882964723267e-03 |  -1.8068882964723267e-03 | 1
 10,  8 |  -2.1626831145722702e-04 |  -2.1626831145722702e-04 | 1
 10,  9 |   2.8946091380160953e-03 |   2.8946091380160953e-03 | 1
 10, 10 |   7.2636528510029077e-03 |   7.2636528510029077e-03 | 1
 10, 11 |   4.7637004465933795e-03 |   4.7637004465933795e-03 | 1
 10, 12 |   4.8632255726782864e-04 |   4.8632255726782864e-04 | 1
 11,  1 |   9.7722831530571325e-05 |   9.7722831530571325e-05 | 1
 11,  2 |   1.3459595378333398e-03 |   1.3459595378333398e-03 | 1
 11,  3 |   1.1179834339007490e-03 |   1.1179834339007490e-03 | 1
 11,  4 |   9.1442238052904588e-05 |   9.1442238052904588e-05 | 1
 11,  5 |  -2.2635132744108647e-03 |  -2.2635132744108647e-03 | 1
 11,  6 |   3.6495839339126977e-03 |   3.6495839339126977e-03 | 1
 11,  7 |  -1.0139371689746012e-03 |  -1.0139371689746012e-03 | 1
 11,  8 |   1.9490719064103763e-05 |   1.9490719064103763e-05 | 1
 11,  9 |   2.0489767916708691e-03 |   2.0489767916708691e-03 | 1
 11, 10 |   4.7637004465933795e-03 |   4.7637004465933795e-03 | 1
 11, 11 |   3.2988433807905663e-03 |   3.2988433807905663e-03 | 1
 11, 12 |   4.8252399692660453e-04 |   4.8252399692660453e-04 | 1
 12,  1 |   4.2877175702456239e-04 |   4.2877175702456239e-04 | 1
 12,  2 |   4.4556228608999137e-04 |   4.4556228608999137e-04 | 1
 12,  3 |   4.4513484478842424e-04 |   4.4513484478842424e-04 | 1
 12,  4 |   4.3395304146122356e-04 |   4.3395304146122356e-04 | 1
 12,  5 |   4.3372018776792140e-04 |   4.3372018776792140e-04 | 1
 12,  6 |   4.9118839221689962e-04 |   4.9118839221689962e-04 | 1
 12,  7 |   4.3225463397015922e-04 |   4.3225463397015922e-04 | 1
 12,  8 |   4.3486354333128574e-04 |   4.3486354333128574e-04 | 1
 12,  9 |   4.6269933764454070e-04 |   4.6269933764454070e-04 | 1
 12, 10 |   4.8632255726782864e-04 |   4.8632255726782864e-04 | 1
 12, 11 |   4.8252399692660453e-04 |   4.8252399692660453e-04 | 1
 12, 12 |   4.9317116894466440e-04 |   4.9317116894466440e-04 | 1
