row,col | V_base                   | V_new                    | equal
  1,  1 |   9.3447359268860865e-05 |   9.3447359268860865e-05 | 1
  1,  2 |   4.1507919704038236e-05 |   4.1507919704038236e-05 | 1
  1,  3 |   5.2581987108654774e-05 |   5.2581987108654774e-05 | 1
  1,  4 |   2.5201348970397126e-05 |   2.5201348970397126e-05 | 1
  1,  5 |   7.8091830931161383e-05 |   7.8091830931161383e-05 | 1
  1,  6 |   3.9644997136107789e-05 |   3.9644997136107789e-05 | 1
  1,  7 |   4.9340828719205128e-05 |   4.9340828719205128e-05 | 1
  1,  8 |   6.0549207711966932e-06 |   6.0549207711966932e-06 | 1
  1,  9 |  -4.1680793908316516e-05 |  -4.1680793908316516e-05 | 1
  1, 10 |   1.0666144552103617e-04 |   1.0666144552103617e-04 | 1
  1, 11 |  -2.1183502876449280e-05 |  -2.1183502876449280e-05 | 1
  1, 12 |  -2.2892124712600629e-05 |  -2.2892124712600629e-05 | 1
  1, 13 |  -5.5694489234155452e-05 |  -5.5694489234155452e-05 | 1
  1, 14 |   4.8241626255730204e-05 |   4.8241626255730204e-05 | 1
  1, 15 |  -8.5204429270052505e-07 |  -8.5204429270052505e-07 | 1
  2,  1 |   4.1507919704038236e-05 |   4.1507919704038236e-05 | 1
  2,  2 |   7.0403634410496599e-04 |   7.0403634410496599e-04 | 1
  2,  3 |  -6.7842089134909750e-04 |  -6.7842089134909750e-04 | 1
  2,  4 |  -5.5759428700723139e-06 |  -5.5759428700723139e-06 | 1
  2,  5 |   1.5520931969793375e-04 |   1.5520931969793375e-04 | 1
  2,  6 |   1.4742818597164370e-05 |   1.4742818597164370e-05 | 1
  2,  7 |   4.3837442376505077e-05 |   4.3837442376505077e-05 | 1
  2,  8 |  -2.1920108671272254e-04 |  -2.1920108671272254e-04 | 1
  2,  9 |  -4.4543228182224442e-04 |  -4.4543228182224442e-04 | 1
  2, 10 |   5.6045932312904481e-04 |   5.6045932312904481e-04 | 1
  2, 11 |  -1.8561967144161504e-05 |  -1.8561967144161504e-05 | 1
  2, 12 |  -7.6659568284181281e-06 |  -7.6659568284181281e-06 | 1
  2, 13 |  -6.4198136853441757e-05 |  -6.4198136853441757e-05 | 1
  2, 14 |   4.5700586530286551e-05 |   4.5700586530286551e-05 | 1
  2, 15 |   2.2247773515789653e-04 |   2.2247773515789653e-04 | 1
  3,  1 |   5.2581987108654774e-05 |   5.2581987108654774e-05 | 1
  3,  2 |  -6.7842089134909750e-04 |  -6.7842089134909750e-04 | 1
  3,  3 |   2.0271272509553403e-02 |   2.0271272509553403e-02 | 1
  3,  4 |   6.4512810765932484e-04 |   6.4512810765932484e-04 | 1
  3,  5 |  -1.1561085047679101e-03 |  -1.1561085047679101e-03 | 1
  3,  6 |   1.4177153948369478e-03 |   1.4177153948369478e-03 | 1
  3,  7 |   1.7241369667728259e-05 |   1.7241369667728259e-05 | 1
  3,  8 |  -1.7936139649940655e-03 |  -1.7936139649940655e-03 | 1
  3,  9 |   1.2686100246541279e-02 |   1.2686100246541279e-02 | 1
  3, 10 |  -1.7830270329871601e-02 |  -1.7830270329871601e-02 | 1
  3, 11 |  -2.5757186394530166e-05 |  -2.5757186394530166e-05 | 1
  3, 12 |   1.2057520571537088e-04 |   1.2057520571537088e-04 | 1
  3, 13 |  -1.5371379467920253e-04 |  -1.5371379467920253e-04 | 1
  3, 14 |   4.7916281427476314e-05 |   4.7916281427476314e-05 | 1
  3, 15 |   1.7847047754875731e-03 |   1.7847047754875731e-03 | 1
  4,  1 |   2.5201348970397126e-05 |   2.5201348970397126e-05 | 1
  4,  2 |  -5.5759428700723139e-06 |  -5.5759428700723139e-06 | 1
  4,  3 |   6.4512810765932484e-04 |   6.4512810765932484e-04 | 1
  4,  4 |   3.2099051219884780e-02 |   3.2099051219884780e-02 | 1
  4,  5 |  -3.0499361015062199e-05 |  -3.0499361015062199e-05 | 1
  4,  6 |   5.0441132599965039e-05 |   5.0441132599965039e-05 | 1
  4,  7 |   1.0948548189645329e-05 |   1.0948548189645329e-05 | 1
  4,  8 |  -8.7659030647138983e-05 |  -8.7659030647138983e-05 | 1
  4,  9 |   2.7993330707877734e-04 |   2.7993330707877734e-04 | 1
  4, 10 |  -2.5296153164210285e-04 |  -2.5296153164210285e-04 | 1
  4, 11 |  -1.4453824958584428e-05 |  -1.4453824958584428e-05 | 1
  4, 12 |   4.3269266826282282e-07 |   4.3269266826282282e-07 | 1
  4, 13 |  -4.1019803383544743e-05 |  -4.1019803383544743e-05 | 1
  4, 14 |   2.7893265732240383e-05 |   2.7893265732240383e-05 | 1
  4, 15 |   9.1345575954973927e-05 |   9.1345575954973927e-05 | 1
  5,  1 |   7.8091830931161383e-05 |   7.8091830931161383e-05 | 1
  5,  2 |   1.5520931969793375e-04 |   1.5520931969793375e-04 | 1
  5,  3 |  -1.1561085047679101e-03 |  -1.1561085047679101e-03 | 1
  5,  4 |  -3.0499361015062199e-05 |  -3.0499361015062199e-05 | 1
  5,  5 |   1.3405671779993701e-02 |   1.3405671779993701e-02 | 1
  5,  6 |   4.4937663509626230e-05 |   4.4937663509626230e-05 | 1
  5,  7 |   1.1090221925121888e-04 |   1.1090221925121888e-04 | 1
  5,  8 |   1.9463954996566931e-04 |   1.9463954996566931e-04 | 1
  5,  9 |  -7.1591205807461497e-04 |  -7.1591205807461497e-04 | 1
  5, 10 |   8.6286515012792592e-04 |   8.6286515012792592e-04 | 1
  5, 11 |  -5.9662343543177344e-05 |  -5.9662343543177344e-05 | 1
  5, 12 |  -6.0471181201166374e-05 |  -6.0471181201166374e-05 | 1
  5, 13 |  -7.8357775678219662e-05 |  -7.8357775678219662e-05 | 1
  5, 14 |   9.4295008704406571e-05 |   9.4295008704406571e-05 | 1
  5, 15 |  -1.8659989609396066e-04 |  -1.8659989609396066e-04 | 1
  6,  1 |   3.9644997136107789e-05 |   3.9644997136107789e-05 | 1
  6,  2 |   1.4742818597164370e-05 |   1.4742818597164370e-05 | 1
  6,  3 |   1.4177153948369478e-03 |   1.4177153948369478e-03 | 1
  6,  4 |   5.0441132599965039e-05 |   5.0441132599965039e-05 | 1
  6,  5 |   4.4937663509626230e-05 |   4.4937663509626230e-05 | 1
  6,  6 |   9.0397260872526978e-03 |   9.0397260872526978e-03 | 1
  6,  7 |   4.3544654893878942e-05 |   4.3544654893878942e-05 | 1
  6,  8 |  -7.9318804438818322e-05 |  -7.9318804438818322e-05 | 1
  6,  9 |   9.0672677381881074e-04 |   9.0672677381881074e-04 | 1
  6, 10 |  -1.3672863582887733e-03 |  -1.3672863582887733e-03 | 1
  6, 11 |  -3.5486091617315248e-05 |  -3.5486091617315248e-05 | 1
  6, 12 |  -9.6614912058668221e-06 |  -9.6614912058668221e-06 | 1
  6, 13 |  -4.8146562308892621e-05 |  -4.8146562308892621e-05 | 1
  6, 14 |   4.7632616679965672e-05 |   4.7632616679965672e-05 | 1
  6, 15 |   7.9850428384352544e-05 |   7.9850428384352544e-05 | 1
  7,  1 |   4.9340828719205128e-05 |   4.9340828719205128e-05 | 1
  7,  2 |   4.3837442376505077e-05 |   4.3837442376505077e-05 | 1
  7,  3 |   1.7241369667728259e-05 |   1.7241369667728259e-05 | 1
  7,  4 |   1.0948548189645329e-05 |   1.0948548189645329e-05 | 1
  7,  5 |   1.1090221925121888e-04 |   1.1090221925121888e-04 | 1
  7,  6 |   4.3544654893878942e-05 |   4.3544654893878942e-05 | 1
  7,  7 |   7.1711262717384487e-04 |   7.1711262717384487e-04 | 1
  7,  8 |   3.3892347567238350e-05 |   3.3892347567238350e-05 | 1
  7,  9 |  -2.1583161531930870e-05 |  -2.1583161531930870e-05 | 1
  7, 10 |   3.0978641714506329e-05 |   3.0978641714506329e-05 | 1
  7, 11 |  -2.0479321611721333e-05 |  -2.0479321611721333e-05 | 1
  7, 12 |  -4.6196851437973175e-05 |  -4.6196851437973175e-05 | 1
  7, 13 |  -5.6858725218753780e-05 |  -5.6858725218753780e-05 | 1
  7, 14 |   5.7018881419182774e-05 |   5.7018881419182774e-05 | 1
  7, 15 |  -2.5179230958844003e-05 |  -2.5179230958844003e-05 | 1
  8,  1 |   6.0549207711966932e-06 |   6.0549207711966932e-06 | 1
  8,  2 |  -2.1920108671272254e-04 |  -2.1920108671272254e-04 | 1
  8,  3 |  -1.7936139649940655e-03 |  -1.7936139649940655e-03 | 1
  8,  4 |  -8.7659030647138983e-05 |  -8.7659030647138983e-05 | 1
  8,  5 |   1.9463954996566931e-04 |   1.9463954996566931e-04 | 1
  8,  6 |  -7.9318804438818322e-05 |  -7.9318804438818322e-05 | 1
  8,  7 |   3.3892347567238350e-05 |   3.3892347567238350e-05 | 1
  8,  8 |   3.9434948116559039e-04 |   3.9434948116559039e-04 | 1
  8,  9 |  -9.9733188542883502e-04 |  -9.9733188542883502e-04 | 1
  8, 10 |   1.1928090558552863e-03 |   1.1928090558552863e-03 | 1
  8, 11 |  -2.7066693542523475e-06 |  -2.7066693542523475e-06 | 1
  8, 12 |  -2.0765989712751853e-05 |  -2.0765989712751853e-05 | 1
  8, 13 |   1.6340573394055476e-06 |   1.6340573394055476e-06 | 1
  8, 14 |   8.2648226779556091e-06 |   8.2648226779556091e-06 | 1
  8, 15 |  -3.9169551899348280e-04 |  -3.9169551899348280e-04 | 1
  9,  1 |  -4.1680793908316516e-05 |  -4.1680793908316516e-05 | 1
  9,  2 |  -4.4543228182224442e-04 |  -4.4543228182224442e-04 | 1
  9,  3 |   1.2686100246541279e-02 |   1.2686100246541279e-02 | 1
  9,  4 |   2.7993330707877734e-04 |   2.7993330707877734e-04 | 1
  9,  5 |  -7.1591205807461497e-04 |  -7.1591205807461497e-04 | 1
  9,  6 |   9.0672677381881074e-04 |   9.0672677381881074e-04 | 1
  9,  7 |  -2.1583161531930870e-05 |  -2.1583161531930870e-05 | 1
  9,  8 |  -9.9733188542883502e-04 |  -9.9733188542883502e-04 | 1
  9,  9 |   8.3864019582287480e-03 |   8.3864019582287480e-03 | 1
  9, 10 |  -1.2344255854540603e-02 |  -1.2344255854540603e-02 | 1
  9, 11 |   2.2732393052588705e-05 |   2.2732393052588705e-05 | 1
  9, 12 |   1.0171208961586077e-04 |   1.0171208961586077e-04 | 1
  9, 13 |   8.5830473940497297e-06 |   8.5830473940497297e-06 | 1
  9, 14 |  -5.4347761319044814e-05 |  -5.4347761319044814e-05 | 1
  9, 15 |   9.8523007856846003e-04 |   9.8523007856846003e-04 | 1
 10,  1 |   1.0666144552103617e-04 |   1.0666144552103617e-04 | 1
 10,  2 |   5.6045932312904481e-04 |   5.6045932312904481e-04 | 1
 10,  3 |  -1.7830270329871601e-02 |  -1.7830270329871601e-02 | 1
 10,  4 |  -2.5296153164210285e-04 |  -2.5296153164210285e-04 | 1
 10,  5 |   8.6286515012792592e-04 |   8.6286515012792592e-04 | 1
 10,  6 |  -1.3672863582887733e-03 |  -1.3672863582887733e-03 | 1
 10,  7 |   3.0978641714506329e-05 |   3.0978641714506329e-05 | 1
 10,  8 |   1.1928090558552863e-03 |   1.1928090558552863e-03 | 1
 10,  9 |  -1.2344255854540603e-02 |  -1.2344255854540603e-02 | 1
 10, 10 |   1.9771363508361429e-02 |   1.9771363508361429e-02 | 1
 10, 11 |  -6.5019470112390512e-05 |  -6.5019470112390512e-05 | 1
 10, 12 |  -1.8686487083503333e-04 |  -1.8686487083503333e-04 | 1
 10, 13 |  -5.8635120911555477e-05 |  -5.8635120911555477e-05 | 1
 10, 14 |   1.3444210314374170e-04 |   1.3444210314374170e-04 | 1
 10, 15 |  -1.1704845110542990e-03 |  -1.1704845110542990e-03 | 1
 11,  1 |  -2.1183502876449280e-05 |  -2.1183502876449280e-05 | 1
 11,  2 |  -1.8561967144161504e-05 |  -1.8561967144161504e-05 | 1
 11,  3 |  -2.5757186394530166e-05 |  -2.5757186394530166e-05 | 1
 11,  4 |  -1.4453824958584428e-05 |  -1.4453824958584428e-05 | 1
 11,  5 |  -5.9662343543177344e-05 |  -5.9662343543177344e-05 | 1
 11,  6 |  -3.5486091617315248e-05 |  -3.5486091617315248e-05 | 1
 11,  7 |  -2.0479321611721333e-05 |  -2.0479321611721333e-05 | 1
 11,  8 |  -2.7066693542523475e-06 |  -2.7066693542523475e-06 | 1
 11,  9 |   2.2732393052588705e-05 |   2.2732393052588705e-05 | 1
 11, 10 |  -6.5019470112390512e-05 |  -6.5019470112390512e-05 | 1
 11, 11 |   3.7541886541993773e-05 |   3.7541886541993773e-05 | 1
 11, 12 |   2.6654376952114809e-05 |   2.6654376952114809e-05 | 1
 11, 13 |   2.5050006130196130e-07 |   2.5050006130196130e-07 | 1
 11, 14 |  -3.0894331726940099e-05 |  -3.0894331726940099e-05 | 1
 11, 15 |   4.6509734937119790e-06 |   4.6509734937119790e-06 | 1
 12,  1 |  -2.2892124712600629e-05 |  -2.2892124712600629e-05 | 1
 12,  2 |  -7.6659568284181281e-06 |  -7.6659568284181281e-06 | 1
 12,  3 |   1.2057520571537088e-04 |   1.2057520571537088e-04 | 1
 12,  4 |   4.3269266826282282e-07 |   4.3269266826282282e-07 | 1
 12,  5 |  -6.0471181201166374e-05 |  -6.0471181201166374e-05 | 1
 12,  6 |  -9.6614912058668221e-06 |  -9.6614912058668221e-06 | 1
 12,  7 |  -4.6196851437973175e-05 |  -4.6196851437973175e-05 | 1
 12,  8 |  -2.0765989712751853e-05 |  -2.0765989712751853e-05 | 1
 12,  9 |   1.0171208961586077e-04 |   1.0171208961586077e-04 | 1
 12, 10 |  -1.8686487083503333e-04 |  -1.8686487083503333e-04 | 1
 12, 11 |   2.6654376952114809e-05 |   2.6654376952114809e-05 | 1
 12, 12 |   4.8021128158226476e-05 |   4.8021128158226476e-05 | 1
 12, 13 |  -6.5409718786181778e-07 |  -6.5409718786181778e-07 | 1
 12, 14 |  -3.1931538440858763e-05 |  -3.1931538440858763e-05 | 1
 12, 15 |   1.7371423267868238e-05 |   1.7371423267868238e-05 | 1
 13,  1 |  -5.5694489234155452e-05 |  -5.5694489234155452e-05 | 1
 13,  2 |  -6.4198136853441757e-05 |  -6.4198136853441757e-05 | 1
 13,  3 |  -1.5371379467920253e-04 |  -1.5371379467920253e-04 | 1
 13,  4 |  -4.1019803383544743e-05 |  -4.1019803383544743e-05 | 1
 13,  5 |  -7.8357775678219662e-05 |  -7.8357775678219662e-05 | 1
 13,  6 |  -4.8146562308892621e-05 |  -4.8146562308892621e-05 | 1
 13,  7 |  -5.6858725218753780e-05 |  -5.6858725218753780e-05 | 1
 13,  8 |   1.6340573394055476e-06 |   1.6340573394055476e-06 | 1
 13,  9 |   8.5830473940497297e-06 |   8.5830473940497297e-06 | 1
 13, 10 |  -5.8635120911555477e-05 |  -5.8635120911555477e-05 | 1
 13, 11 |   2.5050006130196130e-07 |   2.5050006130196130e-07 | 1
 13, 12 |  -6.5409718786181778e-07 |  -6.5409718786181778e-07 | 1
 13, 13 |   1.0993101762781668e-04 |   1.0993101762781668e-04 | 1
 13, 14 |  -5.5471401883073869e-05 |  -5.5471401883073869e-05 | 1
 13, 15 |  -1.0704294437804373e-05 |  -1.0704294437804373e-05 | 1
 14,  1 |   4.8241626255730204e-05 |   4.8241626255730204e-05 | 1
 14,  2 |   4.5700586530286551e-05 |   4.5700586530286551e-05 | 1
 14,  3 |   4.7916281427476314e-05 |   4.7916281427476314e-05 | 1
 14,  4 |   2.7893265732240383e-05 |   2.7893265732240383e-05 | 1
 14,  5 |   9.4295008704406571e-05 |   9.4295008704406571e-05 | 1
 14,  6 |   4.7632616679965672e-05 |   4.7632616679965672e-05 | 1
 14,  7 |   5.7018881419182774e-05 |   5.7018881419182774e-05 | 1
 14,  8 |   8.2648226779556091e-06 |   8.2648226779556091e-06 | 1
 14,  9 |  -5.4347761319044814e-05 |  -5.4347761319044814e-05 | 1
 14, 10 |   1.3444210314374170e-04 |   1.3444210314374170e-04 | 1
 14, 11 |  -3.0894331726940099e-05 |  -3.0894331726940099e-05 | 1
 14, 12 |  -3.1931538440858763e-05 |  -3.1931538440858763e-05 | 1
 14, 13 |  -5.5471401883073869e-05 |  -5.5471401883073869e-05 | 1
 14, 14 |   2.0330340282038461e-04 |   2.0330340282038461e-04 | 1
 14, 15 |  -1.4764783671909363e-04 |  -1.4764783671909363e-04 | 1
 15,  1 |  -8.5204429270052505e-07 |  -8.5204429270052505e-07 | 1
 15,  2 |   2.2247773515789653e-04 |   2.2247773515789653e-04 | 1
 15,  3 |   1.7847047754875731e-03 |   1.7847047754875731e-03 | 1
 15,  4 |   9.1345575954973927e-05 |   9.1345575954973927e-05 | 1
 15,  5 |  -1.8659989609396066e-04 |  -1.8659989609396066e-04 | 1
 15,  6 |   7.9850428384352544e-05 |   7.9850428384352544e-05 | 1
 15,  7 |  -2.5179230958844003e-05 |  -2.5179230958844003e-05 | 1
 15,  8 |  -3.9169551899348280e-04 |  -3.9169551899348280e-04 | 1
 15,  9 |   9.8523007856846003e-04 |   9.8523007856846003e-04 | 1
 15, 10 |  -1.1704845110542990e-03 |  -1.1704845110542990e-03 | 1
 15, 11 |   4.6509734937119790e-06 |   4.6509734937119790e-06 | 1
 15, 12 |   1.7371423267868238e-05 |   1.7371423267868238e-05 | 1
 15, 13 |  -1.0704294437804373e-05 |  -1.0704294437804373e-05 | 1
 15, 14 |  -1.4764783671909363e-04 |  -1.4764783671909363e-04 | 1
 15, 15 |   8.7944613293262171e-04 |   8.7944613293262171e-04 | 1
