row,col | V_base                   | V_new                    | equal
  1,  1 |   8.8045115894290027e-04 |   8.8045115894290027e-04 | 1
  1,  2 |   1.4480610422833970e-04 |   1.4480610422833970e-04 | 1
  1,  3 |   1.2422616505975223e-04 |   1.2422616505975223e-04 | 1
  1,  4 |   1.0206851434999352e-04 |   1.0206851434999352e-04 | 1
  1,  5 |   4.6549135563394585e-04 |   4.6549135563394585e-04 | 1
  1,  6 |   1.2879360944167501e-04 |   1.2879360944167501e-04 | 1
  1,  7 |   5.7886877611932407e-05 |   5.7886877611932407e-05 | 1
  1,  8 |   1.7252471493962000e-04 |   1.7252471493962000e-04 | 1
  1,  9 |   1.5845557576673334e-04 |   1.5845557576673334e-04 | 1
  1, 10 |   4.1942410031362527e-05 |   4.1942410031362527e-05 | 1
  1, 11 |  -7.2200032117378791e-05 |  -7.2200032117378791e-05 | 1
  1, 12 |   6.9724283151695299e-04 |   6.9724283151695299e-04 | 1
  1, 13 |  -4.3063082374373047e-05 |  -4.3063082374373047e-05 | 1
  1, 14 |  -3.3531386874927562e-05 |  -3.3531386874927562e-05 | 1
  1, 15 |  -3.6572451789000615e-05 |  -3.6572451789000615e-05 | 1
  1, 16 |  -6.6481202640077071e-05 |  -6.6481202640077071e-05 | 1
  1, 17 |  -3.9472283278423970e-08 |  -3.9472283278423970e-08 | 1
  1, 18 |   1.4484235941890372e-04 |   1.4484235941890372e-04 | 1
  1, 19 |  -2.8801389485516909e-05 |  -2.8801389485516909e-05 | 1
  2,  1 |   1.4480610422833970e-04 |   1.4480610422833970e-04 | 1
  2,  2 |   7.1197254442803663e-03 |   7.1197254442803663e-03 | 1
  2,  3 |  -2.2039712906928962e-05 |  -2.2039712906928962e-05 | 1
  2,  4 |   3.8230381549108716e-04 |   3.8230381549108716e-04 | 1
  2,  5 |  -1.7391506356807709e-04 |  -1.7391506356807709e-04 | 1
  2,  6 |   9.1437687883220162e-04 |   9.1437687883220162e-04 | 1
  2,  7 |   6.1899039426547339e-04 |   6.1899039426547339e-04 | 1
  2,  8 |   5.1935083341872910e-05 |   5.1935083341872910e-05 | 1
  2,  9 |   3.6990306942416638e-04 |   3.6990306942416638e-04 | 1
  2, 10 |   2.7862971194216382e-04 |   2.7862971194216382e-04 | 1
  2, 11 |  -2.7267710986880240e-04 |  -2.7267710986880240e-04 | 1
  2, 12 |  -9.1182702286539093e-04 |  -9.1182702286539093e-04 | 1
  2, 13 |  -3.7710637524018490e-05 |  -3.7710637524018490e-05 | 1
  2, 14 |  -3.9854202638641206e-05 |  -3.9854202638641206e-05 | 1
  2, 15 |  -1.0323904318354122e-05 |  -1.0323904318354122e-05 | 1
  2, 16 |  -9.2902486684507364e-05 |  -9.2902486684507364e-05 | 1
  2, 17 |  -2.8732333077863086e-08 |  -2.8732333077863086e-08 | 1
  2, 18 |   1.2550626975163826e-04 |   1.2550626975163826e-04 | 1
  2, 19 |  -2.6591987068775696e-04 |  -2.6591987068775696e-04 | 1
  3,  1 |   1.2422616505975223e-04 |   1.2422616505975223e-04 | 1
  3,  2 |  -2.2039712906928962e-05 |  -2.2039712906928962e-05 | 1
  3,  3 |   6.8030569016968310e-03 |   6.8030569016968310e-03 | 1
  3,  4 |  -3.9979324798051062e-05 |  -3.9979324798051062e-05 | 1
  3,  5 |   5.9061787692885025e-02 |   5.9061787692885025e-02 | 1
  3,  6 |   2.1729497672573653e-03 |   2.1729497672573653e-03 | 1
  3,  7 |  -7.4245412989685554e-03 |  -7.4245412989685554e-03 | 1
  3,  8 |   5.5209798530979543e-04 |   5.5209798530979543e-04 | 1
  3,  9 |  -5.5088663361795985e-04 |  -5.5088663361795985e-04 | 1
  3, 10 |  -2.5095459997583006e-05 |  -2.5095459997583006e-05 | 1
  3, 11 |  -5.4727155200826050e-03 |  -5.4727155200826050e-03 | 1
  3, 12 |   3.3977897943322705e-02 |   3.3977897943322705e-02 | 1
  3, 13 |  -6.6520381790186021e-05 |  -6.6520381790186021e-05 | 1
  3, 14 |  -8.6599850452333233e-05 |  -8.6599850452333233e-05 | 1
  3, 15 |  -7.3427999271990675e-05 |  -7.3427999271990675e-05 | 1
  3, 16 |  -2.2083971946542190e-05 |  -2.2083971946542190e-05 | 1
  3, 17 |  -1.9889945012397400e-08 |  -1.9889945012397400e-08 | 1
  3, 18 |   1.0872873806208620e-04 |   1.0872873806208620e-04 | 1
  3, 19 |   3.4464515140752565e-05 |   3.4464515140752565e-05 | 1
  4,  1 |   1.0206851434999352e-04 |   1.0206851434999352e-04 | 1
  4,  2 |   3.8230381549108716e-04 |   3.8230381549108716e-04 | 1
  4,  3 |  -3.9979324798051062e-05 |  -3.9979324798051062e-05 | 1
  4,  4 |   7.1067419248293968e-03 |   7.1067419248293968e-03 | 1
  4,  5 |   1.0973019094269386e-02 |   1.0973019094269386e-02 | 1
  4,  6 |   3.1986009551181688e-03 |   3.1986009551181688e-03 | 1
  4,  7 |   3.6025787681837480e-04 |   3.6025787681837480e-04 | 1
  4,  8 |  -1.4125429547844713e-04 |  -1.4125429547844713e-04 | 1
  4,  9 |   7.1590255257923479e-04 |   7.1590255257923479e-04 | 1
  4, 10 |  -4.2112339082811482e-03 |  -4.2112339082811482e-03 | 1
  4, 11 |  -1.8966894551065939e-03 |  -1.8966894551065939e-03 | 1
  4, 12 |   2.4836045086807632e-03 |   2.4836045086807632e-03 | 1
  4, 13 |  -3.2560102062990397e-05 |  -3.2560102062990397e-05 | 1
  4, 14 |  -5.3652165147617895e-06 |  -5.3652165147617895e-06 | 1
  4, 15 |   8.9551225915034141e-06 |   8.9551225915034141e-06 | 1
  4, 16 |  -5.6433900295428919e-05 |  -5.6433900295428919e-05 | 1
  4, 17 |  -2.2673267252460992e-08 |  -2.2673267252460992e-08 | 1
  4, 18 |   8.3747954604837638e-05 |   8.3747954604837638e-05 | 1
  4, 19 |   4.2167652302334650e-03 |   4.2167652302334650e-03 | 1
  5,  1 |   4.6549135563394585e-04 |   4.6549135563394585e-04 | 1
  5,  2 |  -1.7391506356807709e-04 |  -1.7391506356807709e-04 | 1
  5,  3 |   5.9061787692885025e-02 |   5.9061787692885025e-02 | 1
  5,  4 |   1.0973019094269386e-02 |   1.0973019094269386e-02 | 1
  5,  5 |   2.5354193219146124e+00 |   2.5354193219146124e+00 | 1
  5,  6 |   1.3398039032736031e-01 |   1.3398039032736031e-01 | 1
  5,  7 |  -2.9603004770158170e-01 |  -2.9603004770158170e-01 | 1
  5,  8 |   1.3445515319762871e-02 |   1.3445515319762871e-02 | 1
  5,  9 |  -1.5983339724777168e-02 |  -1.5983339724777168e-02 | 1
  5, 10 |   1.0368063962389915e-02 |   1.0368063962389915e-02 | 1
  5, 11 |  -2.4792175659412083e-01 |  -2.4792175659412083e-01 | 1
  5, 12 |   1.3831976992183417e+00 |   1.3831976992183417e+00 | 1
  5, 13 |  -1.4667007704514934e-03 |  -1.4667007704514934e-03 | 1
  5, 14 |  -1.8719724913986795e-03 |  -1.8719724913986795e-03 | 1
  5, 15 |  -1.7599046902155658e-03 |  -1.7599046902155658e-03 | 1
  5, 16 |   7.9272492195410450e-04 |   7.9272492195410450e-04 | 1
  5, 17 |   1.6104821088338614e-07 |   1.6104821088338614e-07 | 1
  5, 18 |   5.8180142636743534e-04 |   5.8180142636743534e-04 | 1
  5, 19 |  -1.0412063759781404e-02 |  -1.0412063759781404e-02 | 1
  6,  1 |   1.2879360944167501e-04 |   1.2879360944167501e-04 | 1
  6,  2 |   9.1437687883220162e-04 |   9.1437687883220162e-04 | 1
  6,  3 |   2.1729497672573653e-03 |   2.1729497672573653e-03 | 1
  6,  4 |   3.1986009551181688e-03 |   3.1986009551181688e-03 | 1
  6,  5 |   1.3398039032736031e-01 |   1.3398039032736031e-01 | 1
  6,  6 |   5.0455064091606480e-02 |   5.0455064091606480e-02 | 1
  6,  7 |  -1.0917521724990321e-02 |  -1.0917521724990321e-02 | 1
  6,  8 |   5.2166809852841409e-06 |   5.2166809852841409e-06 | 1
  6,  9 |   1.3141306771536948e-03 |   1.3141306771536948e-03 | 1
  6, 10 |   2.7339529763928342e-03 |   2.7339529763928342e-03 | 1
  6, 11 |  -1.5446458089228284e-02 |  -1.5446458089228284e-02 | 1
  6, 12 |   6.2886105487086369e-02 |   6.2886105487086369e-02 | 1
  6, 13 |  -4.4647481298795701e-05 |  -4.4647481298795701e-05 | 1
  6, 14 |  -7.4881117727889317e-05 |  -7.4881117727889317e-05 | 1
  6, 15 |  -5.2714604607376843e-05 |  -5.2714604607376843e-05 | 1
  6, 16 |  -3.7640865321975646e-05 |  -3.7640865321975646e-05 | 1
  6, 17 |  -2.3579107524391364e-08 |  -2.3579107524391364e-08 | 1
  6, 18 |   1.1857337548416215e-04 |   1.1857337548416215e-04 | 1
  6, 19 |  -2.7287291180895521e-03 |  -2.7287291180895521e-03 | 1
  7,  1 |   5.7886877611932407e-05 |   5.7886877611932407e-05 | 1
  7,  2 |   6.1899039426547339e-04 |   6.1899039426547339e-04 | 1
  7,  3 |  -7.4245412989685554e-03 |  -7.4245412989685554e-03 | 1
  7,  4 |   3.6025787681837480e-04 |   3.6025787681837480e-04 | 1
  7,  5 |  -2.9603004770158170e-01 |  -2.9603004770158170e-01 | 1
  7,  6 |  -1.0917521724990321e-02 |  -1.0917521724990321e-02 | 1
  7,  7 |   5.4136016241444242e-02 |   5.4136016241444242e-02 | 1
  7,  8 |  -1.9295493815678828e-03 |  -1.9295493815678828e-03 | 1
  7,  9 |   3.3485914108917353e-03 |   3.3485914108917353e-03 | 1
  7, 10 |   3.1664924805229936e-04 |   3.1664924805229936e-04 | 1
  7, 11 |   2.7444326436694366e-02 |   2.7444326436694366e-02 | 1
  7, 12 |  -1.6835922336295434e-01 |  -1.6835922336295434e-01 | 1
  7, 13 |   8.7312926641758585e-05 |   8.7312926641758585e-05 | 1
  7, 14 |   6.3509908384510778e-05 |   6.3509908384510778e-05 | 1
  7, 15 |   5.3564951584123420e-05 |   5.3564951584123420e-05 | 1
  7, 16 |  -7.0327302683617366e-05 |  -7.0327302683617366e-05 | 1
  7, 17 |  -2.8166803938659062e-08 |  -2.8166803938659062e-08 | 1
  7, 18 |   2.7236487825912479e-05 |   2.7236487825912479e-05 | 1
  7, 19 |  -2.9302684462286790e-04 |  -2.9302684462286790e-04 | 1
  8,  1 |   1.7252471493962000e-04 |   1.7252471493962000e-04 | 1
  8,  2 |   5.1935083341872910e-05 |   5.1935083341872910e-05 | 1
  8,  3 |   5.5209798530979543e-04 |   5.5209798530979543e-04 | 1
  8,  4 |  -1.4125429547844713e-04 |  -1.4125429547844713e-04 | 1
  8,  5 |   1.3445515319762871e-02 |   1.3445515319762871e-02 | 1
  8,  6 |   5.2166809852841409e-06 |   5.2166809852841409e-06 | 1
  8,  7 |  -1.9295493815678828e-03 |  -1.9295493815678828e-03 | 1
  8,  8 |   4.2262688771602420e-02 |   4.2262688771602420e-02 | 1
  8,  9 |  -1.3754214992837843e-04 |  -1.3754214992837843e-04 | 1
  8, 10 |  -1.1952766544880613e-04 |  -1.1952766544880613e-04 | 1
  8, 11 |  -1.0957823347435402e-03 |  -1.0957823347435402e-03 | 1
  8, 12 |   8.9546657044861921e-03 |   8.9546657044861921e-03 | 1
  8, 13 |  -4.8482701010064912e-05 |  -4.8482701010064912e-05 | 1
  8, 14 |  -1.0368664735876902e-04 |  -1.0368664735876902e-04 | 1
  8, 15 |  -7.2831912490328423e-05 |  -7.2831912490328423e-05 | 1
  8, 16 |  -5.9164028310950743e-05 |  -5.9164028310950743e-05 | 1
  8, 17 |  -3.2254575375177336e-08 |  -3.2254575375177336e-08 | 1
  8, 18 |   1.5032318816641607e-04 |   1.5032318816641607e-04 | 1
  8, 19 |   1.3600394329017941e-04 |   1.3600394329017941e-04 | 1
  9,  1 |   1.5845557576673334e-04 |   1.5845557576673334e-04 | 1
  9,  2 |   3.6990306942416638e-04 |   3.6990306942416638e-04 | 1
  9,  3 |  -5.5088663361795985e-04 |  -5.5088663361795985e-04 | 1
  9,  4 |   7.1590255257923479e-04 |   7.1590255257923479e-04 | 1
  9,  5 |  -1.5983339724777168e-02 |  -1.5983339724777168e-02 | 1
  9,  6 |   1.3141306771536948e-03 |   1.3141306771536948e-03 | 1
  9,  7 |   3.3485914108917353e-03 |   3.3485914108917353e-03 | 1
  9,  8 |  -1.3754214992837843e-04 |  -1.3754214992837843e-04 | 1
  9,  9 |   4.7515817896600809e-02 |   4.7515817896600809e-02 | 1
  9, 10 |   6.4645797238813119e-04 |   6.4645797238813119e-04 | 1
  9, 11 |   8.4661707952435198e-04 |   8.4661707952435198e-04 | 1
  9, 12 |  -1.1233303129449587e-02 |  -1.1233303129449587e-02 | 1
  9, 13 |  -7.2742734328548444e-06 |  -7.2742734328548444e-06 | 1
  9, 14 |  -4.2521539053041497e-05 |  -4.2521539053041497e-05 | 1
  9, 15 |  -9.9989143766536796e-05 |  -9.9989143766536796e-05 | 1
  9, 16 |  -1.5475722430076725e-04 |  -1.5475722430076725e-04 | 1
  9, 17 |  -1.8602266516328443e-08 |  -1.8602266516328443e-08 | 1
  9, 18 |   1.3666724305099262e-04 |   1.3666724305099262e-04 | 1
  9, 19 |  -6.2110940441851691e-04 |  -6.2110940441851691e-04 | 1
 10,  1 |   4.1942410031362527e-05 |   4.1942410031362527e-05 | 1
 10,  2 |   2.7862971194216382e-04 |   2.7862971194216382e-04 | 1
 10,  3 |  -2.5095459997583006e-05 |  -2.5095459997583006e-05 | 1
 10,  4 |  -4.2112339082811482e-03 |  -4.2112339082811482e-03 | 1
 10,  5 |   1.0368063962389915e-02 |   1.0368063962389915e-02 | 1
 10,  6 |   2.7339529763928342e-03 |   2.7339529763928342e-03 | 1
 10,  7 |   3.1664924805229936e-04 |   3.1664924805229936e-04 | 1
 10,  8 |  -1.1952766544880613e-04 |  -1.1952766544880613e-04 | 1
 10,  9 |   6.4645797238813119e-04 |   6.4645797238813119e-04 | 1
 10, 10 |   4.8961033473139621e-03 |   4.8961033473139621e-03 | 1
 10, 11 |  -1.7236820160955436e-03 |  -1.7236820160955436e-03 | 1
 10, 12 |   2.4798532269502851e-03 |   2.4798532269502851e-03 | 1
 10, 13 |  -2.4706221067334188e-05 |  -2.4706221067334188e-05 | 1
 10, 14 |  -5.5874163030284301e-05 |  -5.5874163030284301e-05 | 1
 10, 15 |  -7.2228750765605175e-05 |  -7.2228750765605175e-05 | 1
 10, 16 |   6.1510581318956223e-06 |   6.1510581318956223e-06 | 1
 10, 17 |  -2.9945234288569740e-09 |  -2.9945234288569740e-09 | 1
 10, 18 |   3.8567752285012772e-05 |   3.8567752285012772e-05 | 1
 10, 19 |  -4.8897409901772926e-03 |  -4.8897409901772926e-03 | 1
 11,  1 |  -7.2200032117378791e-05 |  -7.2200032117378791e-05 | 1
 11,  2 |  -2.7267710986880240e-04 |  -2.7267710986880240e-04 | 1
 11,  3 |  -5.4727155200826050e-03 |  -5.4727155200826050e-03 | 1
 11,  4 |  -1.8966894551065939e-03 |  -1.8966894551065939e-03 | 1
 11,  5 |  -2.4792175659412083e-01 |  -2.4792175659412083e-01 | 1
 11,  6 |  -1.5446458089228284e-02 |  -1.5446458089228284e-02 | 1
 11,  7 |   2.7444326436694366e-02 |   2.7444326436694366e-02 | 1
 11,  8 |  -1.0957823347435402e-03 |  -1.0957823347435402e-03 | 1
 11,  9 |   8.4661707952435198e-04 |   8.4661707952435198e-04 | 1
 11, 10 |  -1.7236820160955436e-03 |  -1.7236820160955436e-03 | 1
 11, 11 |   2.5004367540893132e-02 |   2.5004367540893132e-02 | 1
 11, 12 |  -1.3204120180878645e-01 |  -1.3204120180878645e-01 | 1
 11, 13 |   1.1373517219664290e-04 |   1.1373517219664290e-04 | 1
 11, 14 |   1.8486406316585183e-04 |   1.8486406316585183e-04 | 1
 11, 15 |   1.7783835580040874e-04 |   1.7783835580040874e-04 | 1
 11, 16 |  -5.2406701737937235e-05 |  -5.2406701737937235e-05 | 1
 11, 17 |  -7.6366902569370300e-09 |  -7.6366902569370300e-09 | 1
 11, 18 |  -8.0477145187725810e-05 |  -8.0477145187725810e-05 | 1
 11, 19 |   1.7231238786497840e-03 |   1.7231238786497840e-03 | 1
 12,  1 |   6.9724283151695299e-04 |   6.9724283151695299e-04 | 1
 12,  2 |  -9.1182702286539093e-04 |  -9.1182702286539093e-04 | 1
 12,  3 |   3.3977897943322705e-02 |   3.3977897943322705e-02 | 1
 12,  4 |   2.4836045086807632e-03 |   2.4836045086807632e-03 | 1
 12,  5 |   1.3831976992183417e+00 |   1.3831976992183417e+00 | 1
 12,  6 |   6.2886105487086369e-02 |   6.2886105487086369e-02 | 1
 12,  7 |  -1.6835922336295434e-01 |  -1.6835922336295434e-01 | 1
 12,  8 |   8.9546657044861921e-03 |   8.9546657044861921e-03 | 1
 12,  9 |  -1.1233303129449587e-02 |  -1.1233303129449587e-02 | 1
 12, 10 |   2.4798532269502851e-03 |   2.4798532269502851e-03 | 1
 12, 11 |  -1.3204120180878645e-01 |  -1.3204120180878645e-01 | 1
 12, 12 |   7.7630593843677631e-01 |   7.7630593843677631e-01 | 1
 12, 13 |  -6.0161999468612488e-04 |  -6.0161999468612488e-04 | 1
 12, 14 |  -9.9287542374313959e-04 |  -9.9287542374313959e-04 | 1
 12, 15 |  -8.9756356040814316e-04 |  -8.9756356040814316e-04 | 1
 12, 16 |   4.8248344352962814e-05 |   4.8248344352962814e-05 | 1
 12, 17 |  -3.7026484036899639e-08 |  -3.7026484036899639e-08 | 1
 12, 18 |   7.0023515010164076e-04 |   7.0023515010164076e-04 | 1
 12, 19 |  -2.4558757711855882e-03 |  -2.4558757711855882e-03 | 1
 13,  1 |  -4.3063082374373047e-05 |  -4.3063082374373047e-05 | 1
 13,  2 |  -3.7710637524018490e-05 |  -3.7710637524018490e-05 | 1
 13,  3 |  -6.6520381790186021e-05 |  -6.6520381790186021e-05 | 1
 13,  4 |  -3.2560102062990397e-05 |  -3.2560102062990397e-05 | 1
 13,  5 |  -1.4667007704514934e-03 |  -1.4667007704514934e-03 | 1
 13,  6 |  -4.4647481298795701e-05 |  -4.4647481298795701e-05 | 1
 13,  7 |   8.7312926641758585e-05 |   8.7312926641758585e-05 | 1
 13,  8 |  -4.8482701010064912e-05 |  -4.8482701010064912e-05 | 1
 13,  9 |  -7.2742734328548444e-06 |  -7.2742734328548444e-06 | 1
 13, 10 |  -2.4706221067334188e-05 |  -2.4706221067334188e-05 | 1
 13, 11 |   1.1373517219664290e-04 |   1.1373517219664290e-04 | 1
 13, 12 |  -6.0161999468612488e-04 |  -6.0161999468612488e-04 | 1
 13, 13 |   9.9009038846293099e-05 |   9.9009038846293099e-05 | 1
 13, 14 |   4.7229739073833171e-05 |   4.7229739073833171e-05 | 1
 13, 15 |   4.7088374023294074e-05 |   4.7088374023294074e-05 | 1
 13, 16 |  -1.7465858704804749e-06 |  -1.7465858704804749e-06 | 1
 13, 17 |  -2.9080252219016342e-09 |  -2.9080252219016342e-09 | 1
 13, 18 |  -3.6947783957193721e-05 |  -3.6947783957193721e-05 | 1
 13, 19 |   2.3481853717714795e-05 |   2.3481853717714795e-05 | 1
 14,  1 |  -3.3531386874927562e-05 |  -3.3531386874927562e-05 | 1
 14,  2 |  -3.9854202638641206e-05 |  -3.9854202638641206e-05 | 1
 14,  3 |  -8.6599850452333233e-05 |  -8.6599850452333233e-05 | 1
 14,  4 |  -5.3652165147617895e-06 |  -5.3652165147617895e-06 | 1
 14,  5 |  -1.8719724913986795e-03 |  -1.8719724913986795e-03 | 1
 14,  6 |  -7.4881117727889317e-05 |  -7.4881117727889317e-05 | 1
 14,  7 |   6.3509908384510778e-05 |   6.3509908384510778e-05 | 1
 14,  8 |  -1.0368664735876902e-04 |  -1.0368664735876902e-04 | 1
 14,  9 |  -4.2521539053041497e-05 |  -4.2521539053041497e-05 | 1
 14, 10 |  -5.5874163030284301e-05 |  -5.5874163030284301e-05 | 1
 14, 11 |   1.8486406316585183e-04 |   1.8486406316585183e-04 | 1
 14, 12 |  -9.9287542374313959e-04 |  -9.9287542374313959e-04 | 1
 14, 13 |   4.7229739073833171e-05 |   4.7229739073833171e-05 | 1
 14, 14 |   1.0262829864049887e-04 |   1.0262829864049887e-04 | 1
 14, 15 |   6.0080848100552467e-05 |   6.0080848100552467e-05 | 1
 14, 16 |  -1.6649863705270278e-06 |  -1.6649863705270278e-06 | 1
 14, 17 |  -3.7525328543029916e-09 |  -3.7525328543029916e-09 | 1
 14, 18 |  -3.4449729997548963e-05 |  -3.4449729997548963e-05 | 1
 14, 19 |   4.5851685086239995e-05 |   4.5851685086239995e-05 | 1
 15,  1 |  -3.6572451789000615e-05 |  -3.6572451789000615e-05 | 1
 15,  2 |  -1.0323904318354122e-05 |  -1.0323904318354122e-05 | 1
 15,  3 |  -7.3427999271990675e-05 |  -7.3427999271990675e-05 | 1
 15,  4 |   8.9551225915034141e-06 |   8.9551225915034141e-06 | 1
 15,  5 |  -1.7599046902155658e-03 |  -1.7599046902155658e-03 | 1
 15,  6 |  -5.2714604607376843e-05 |  -5.2714604607376843e-05 | 1
 15,  7 |   5.3564951584123420e-05 |   5.3564951584123420e-05 | 1
 15,  8 |  -7.2831912490328423e-05 |  -7.2831912490328423e-05 | 1
 15,  9 |  -9.9989143766536796e-05 |  -9.9989143766536796e-05 | 1
 15, 10 |  -7.2228750765605175e-05 |  -7.2228750765605175e-05 | 1
 15, 11 |   1.7783835580040874e-04 |   1.7783835580040874e-04 | 1
 15, 12 |  -8.9756356040814316e-04 |  -8.9756356040814316e-04 | 1
 15, 13 |   4.7088374023294074e-05 |   4.7088374023294074e-05 | 1
 15, 14 |   6.0080848100552467e-05 |   6.0080848100552467e-05 | 1
 15, 15 |   1.1106553730748982e-04 |   1.1106553730748982e-04 | 1
 15, 16 |  -2.1647462471231594e-06 |  -2.1647462471231594e-06 | 1
 15, 17 |  -6.0300954100239640e-09 |  -6.0300954100239640e-09 | 1
 15, 18 |  -3.1871731858722117e-05 |  -3.1871731858722117e-05 | 1
 15, 19 |   6.3912258282586800e-05 |   6.3912258282586800e-05 | 1
 16,  1 |  -6.6481202640077071e-05 |  -6.6481202640077071e-05 | 1
 16,  2 |  -9.2902486684507364e-05 |  -9.2902486684507364e-05 | 1
 16,  3 |  -2.2083971946542190e-05 |  -2.2083971946542190e-05 | 1
 16,  4 |  -5.6433900295428919e-05 |  -5.6433900295428919e-05 | 1
 16,  5 |   7.9272492195410450e-04 |   7.9272492195410450e-04 | 1
 16,  6 |  -3.7640865321975646e-05 |  -3.7640865321975646e-05 | 1
 16,  7 |  -7.0327302683617366e-05 |  -7.0327302683617366e-05 | 1
 16,  8 |  -5.9164028310950743e-05 |  -5.9164028310950743e-05 | 1
 16,  9 |  -1.5475722430076725e-04 |  -1.5475722430076725e-04 | 1
 16, 10 |   6.1510581318956223e-06 |   6.1510581318956223e-06 | 1
 16, 11 |  -5.2406701737937235e-05 |  -5.2406701737937235e-05 | 1
 16, 12 |   4.8248344352962814e-05 |   4.8248344352962814e-05 | 1
 16, 13 |  -1.7465858704804749e-06 |  -1.7465858704804749e-06 | 1
 16, 14 |  -1.6649863705270278e-06 |  -1.6649863705270278e-06 | 1
 16, 15 |  -2.1647462471231594e-06 |  -2.1647462471231594e-06 | 1
 16, 16 |   1.6294143453438387e-04 |   1.6294143453438387e-04 | 1
 16, 17 |   1.5961103317014373e-09 |   1.5961103317014373e-09 | 1
 16, 18 |  -7.1788999856739068e-05 |  -7.1788999856739068e-05 | 1
 16, 19 |  -1.7941493888651781e-05 |  -1.7941493888651781e-05 | 1
 17,  1 |  -3.9472283278423970e-08 |  -3.9472283278423970e-08 | 1
 17,  2 |  -2.8732333077863086e-08 |  -2.8732333077863086e-08 | 1
 17,  3 |  -1.9889945012397400e-08 |  -1.9889945012397400e-08 | 1
 17,  4 |  -2.2673267252460992e-08 |  -2.2673267252460992e-08 | 1
 17,  5 |   1.6104821088338614e-07 |   1.6104821088338614e-07 | 1
 17,  6 |  -2.3579107524391364e-08 |  -2.3579107524391364e-08 | 1
 17,  7 |  -2.8166803938659062e-08 |  -2.8166803938659062e-08 | 1
 17,  8 |  -3.2254575375177336e-08 |  -3.2254575375177336e-08 | 1
 17,  9 |  -1.8602266516328443e-08 |  -1.8602266516328443e-08 | 1
 17, 10 |  -2.9945234288569740e-09 |  -2.9945234288569740e-09 | 1
 17, 11 |  -7.6366902569370300e-09 |  -7.6366902569370300e-09 | 1
 17, 12 |  -3.7026484036899639e-08 |  -3.7026484036899639e-08 | 1
 17, 13 |  -2.9080252219016342e-09 |  -2.9080252219016342e-09 | 1
 17, 14 |  -3.7525328543029916e-09 |  -3.7525328543029916e-09 | 1
 17, 15 |  -6.0300954100239640e-09 |  -6.0300954100239640e-09 | 1
 17, 16 |   1.5961103317014373e-09 |   1.5961103317014373e-09 | 1
 17, 17 |   1.3728170357361530e-11 |   1.3728170357361530e-11 | 1
 17, 18 |  -2.9962217718371032e-08 |  -2.9962217718371032e-08 | 1
 17, 19 |   1.7454211370988314e-09 |   1.7454211370988314e-09 | 1
 18,  1 |   1.4484235941890372e-04 |   1.4484235941890372e-04 | 1
 18,  2 |   1.2550626975163826e-04 |   1.2550626975163826e-04 | 1
 18,  3 |   1.0872873806208620e-04 |   1.0872873806208620e-04 | 1
 18,  4 |   8.3747954604837638e-05 |   8.3747954604837638e-05 | 1
 18,  5 |   5.8180142636743534e-04 |   5.8180142636743534e-04 | 1
 18,  6 |   1.1857337548416215e-04 |   1.1857337548416215e-04 | 1
 18,  7 |   2.7236487825912479e-05 |   2.7236487825912479e-05 | 1
 18,  8 |   1.5032318816641607e-04 |   1.5032318816641607e-04 | 1
 18,  9 |   1.3666724305099262e-04 |   1.3666724305099262e-04 | 1
 18, 10 |   3.8567752285012772e-05 |   3.8567752285012772e-05 | 1
 18, 11 |  -8.0477145187725810e-05 |  -8.0477145187725810e-05 | 1
 18, 12 |   7.0023515010164076e-04 |   7.0023515010164076e-04 | 1
 18, 13 |  -3.6947783957193721e-05 |  -3.6947783957193721e-05 | 1
 18, 14 |  -3.4449729997548963e-05 |  -3.4449729997548963e-05 | 1
 18, 15 |  -3.1871731858722117e-05 |  -3.1871731858722117e-05 | 1
 18, 16 |  -7.1788999856739068e-05 |  -7.1788999856739068e-05 | 1
 18, 17 |  -2.9962217718371032e-08 |  -2.9962217718371032e-08 | 1
 18, 18 |   6.3355348282862574e-04 |   6.3355348282862574e-04 | 1
 18, 19 |  -5.3309557705098071e-04 |  -5.3309557705098071e-04 | 1
 19,  1 |  -2.8801389485516909e-05 |  -2.8801389485516909e-05 | 1
 19,  2 |  -2.6591987068775696e-04 |  -2.6591987068775696e-04 | 1
 19,  3 |   3.4464515140752565e-05 |   3.4464515140752565e-05 | 1
 19,  4 |   4.2167652302334650e-03 |   4.2167652302334650e-03 | 1
 19,  5 |  -1.0412063759781404e-02 |  -1.0412063759781404e-02 | 1
 19,  6 |  -2.7287291180895521e-03 |  -2.7287291180895521e-03 | 1
 19,  7 |  -2.9302684462286790e-04 |  -2.9302684462286790e-04 | 1
 19,  8 |   1.3600394329017941e-04 |   1.3600394329017941e-04 | 1
 19,  9 |  -6.2110940441851691e-04 |  -6.2110940441851691e-04 | 1
 19, 10 |  -4.8897409901772926e-03 |  -4.8897409901772926e-03 | 1
 19, 11 |   1.7231238786497840e-03 |   1.7231238786497840e-03 | 1
 19, 12 |  -2.4558757711855882e-03 |  -2.4558757711855882e-03 | 1
 19, 13 |   2.3481853717714795e-05 |   2.3481853717714795e-05 | 1
 19, 14 |   4.5851685086239995e-05 |   4.5851685086239995e-05 | 1
 19, 15 |   6.3912258282586800e-05 |   6.3912258282586800e-05 | 1
 19, 16 |  -1.7941493888651781e-05 |  -1.7941493888651781e-05 | 1
 19, 17 |   1.7454211370988314e-09 |   1.7454211370988314e-09 | 1
 19, 18 |  -5.3309557705098071e-04 |  -5.3309557705098071e-04 | 1
 19, 19 |   5.4702046305215440e-03 |   5.4702046305215440e-03 | 1
