row,col | V_base                   | V_new                    | equal
  1,  1 |   8.1081847259545164e-04 |   8.1081847259545164e-04 | 1
  1,  2 |  -7.8617703941555840e-05 |  -7.8617703941555840e-05 | 1
  1,  3 |   3.6787921219382381e-04 |   3.6787921219382381e-04 | 1
  1,  4 |   6.3911066263029484e-04 |   6.3911066263029484e-04 | 1
  1,  5 |   4.6051480695070518e-04 |   4.6051480695070518e-04 | 1
  1,  6 |   1.7807021838327312e-04 |   1.7807021838327312e-04 | 1
  2,  1 |  -7.8617703941555840e-05 |  -7.8617703941555840e-05 | 1
  2,  2 |   2.8952683451917071e-03 |   2.8952683451917071e-03 | 1
  2,  3 |  -1.7492440312122262e-04 |  -1.7492440312122262e-04 | 1
  2,  4 |   2.4669850746985526e-04 |   2.4669850746985526e-04 | 1
  2,  5 |  -3.7665024944748878e-03 |  -3.7665024944748878e-03 | 1
  2,  6 |  -1.5516709835271651e-04 |  -1.5516709835271651e-04 | 1
  3,  1 |   3.6787921219382381e-04 |   3.6787921219382381e-04 | 1
  3,  2 |  -1.7492440312122262e-04 |  -1.7492440312122262e-04 | 1
  3,  3 |   1.4328662911809833e-02 |   1.4328662911809833e-02 | 1
  3,  4 |  -1.1143217503467369e-03 |  -1.1143217503467369e-03 | 1
  3,  5 |   1.3410596927226949e-03 |   1.3410596927226949e-03 | 1
  3,  6 |   3.0068064272761701e-04 |   3.0068064272761701e-04 | 1
  4,  1 |   6.3911066263029484e-04 |   6.3911066263029484e-04 | 1
  4,  2 |   2.4669850746985526e-04 |   2.4669850746985526e-04 | 1
  4,  3 |  -1.1143217503467369e-03 |  -1.1143217503467369e-03 | 1
  4,  4 |   1.6864669044346040e-03 |   1.6864669044346040e-03 | 1
  4,  5 |   1.1211617059863478e-03 |   1.1211617059863478e-03 | 1
  4,  6 |   2.4083043045246397e-04 |   2.4083043045246397e-04 | 1
  5,  1 |   4.6051480695070518e-04 |   4.6051480695070518e-04 | 1
  5,  2 |  -3.7665024944748878e-03 |  -3.7665024944748878e-03 | 1
  5,  3 |   1.3410596927226949e-03 |   1.3410596927226949e-03 | 1
  5,  4 |   1.1211617059863478e-03 |   1.1211617059863478e-03 | 1
  5,  5 |   8.2223807930203903e-03 |   8.2223807930203903e-03 | 1
  5,  6 |   7.0491132098168081e-04 |   7.0491132098168081e-04 | 1
  6,  1 |   1.7807021838327312e-04 |   1.7807021838327312e-04 | 1
  6,  2 |  -1.5516709835271651e-04 |  -1.5516709835271651e-04 | 1
  6,  3 |   3.0068064272761701e-04 |   3.0068064272761701e-04 | 1
  6,  4 |   2.4083043045246397e-04 |   2.4083043045246397e-04 | 1
  6,  5 |   7.0491132098168081e-04 |   7.0491132098168081e-04 | 1
  6,  6 |   1.0600111705294296e-03 |   1.0600111705294296e-03 | 1
