row,col | V_base                   | V_new                    | equal
  1,  1 |   1.4772754169430705e-03 |   1.4772754169430705e-03 | 1
  1,  2 |   1.8470384799515994e-03 |   1.8470384799515994e-03 | 1
  1,  3 |  -1.2210637073712782e-04 |  -1.2210637073712782e-04 | 1
  1,  4 |   4.3565392764566002e-03 |   4.3565392764566002e-03 | 1
  1,  5 |   9.0678301233014025e-04 |   9.0678301233014025e-04 | 1
  1,  6 |   2.7205287842677218e-03 |   2.7205287842677218e-03 | 1
  1,  7 |   4.3655834305783526e-04 |   4.3655834305783526e-04 | 1
  1,  8 |  -1.5528744102992297e-04 |  -1.5528744102992297e-04 | 1
  1,  9 |  -1.4712449025026681e-03 |  -1.4712449025026681e-03 | 1
  1, 10 |   4.0725967737003706e-03 |   4.0725967737003706e-03 | 1
  1, 11 |  -2.3239967778896552e-04 |  -2.3239967778896552e-04 | 1
  1, 12 |  -2.1677765566960843e-04 |  -2.1677765566960843e-04 | 1
  1, 13 |   3.8920934281851428e-05 |   3.8920934281851428e-05 | 1
  1, 14 |   1.6821549880982438e-03 |   1.6821549880982438e-03 | 1
  1, 15 |   4.0588757504406706e-04 |   4.0588757504406706e-04 | 1
  2,  1 |   1.8470384799515994e-03 |   1.8470384799515994e-03 | 1
  2,  2 |   1.0379864691914806e-02 |   1.0379864691914806e-02 | 1
  2,  3 |  -2.6518648937924930e-04 |  -2.6518648937924930e-04 | 1
  2,  4 |   6.0332992892001246e-03 |   6.0332992892001246e-03 | 1
  2,  5 |   7.2623080263014301e-03 |   7.2623080263014301e-03 | 1
  2,  6 |   9.8396845196534154e-03 |   9.8396845196534154e-03 | 1
  2,  7 |   2.1506550666439308e-03 |   2.1506550666439308e-03 | 1
  2,  8 |  -2.0676002312387679e-03 |  -2.0676002312387679e-03 | 1
  2,  9 |  -5.7926951450760870e-03 |  -5.7926951450760870e-03 | 1
  2, 10 |   3.1396498804320279e-02 |   3.1396498804320279e-02 | 1
  2, 11 |  -9.3184464909758279e-04 |  -9.3184464909758279e-04 | 1
  2, 12 |  -1.4621659433148820e-03 |  -1.4621659433148820e-03 | 1
  2, 13 |   2.2629423699136911e-04 |   2.2629423699136911e-04 | 1
  2, 14 |   3.5586135722579697e-03 |   3.5586135722579697e-03 | 1
  2, 15 |   1.4142320288178233e-02 |   1.4142320288178233e-02 | 1
  3,  1 |  -1.2210637073712782e-04 |  -1.2210637073712782e-04 | 1
  3,  2 |  -2.6518648937924930e-04 |  -2.6518648937924930e-04 | 1
  3,  3 |   2.4519059675615084e-04 |   2.4519059675615084e-04 | 1
  3,  4 |  -3.0454261214186973e-04 |  -3.0454261214186973e-04 | 1
  3,  5 |  -3.1413159547775602e-04 |  -3.1413159547775602e-04 | 1
  3,  6 |  -3.8851257390364968e-04 |  -3.8851257390364968e-04 | 1
  3,  7 |   7.8128847228441071e-05 |   7.8128847228441071e-05 | 1
  3,  8 |  -5.1966756470663803e-05 |  -5.1966756470663803e-05 | 1
  3,  9 |   1.3371643125771691e-03 |   1.3371643125771691e-03 | 1
  3, 10 |  -9.0860648711646604e-04 |  -9.0860648711646604e-04 | 1
  3, 11 |  -7.6039397249764816e-05 |  -7.6039397249764816e-05 | 1
  3, 12 |  -7.1728231576078600e-05 |  -7.1728231576078600e-05 | 1
  3, 13 |  -7.4341394513670550e-05 |  -7.4341394513670550e-05 | 1
  3, 14 |  -2.2872310125906820e-04 |  -2.2872310125906820e-04 | 1
  3, 15 |   4.6679101359254081e-04 |   4.6679101359254081e-04 | 1
  4,  1 |   4.3565392764566002e-03 |   4.3565392764566002e-03 | 1
  4,  2 |   6.0332992892001246e-03 |   6.0332992892001246e-03 | 1
  4,  3 |  -3.0454261214186973e-04 |  -3.0454261214186973e-04 | 1
  4,  4 |   8.4046210922256212e-02 |   8.4046210922256212e-02 | 1
  4,  5 |  -4.3195391393939754e-03 |  -4.3195391393939754e-03 | 1
  4,  6 |   9.2379503803732485e-03 |   9.2379503803732485e-03 | 1
  4,  7 |   8.8767474343602539e-04 |   8.8767474343602539e-04 | 1
  4,  8 |  -1.1058219851525996e-03 |  -1.1058219851525996e-03 | 1
  4,  9 |  -3.5495177063120157e-03 |  -3.5495177063120157e-03 | 1
  4, 10 |   1.0706898189113311e-02 |   1.0706898189113311e-02 | 1
  4, 11 |  -1.0350923290969288e-04 |  -1.0350923290969288e-04 | 1
  4, 12 |   5.3370017170498662e-04 |   5.3370017170498662e-04 | 1
  4, 13 |  -3.4758902298558699e-04 |  -3.4758902298558699e-04 | 1
  4, 14 |   3.6106377076660029e-03 |   3.6106377076660029e-03 | 1
  4, 15 |   2.4562363325173631e-03 |   2.4562363325173631e-03 | 1
  5,  1 |   9.0678301233014025e-04 |   9.0678301233014025e-04 | 1
  5,  2 |   7.2623080263014301e-03 |   7.2623080263014301e-03 | 1
  5,  3 |  -3.1413159547775602e-04 |  -3.1413159547775602e-04 | 1
  5,  4 |  -4.3195391393939754e-03 |  -4.3195391393939754e-03 | 1
  5,  5 |   1.0556912570751255e-02 |   1.0556912570751255e-02 | 1
  5,  6 |   1.1204325620665022e-02 |   1.1204325620665022e-02 | 1
  5,  7 |   6.0413357088413377e-04 |   6.0413357088413377e-04 | 1
  5,  8 |  -1.7141222017131800e-03 |  -1.7141222017131800e-03 | 1
  5,  9 |  -4.1618449318812454e-03 |  -4.1618449318812454e-03 | 1
  5, 10 |   2.7042782541752013e-02 |   2.7042782541752013e-02 | 1
  5, 11 |  -7.5707239480840940e-04 |  -7.5707239480840940e-04 | 1
  5, 12 |  -1.2539497624397835e-03 |  -1.2539497624397835e-03 | 1
  5, 13 |   4.3425329879235116e-04 |   4.3425329879235116e-04 | 1
  5, 14 |   2.6602703638140511e-03 |   2.6602703638140511e-03 | 1
  5, 15 |   1.2741198874566430e-02 |   1.2741198874566430e-02 | 1
  6,  1 |   2.7205287842677218e-03 |   2.7205287842677218e-03 | 1
  6,  2 |   9.8396845196534154e-03 |   9.8396845196534154e-03 | 1
  6,  3 |  -3.8851257390364968e-04 |  -3.8851257390364968e-04 | 1
  6,  4 |   9.2379503803732485e-03 |   9.2379503803732485e-03 | 1
  6,  5 |   1.1204325620665022e-02 |   1.1204325620665022e-02 | 1
  6,  6 |   2.4712382809558297e-02 |   2.4712382809558297e-02 | 1
  6,  7 |   1.2451295646895722e-03 |   1.2451295646895722e-03 | 1
  6,  8 |  -1.2529357883007725e-03 |  -1.2529357883007725e-03 | 1
  6,  9 |  -6.1743816189327250e-03 |  -6.1743816189327250e-03 | 1
  6, 10 |   3.2490569316500455e-02 |   3.2490569316500455e-02 | 1
  6, 11 |  -1.1594690907106254e-03 |  -1.1594690907106254e-03 | 1
  6, 12 |  -1.4379372577328715e-03 |  -1.4379372577328715e-03 | 1
  6, 13 |   2.4943468119039780e-04 |   2.4943468119039780e-04 | 1
  6, 14 |   4.7665102678045631e-03 |   4.7665102678045631e-03 | 1
  6, 15 |   1.3414251514820830e-02 |   1.3414251514820830e-02 | 1
  7,  1 |   4.3655834305783526e-04 |   4.3655834305783526e-04 | 1
  7,  2 |   2.1506550666439308e-03 |   2.1506550666439308e-03 | 1
  7,  3 |   7.8128847228441071e-05 |   7.8128847228441071e-05 | 1
  7,  4 |   8.8767474343602539e-04 |   8.8767474343602539e-04 | 1
  7,  5 |   6.0413357088413377e-04 |   6.0413357088413377e-04 | 1
  7,  6 |   1.2451295646895722e-03 |   1.2451295646895722e-03 | 1
  7,  7 |   4.1911017824870023e-03 |   4.1911017824870023e-03 | 1
  7,  8 |  -6.8412963737508989e-04 |  -6.8412963737508989e-04 | 1
  7,  9 |   1.7016831004900757e-03 |   1.7016831004900757e-03 | 1
  7, 10 |   3.2971700241697342e-03 |   3.2971700241697342e-03 | 1
  7, 11 |  -3.6136973864906924e-05 |  -3.6136973864906924e-05 | 1
  7, 12 |  -2.8221263456582811e-04 |  -2.8221263456582811e-04 | 1
  7, 13 |   8.6193124962377366e-05 |   8.6193124962377366e-05 | 1
  7, 14 |   1.4066442853407806e-03 |   1.4066442853407806e-03 | 1
  7, 15 |   2.4426836351794127e-03 |   2.4426836351794127e-03 | 1
  8,  1 |  -1.5528744102992297e-04 |  -1.5528744102992297e-04 | 1
  8,  2 |  -2.0676002312387679e-03 |  -2.0676002312387679e-03 | 1
  8,  3 |  -5.1966756470663803e-05 |  -5.1966756470663803e-05 | 1
  8,  4 |  -1.1058219851525996e-03 |  -1.1058219851525996e-03 | 1
  8,  5 |  -1.7141222017131800e-03 |  -1.7141222017131800e-03 | 1
  8,  6 |  -1.2529357883007725e-03 |  -1.2529357883007725e-03 | 1
  8,  7 |  -6.8412963737508989e-04 |  -6.8412963737508989e-04 | 1
  8,  8 |   7.8363010514650392e-04 |   7.8363010514650392e-04 | 1
  8,  9 |  -5.4911897778427179e-05 |  -5.4911897778427179e-05 | 1
  8, 10 |  -6.5116024891874571e-03 |  -6.5116024891874571e-03 | 1
  8, 11 |   1.5341407388926937e-04 |   1.5341407388926937e-04 | 1
  8, 12 |   2.9775838527633153e-04 |   2.9775838527633153e-04 | 1
  8, 13 |  -8.7873556086554358e-05 |  -8.7873556086554358e-05 | 1
  8, 14 |  -6.4727683058137257e-04 |  -6.4727683058137257e-04 | 1
  8, 15 |  -3.7709187342593008e-03 |  -3.7709187342593008e-03 | 1
  9,  1 |  -1.4712449025026681e-03 |  -1.4712449025026681e-03 | 1
  9,  2 |  -5.7926951450760870e-03 |  -5.7926951450760870e-03 | 1
  9,  3 |   1.3371643125771691e-03 |   1.3371643125771691e-03 | 1
  9,  4 |  -3.5495177063120157e-03 |  -3.5495177063120157e-03 | 1
  9,  5 |  -4.1618449318812454e-03 |  -4.1618449318812454e-03 | 1
  9,  6 |  -6.1743816189327250e-03 |  -6.1743816189327250e-03 | 1
  9,  7 |   1.7016831004900757e-03 |   1.7016831004900757e-03 | 1
  9,  8 |  -5.4911897778427179e-05 |  -5.4911897778427179e-05 | 1
  9,  9 |   2.1461202234885922e-02 |   2.1461202234885922e-02 | 1
  9, 10 |  -3.3261939940348165e-02 |  -3.3261939940348165e-02 | 1
  9, 11 |   6.5578835254110918e-04 |   6.5578835254110918e-04 | 1
  9, 12 |   7.7632323516331047e-04 |   7.7632323516331047e-04 | 1
  9, 13 |  -4.4509930250762594e-05 |  -4.4509930250762594e-05 | 1
  9, 14 |  -2.2094454347001491e-03 |  -2.2094454347001491e-03 | 1
  9, 15 |  -3.6182232949403363e-03 |  -3.6182232949403363e-03 | 1
 10,  1 |   4.0725967737003706e-03 |   4.0725967737003706e-03 | 1
 10,  2 |   3.1396498804320279e-02 |   3.1396498804320279e-02 | 1
 10,  3 |  -9.0860648711646604e-04 |  -9.0860648711646604e-04 | 1
 10,  4 |   1.0706898189113311e-02 |   1.0706898189113311e-02 | 1
 10,  5 |   2.7042782541752013e-02 |   2.7042782541752013e-02 | 1
 10,  6 |   3.2490569316500455e-02 |   3.2490569316500455e-02 | 1
 10,  7 |   3.2971700241697342e-03 |   3.2971700241697342e-03 | 1
 10,  8 |  -6.5116024891874571e-03 |  -6.5116024891874571e-03 | 1
 10,  9 |  -3.3261939940348165e-02 |  -3.3261939940348165e-02 | 1
 10, 10 |   1.3079702957043596e-01 |   1.3079702957043596e-01 | 1
 10, 11 |  -3.5682536032483705e-03 |  -3.5682536032483705e-03 | 1
 10, 12 |  -5.5804792585323459e-03 |  -5.5804792585323459e-03 | 1
 10, 13 |   6.7471131337671123e-04 |   6.7471131337671123e-04 | 1
 10, 14 |   9.9765805398949817e-03 |   9.9765805398949817e-03 | 1
 10, 15 |   5.1063593937169603e-02 |   5.1063593937169603e-02 | 1
 11,  1 |  -2.3239967778896552e-04 |  -2.3239967778896552e-04 | 1
 11,  2 |  -9.3184464909758279e-04 |  -9.3184464909758279e-04 | 1
 11,  3 |  -7.6039397249764816e-05 |  -7.6039397249764816e-05 | 1
 11,  4 |  -1.0350923290969288e-04 |  -1.0350923290969288e-04 | 1
 11,  5 |  -7.5707239480840940e-04 |  -7.5707239480840940e-04 | 1
 11,  6 |  -1.1594690907106254e-03 |  -1.1594690907106254e-03 | 1
 11,  7 |  -3.6136973864906924e-05 |  -3.6136973864906924e-05 | 1
 11,  8 |   1.5341407388926937e-04 |   1.5341407388926937e-04 | 1
 11,  9 |   6.5578835254110918e-04 |   6.5578835254110918e-04 | 1
 11, 10 |  -3.5682536032483705e-03 |  -3.5682536032483705e-03 | 1
 11, 11 |   2.6801327381878302e-04 |   2.6801327381878302e-04 | 1
 11, 12 |   2.3600583678570262e-04 |   2.3600583678570262e-04 | 1
 11, 13 |   2.6304140631010999e-06 |   2.6304140631010999e-06 | 1
 11, 14 |  -3.9831083476514755e-04 |  -3.9831083476514755e-04 | 1
 11, 15 |  -1.4468465705098697e-03 |  -1.4468465705098697e-03 | 1
 12,  1 |  -2.1677765566960843e-04 |  -2.1677765566960843e-04 | 1
 12,  2 |  -1.4621659433148820e-03 |  -1.4621659433148820e-03 | 1
 12,  3 |  -7.1728231576078600e-05 |  -7.1728231576078600e-05 | 1
 12,  4 |   5.3370017170498662e-04 |   5.3370017170498662e-04 | 1
 12,  5 |  -1.2539497624397835e-03 |  -1.2539497624397835e-03 | 1
 12,  6 |  -1.4379372577328715e-03 |  -1.4379372577328715e-03 | 1
 12,  7 |  -2.8221263456582811e-04 |  -2.8221263456582811e-04 | 1
 12,  8 |   2.9775838527633153e-04 |   2.9775838527633153e-04 | 1
 12,  9 |   7.7632323516331047e-04 |   7.7632323516331047e-04 | 1
 12, 10 |  -5.5804792585323459e-03 |  -5.5804792585323459e-03 | 1
 12, 11 |   2.3600583678570262e-04 |   2.3600583678570262e-04 | 1
 12, 12 |   3.8959209673249823e-04 |   3.8959209673249823e-04 | 1
 12, 13 |  -2.9737128391239504e-05 |  -2.9737128391239504e-05 | 1
 12, 14 |  -4.9010207026237422e-04 |  -4.9010207026237422e-04 | 1
 12, 15 |  -2.5994543926377151e-03 |  -2.5994543926377151e-03 | 1
 13,  1 |   3.8920934281851428e-05 |   3.8920934281851428e-05 | 1
 13,  2 |   2.2629423699136911e-04 |   2.2629423699136911e-04 | 1
 13,  3 |  -7.4341394513670550e-05 |  -7.4341394513670550e-05 | 1
 13,  4 |  -3.4758902298558699e-04 |  -3.4758902298558699e-04 | 1
 13,  5 |   4.3425329879235116e-04 |   4.3425329879235116e-04 | 1
 13,  6 |   2.4943468119039780e-04 |   2.4943468119039780e-04 | 1
 13,  7 |   8.6193124962377366e-05 |   8.6193124962377366e-05 | 1
 13,  8 |  -8.7873556086554358e-05 |  -8.7873556086554358e-05 | 1
 13,  9 |  -4.4509930250762594e-05 |  -4.4509930250762594e-05 | 1
 13, 10 |   6.7471131337671123e-04 |   6.7471131337671123e-04 | 1
 13, 11 |   2.6304140631010999e-06 |   2.6304140631010999e-06 | 1
 13, 12 |  -2.9737128391239504e-05 |  -2.9737128391239504e-05 | 1
 13, 13 |   7.3681893181234433e-05 |   7.3681893181234433e-05 | 1
 13, 14 |   1.9240163722892509e-04 |   1.9240163722892509e-04 | 1
 13, 15 |   2.5598065918434410e-04 |   2.5598065918434410e-04 | 1
 14,  1 |   1.6821549880982438e-03 |   1.6821549880982438e-03 | 1
 14,  2 |   3.5586135722579697e-03 |   3.5586135722579697e-03 | 1
 14,  3 |  -2.2872310125906820e-04 |  -2.2872310125906820e-04 | 1
 14,  4 |   3.6106377076660029e-03 |   3.6106377076660029e-03 | 1
 14,  5 |   2.6602703638140511e-03 |   2.6602703638140511e-03 | 1
 14,  6 |   4.7665102678045631e-03 |   4.7665102678045631e-03 | 1
 14,  7 |   1.4066442853407806e-03 |   1.4066442853407806e-03 | 1
 14,  8 |  -6.4727683058137257e-04 |  -6.4727683058137257e-04 | 1
 14,  9 |  -2.2094454347001491e-03 |  -2.2094454347001491e-03 | 1
 14, 10 |   9.9765805398949817e-03 |   9.9765805398949817e-03 | 1
 14, 11 |  -3.9831083476514755e-04 |  -3.9831083476514755e-04 | 1
 14, 12 |  -4.9010207026237422e-04 |  -4.9010207026237422e-04 | 1
 14, 13 |   1.9240163722892509e-04 |   1.9240163722892509e-04 | 1
 14, 14 |   2.6901359390863861e-03 |   2.6901359390863861e-03 | 1
 14, 15 |   2.8426939423839078e-03 |   2.8426939423839078e-03 | 1
 15,  1 |   4.0588757504406706e-04 |   4.0588757504406706e-04 | 1
 15,  2 |   1.4142320288178233e-02 |   1.4142320288178233e-02 | 1
 15,  3 |   4.6679101359254081e-04 |   4.6679101359254081e-04 | 1
 15,  4 |   2.4562363325173631e-03 |   2.4562363325173631e-03 | 1
 15,  5 |   1.2741198874566430e-02 |   1.2741198874566430e-02 | 1
 15,  6 |   1.3414251514820830e-02 |   1.3414251514820830e-02 | 1
 15,  7 |   2.4426836351794127e-03 |   2.4426836351794127e-03 | 1
 15,  8 |  -3.7709187342593008e-03 |  -3.7709187342593008e-03 | 1
 15,  9 |  -3.6182232949403363e-03 |  -3.6182232949403363e-03 | 1
 15, 10 |   5.1063593937169603e-02 |   5.1063593937169603e-02 | 1
 15, 11 |  -1.4468465705098697e-03 |  -1.4468465705098697e-03 | 1
 15, 12 |  -2.5994543926377151e-03 |  -2.5994543926377151e-03 | 1
 15, 13 |   2.5598065918434410e-04 |   2.5598065918434410e-04 | 1
 15, 14 |   2.8426939423839078e-03 |   2.8426939423839078e-03 | 1
 15, 15 |   2.8485870958304276e-02 |   2.8485870958304276e-02 | 1
