row,col | V_base                   | V_new                    | equal
  1,  1 |   3.2229817626457953e-04 |   3.2229817626457953e-04 | 1
  1,  2 |   2.6402255792287304e-04 |   2.6402255792287304e-04 | 1
  1,  3 |   7.8132608995811403e-04 |   7.8132608995811403e-04 | 1
  1,  4 |   2.9418326268508294e-04 |   2.9418326268508294e-04 | 1
  1,  5 |   2.8925273404004504e-04 |   2.8925273404004504e-04 | 1
  1,  6 |   3.2467452676732497e-04 |   3.2467452676732497e-04 | 1
  1,  7 |   3.1099555492162937e-04 |   3.1099555492162937e-04 | 1
  1,  8 |   2.0512075269997364e-05 |   2.0512075269997364e-05 | 1
  1,  9 |   4.2683398211719043e-05 |   4.2683398211719043e-05 | 1
  1, 10 |   1.6347356649079505e-04 |   1.6347356649079505e-04 | 1
  1, 11 |  -1.6065620464641948e-05 |  -1.6065620464641948e-05 | 1
  1, 12 |  -1.2160956680731983e-05 |  -1.2160956680731983e-05 | 1
  1, 13 |  -7.2388383112828800e-05 |  -7.2388383112828800e-05 | 1
  1, 14 |  -4.4295706488222770e-08 |  -4.4295706488222770e-08 | 1
  1, 15 |  -4.3928804744104989e-05 |  -4.3928804744104989e-05 | 1
  1, 16 |   2.0759872294937197e-06 |   2.0759872294937197e-06 | 1
  1, 17 |   2.7382847902696734e-04 |   2.7382847902696734e-04 | 1
  1, 18 |   1.2050025251400253e-05 |   1.2050025251400253e-05 | 1
  2,  1 |   2.6402255792287304e-04 |   2.6402255792287304e-04 | 1
  2,  2 |   7.9918691542280517e-04 |   7.9918691542280517e-04 | 1
  2,  3 |  -7.3671664244835200e-04 |  -7.3671664244835200e-04 | 1
  2,  4 |   3.4657382372736071e-04 |   3.4657382372736071e-04 | 1
  2,  5 |   3.6763575459359773e-04 |   3.6763575459359773e-04 | 1
  2,  6 |   2.4483762685043129e-04 |   2.4483762685043129e-04 | 1
  2,  7 |   3.1805744947540542e-04 |   3.1805744947540542e-04 | 1
  2,  8 |  -2.6056207838168075e-04 |  -2.6056207838168075e-04 | 1
  2,  9 |  -3.4340523662671385e-04 |  -3.4340523662671385e-04 | 1
  2, 10 |   1.2990800196012358e-03 |   1.2990800196012358e-03 | 1
  2, 11 |  -1.2580906896570651e-05 |  -1.2580906896570651e-05 | 1
  2, 12 |   7.9198770711455352e-06 |   7.9198770711455352e-06 | 1
  2, 13 |  -7.9474185562286828e-05 |  -7.9474185562286828e-05 | 1
  2, 14 |  -3.9096255908109866e-08 |  -3.9096255908109866e-08 | 1
  2, 15 |  -4.1750500299725224e-05 |  -4.1750500299725224e-05 | 1
  2, 16 |   1.7867740777441668e-06 |   1.7867740777441668e-06 | 1
  2, 17 |   2.6377197064179046e-04 |   2.6377197064179046e-04 | 1
  2, 18 |   2.9581078258422895e-04 |   2.9581078258422895e-04 | 1
  3,  1 |   7.8132608995811403e-04 |   7.8132608995811403e-04 | 1
  3,  2 |  -7.3671664244835200e-04 |  -7.3671664244835200e-04 | 1
  3,  3 |   1.5165396957511207e-01 |   1.5165396957511207e-01 | 1
  3,  4 |  -1.1417786897245561e-03 |  -1.1417786897245561e-03 | 1
  3,  5 |  -1.1971240344823969e-03 |  -1.1971240344823969e-03 | 1
  3,  6 |   1.8966678389443294e-02 |   1.8966678389443294e-02 | 1
  3,  7 |   6.1333141687673967e-04 |   6.1333141687673967e-04 | 1
  3,  8 |  -2.1291066278139423e-03 |  -2.1291066278139423e-03 | 1
  3,  9 |   4.7729300390062436e-02 |   4.7729300390062436e-02 | 1
  3, 10 |  -1.7569397350679916e-01 |  -1.7569397350679916e-01 | 1
  3, 11 |  -2.9132804786284572e-06 |  -2.9132804786284572e-06 | 1
  3, 12 |   1.2369059440765350e-04 |   1.2369059440765350e-04 | 1
  3, 13 |  -2.6254272814663429e-04 |  -2.6254272814663429e-04 | 1
  3, 14 |  -1.1327859335677249e-07 |  -1.1327859335677249e-07 | 1
  3, 15 |  -1.5279116809867457e-04 |  -1.5279116809867457e-04 | 1
  3, 16 |   8.2942144581704830e-06 |   8.2942144581704830e-06 | 1
  3, 17 |   7.5987535811311211e-04 |   7.5987535811311211e-04 | 1
  3, 18 |   2.1924325634593931e-03 |   2.1924325634593931e-03 | 1
  4,  1 |   2.9418326268508294e-04 |   2.9418326268508294e-04 | 1
  4,  2 |   3.4657382372736071e-04 |   3.4657382372736071e-04 | 1
  4,  3 |  -1.1417786897245561e-03 |  -1.1417786897245561e-03 | 1
  4,  4 |   2.5237097303846531e-02 |   2.5237097303846531e-02 | 1
  4,  5 |   3.5743269593726656e-04 |   3.5743269593726656e-04 | 1
  4,  6 |   1.7775669872798804e-04 |   1.7775669872798804e-04 | 1
  4,  7 |   3.4267893518725415e-04 |   3.4267893518725415e-04 | 1
  4,  8 |   7.0898881687809769e-05 |   7.0898881687809769e-05 | 1
  4,  9 |  -5.2213138840488660e-04 |  -5.2213138840488660e-04 | 1
  4, 10 |   2.1038835992282135e-03 |   2.1038835992282135e-03 | 1
  4, 11 |   3.3538968137633321e-06 |   3.3538968137633321e-06 | 1
  4, 12 |   2.3922252671776011e-05 |   2.3922252671776011e-05 | 1
  4, 13 |  -7.8921789902824274e-05 |  -7.8921789902824274e-05 | 1
  4, 14 |  -4.7085934618079281e-08 |  -4.7085934618079281e-08 | 1
  4, 15 |  -4.9665613089427702e-05 |  -4.9665613089427702e-05 | 1
  4, 16 |   2.1689432171054917e-06 |   2.1689432171054917e-06 | 1
  4, 17 |   2.8763996117191399e-04 |   2.8763996117191399e-04 | 1
  4, 18 |  -2.8927045421949272e-05 |  -2.8927045421949272e-05 | 1
  5,  1 |   2.8925273404004504e-04 |   2.8925273404004504e-04 | 1
  5,  2 |   3.6763575459359773e-04 |   3.6763575459359773e-04 | 1
  5,  3 |  -1.1971240344823969e-03 |  -1.1971240344823969e-03 | 1
  5,  4 |   3.5743269593726656e-04 |   3.5743269593726656e-04 | 1
  5,  5 |   9.1819569979392415e-03 |   9.1819569979392415e-03 | 1
  5,  6 |   3.1680021503304725e-04 |   3.1680021503304725e-04 | 1
  5,  7 |   3.9873516313923541e-04 |   3.9873516313923541e-04 | 1
  5,  8 |   1.4543253359197497e-04 |   1.4543253359197497e-04 | 1
  5,  9 |  -4.2874210609247245e-04 |  -4.2874210609247245e-04 | 1
  5, 10 |   1.4438344659017349e-03 |   1.4438344659017349e-03 | 1
  5, 11 |  -5.3928903654257254e-05 |  -5.3928903654257254e-05 | 1
  5, 12 |  -4.4050531725581141e-05 |  -4.4050531725581141e-05 | 1
  5, 13 |  -8.9299117529278912e-05 |  -8.9299117529278912e-05 | 1
  5, 14 |  -3.6890477222722395e-08 |  -3.6890477222722395e-08 | 1
  5, 15 |  -3.5487662300667794e-05 |  -3.5487662300667794e-05 | 1
  5, 16 |   1.0989431496145104e-06 |   1.0989431496145104e-06 | 1
  5, 17 |   3.0381507765138779e-04 |   3.0381507765138779e-04 | 1
  5, 18 |  -9.6640602412859284e-05 |  -9.6640602412859284e-05 | 1
  6,  1 |   3.2467452676732497e-04 |   3.2467452676732497e-04 | 1
  6,  2 |   2.4483762685043129e-04 |   2.4483762685043129e-04 | 1
  6,  3 |   1.8966678389443294e-02 |   1.8966678389443294e-02 | 1
  6,  4 |   1.7775669872798804e-04 |   1.7775669872798804e-04 | 1
  6,  5 |   3.1680021503304725e-04 |   3.1680021503304725e-04 | 1
  6,  6 |   1.0450051600617577e-02 |   1.0450051600617577e-02 | 1
  6,  7 |   4.1188667892989926e-04 |   4.1188667892989926e-04 | 1
  6,  8 |  -1.0650589373232237e-04 |  -1.0650589373232237e-04 | 1
  6,  9 |   6.0633384848116072e-03 |   6.0633384848116072e-03 | 1
  6, 10 |  -2.2816528757497075e-02 |  -2.2816528757497075e-02 | 1
  6, 11 |  -3.3417660476045548e-05 |  -3.3417660476045548e-05 | 1
  6, 12 |   1.0407722592245187e-07 |   1.0407722592245187e-07 | 1
  6, 13 |  -8.0370334626498702e-05 |  -8.0370334626498702e-05 | 1
  6, 14 |  -4.2575885789234056e-08 |  -4.2575885789234056e-08 | 1
  6, 15 |  -5.4457456762935930e-05 |  -5.4457456762935930e-05 | 1
  6, 16 |   2.3792661124010575e-06 |   2.3792661124010575e-06 | 1
  6, 17 |   3.3229467537197960e-04 |   3.3229467537197960e-04 | 1
  6, 18 |   1.4909269923964012e-04 |   1.4909269923964012e-04 | 1
  7,  1 |   3.1099555492162937e-04 |   3.1099555492162937e-04 | 1
  7,  2 |   3.1805744947540542e-04 |   3.1805744947540542e-04 | 1
  7,  3 |   6.1333141687673967e-04 |   6.1333141687673967e-04 | 1
  7,  4 |   3.4267893518725415e-04 |   3.4267893518725415e-04 | 1
  7,  5 |   3.9873516313923541e-04 |   3.9873516313923541e-04 | 1
  7,  6 |   4.1188667892989926e-04 |   4.1188667892989926e-04 | 1
  7,  7 |   8.7433608046731876e-04 |   8.7433608046731876e-04 | 1
  7,  8 |   7.4515160772027297e-05 |   7.4515160772027297e-05 | 1
  7,  9 |   5.5557099788079814e-05 |   5.5557099788079814e-05 | 1
  7, 10 |  -2.5466748683091564e-06 |  -2.5466748683091564e-06 | 1
  7, 11 |  -1.6477396822905663e-05 |  -1.6477396822905663e-05 | 1
  7, 12 |  -3.7718469122895038e-05 |  -3.7718469122895038e-05 | 1
  7, 13 |  -7.8488642020491415e-05 |  -7.8488642020491415e-05 | 1
  7, 14 |  -4.4391650902911670e-08 |  -4.4391650902911670e-08 | 1
  7, 15 |  -4.5150933535564965e-05 |  -4.5150933535564965e-05 | 1
  7, 16 |   1.6642884933248066e-06 |   1.6642884933248066e-06 | 1
  7, 17 |   3.1630240614809310e-04 |   3.1630240614809310e-04 | 1
  7, 18 |  -2.1484720184371889e-05 |  -2.1484720184371889e-05 | 1
  8,  1 |   2.0512075269997364e-05 |   2.0512075269997364e-05 | 1
  8,  2 |  -2.6056207838168075e-04 |  -2.6056207838168075e-04 | 1
  8,  3 |  -2.1291066278139423e-03 |  -2.1291066278139423e-03 | 1
  8,  4 |   7.0898881687809769e-05 |   7.0898881687809769e-05 | 1
  8,  5 |   1.4543253359197497e-04 |   1.4543253359197497e-04 | 1
  8,  6 |  -1.0650589373232237e-04 |  -1.0650589373232237e-04 | 1
  8,  7 |   7.4515160772027297e-05 |   7.4515160772027297e-05 | 1
  8,  8 |   3.5054585551354186e-04 |   3.5054585551354186e-04 | 1
  8,  9 |  -5.6210800298146335e-04 |  -5.6210800298146335e-04 | 1
  8, 10 |   1.7323966358841947e-03 |   1.7323966358841947e-03 | 1
  8, 11 |  -2.0081286281057889e-06 |  -2.0081286281057889e-06 | 1
  8, 12 |  -1.5899050287865538e-05 |  -1.5899050287865538e-05 | 1
  8, 13 |   2.8580406676469262e-07 |   2.8580406676469262e-07 | 1
  8, 14 |  -2.7682376723121035e-09 |  -2.7682376723121035e-09 | 1
  8, 15 |  -1.7547860324303875e-06 |  -1.7547860324303875e-06 | 1
  8, 16 |  -2.3013866848089989e-08 |  -2.3013866848089989e-08 | 1
  8, 17 |   2.2376967451455590e-05 |   2.2376967451455590e-05 | 1
  8, 18 |  -3.4388592883811291e-04 |  -3.4388592883811291e-04 | 1
  9,  1 |   4.2683398211719043e-05 |   4.2683398211719043e-05 | 1
  9,  2 |  -3.4340523662671385e-04 |  -3.4340523662671385e-04 | 1
  9,  3 |   4.7729300390062436e-02 |   4.7729300390062436e-02 | 1
  9,  4 |  -5.2213138840488660e-04 |  -5.2213138840488660e-04 | 1
  9,  5 |  -4.2874210609247245e-04 |  -4.2874210609247245e-04 | 1
  9,  6 |   6.0633384848116072e-03 |   6.0633384848116072e-03 | 1
  9,  7 |   5.5557099788079814e-05 |   5.5557099788079814e-05 | 1
  9,  8 |  -5.6210800298146335e-04 |  -5.6210800298146335e-04 | 1
  9,  9 |   1.5440948182591670e-02 |   1.5440948182591670e-02 | 1
  9, 10 |  -5.7775205470482746e-02 |  -5.7775205470482746e-02 | 1
  9, 11 |   2.2742583521860070e-05 |   2.2742583521860070e-05 | 1
  9, 12 |   4.4064717834838761e-05 |   4.4064717834838761e-05 | 1
  9, 13 |  -4.1458873667510951e-06 |  -4.1458873667510951e-06 | 1
  9, 14 |  -3.1370902539562287e-09 |  -3.1370902539562287e-09 | 1
  9, 15 |  -1.5400548533376078e-05 |  -1.5400548533376078e-05 | 1
  9, 16 |   6.6878560849037231e-07 |   6.6878560849037231e-07 | 1
  9, 17 |   3.9079705067537188e-05 |   3.9079705067537188e-05 | 1
  9, 18 |   5.7209668852299146e-04 |   5.7209668852299146e-04 | 1
 10,  1 |   1.6347356649079505e-04 |   1.6347356649079505e-04 | 1
 10,  2 |   1.2990800196012358e-03 |   1.2990800196012358e-03 | 1
 10,  3 |  -1.7569397350679916e-01 |  -1.7569397350679916e-01 | 1
 10,  4 |   2.1038835992282135e-03 |   2.1038835992282135e-03 | 1
 10,  5 |   1.4438344659017349e-03 |   1.4438344659017349e-03 | 1
 10,  6 |  -2.2816528757497075e-02 |  -2.2816528757497075e-02 | 1
 10,  7 |  -2.5466748683091564e-06 |  -2.5466748683091564e-06 | 1
 10,  8 |   1.7323966358841947e-03 |   1.7323966358841947e-03 | 1
 10,  9 |  -5.7775205470482746e-02 |  -5.7775205470482746e-02 | 1
 10, 10 |   2.2061558728271730e-01 |   2.2061558728271730e-01 | 1
 10, 11 |  -1.1892226118219935e-04 |  -1.1892226118219935e-04 | 1
 10, 12 |  -1.9499896980685133e-04 |  -1.9499896980685133e-04 | 1
 10, 13 |  -4.9327404337982581e-05 |  -4.9327404337982581e-05 | 1
 10, 14 |  -3.4388759118643545e-08 |  -3.4388759118643545e-08 | 1
 10, 15 |   1.1001478512843653e-05 |   1.1001478512843653e-05 | 1
 10, 16 |  -9.2468347000003005e-07 |  -9.2468347000003005e-07 | 1
 10, 17 |   1.8622136377262387e-04 |   1.8622136377262387e-04 | 1
 10, 18 |  -1.7151153854938692e-03 |  -1.7151153854938692e-03 | 1
 11,  1 |  -1.6065620464641948e-05 |  -1.6065620464641948e-05 | 1
 11,  2 |  -1.2580906896570651e-05 |  -1.2580906896570651e-05 | 1
 11,  3 |  -2.9132804786284572e-06 |  -2.9132804786284572e-06 | 1
 11,  4 |   3.3538968137633321e-06 |   3.3538968137633321e-06 | 1
 11,  5 |  -5.3928903654257254e-05 |  -5.3928903654257254e-05 | 1
 11,  6 |  -3.3417660476045548e-05 |  -3.3417660476045548e-05 | 1
 11,  7 |  -1.6477396822905663e-05 |  -1.6477396822905663e-05 | 1
 11,  8 |  -2.0081286281057889e-06 |  -2.0081286281057889e-06 | 1
 11,  9 |   2.2742583521860070e-05 |   2.2742583521860070e-05 | 1
 11, 10 |  -1.1892226118219935e-04 |  -1.1892226118219935e-04 | 1
 11, 11 |   3.7409628173961633e-05 |   3.7409628173961633e-05 | 1
 11, 12 |   2.6537328941853336e-05 |   2.6537328941853336e-05 | 1
 11, 13 |  -3.1057325299407596e-07 |  -3.1057325299407596e-07 | 1
 11, 14 |  -1.4694159101872942e-09 |  -1.4694159101872942e-09 | 1
 11, 15 |  -8.1714198683135821e-07 |  -8.1714198683135821e-07 | 1
 11, 16 |   5.0797050923030011e-08 |   5.0797050923030011e-08 | 1
 11, 17 |  -2.6250469722303176e-05 |  -2.6250469722303176e-05 | 1
 11, 18 |   3.5256737877231902e-06 |   3.5256737877231902e-06 | 1
 12,  1 |  -1.2160956680731983e-05 |  -1.2160956680731983e-05 | 1
 12,  2 |   7.9198770711455352e-06 |   7.9198770711455352e-06 | 1
 12,  3 |   1.2369059440765350e-04 |   1.2369059440765350e-04 | 1
 12,  4 |   2.3922252671776011e-05 |   2.3922252671776011e-05 | 1
 12,  5 |  -4.4050531725581141e-05 |  -4.4050531725581141e-05 | 1
 12,  6 |   1.0407722592245187e-07 |   1.0407722592245187e-07 | 1
 12,  7 |  -3.7718469122895038e-05 |  -3.7718469122895038e-05 | 1
 12,  8 |  -1.5899050287865538e-05 |  -1.5899050287865538e-05 | 1
 12,  9 |   4.4064717834838761e-05 |   4.4064717834838761e-05 | 1
 12, 10 |  -1.9499896980685133e-04 |  -1.9499896980685133e-04 | 1
 12, 11 |   2.6537328941853336e-05 |   2.6537328941853336e-05 | 1
 12, 12 |   4.7602026869759567e-05 |   4.7602026869759567e-05 | 1
 12, 13 |  -1.5645522426459325e-06 |  -1.5645522426459325e-06 | 1
 12, 14 |  -3.3601935792381848e-09 |  -3.3601935792381848e-09 | 1
 12, 15 |  -1.2490373264710646e-06 |  -1.2490373264710646e-06 | 1
 12, 16 |   6.1125207706129992e-08 |   6.1125207706129992e-08 | 1
 12, 17 |  -2.2369754155049304e-05 |  -2.2369754155049304e-05 | 1
 12, 18 |   1.3119061678752506e-05 |   1.3119061678752506e-05 | 1
 13,  1 |  -7.2388383112828800e-05 |  -7.2388383112828800e-05 | 1
 13,  2 |  -7.9474185562286828e-05 |  -7.9474185562286828e-05 | 1
 13,  3 |  -2.6254272814663429e-04 |  -2.6254272814663429e-04 | 1
 13,  4 |  -7.8921789902824274e-05 |  -7.8921789902824274e-05 | 1
 13,  5 |  -8.9299117529278912e-05 |  -8.9299117529278912e-05 | 1
 13,  6 |  -8.0370334626498702e-05 |  -8.0370334626498702e-05 | 1
 13,  7 |  -7.8488642020491415e-05 |  -7.8488642020491415e-05 | 1
 13,  8 |   2.8580406676469262e-07 |   2.8580406676469262e-07 | 1
 13,  9 |  -4.1458873667510951e-06 |  -4.1458873667510951e-06 | 1
 13, 10 |  -4.9327404337982581e-05 |  -4.9327404337982581e-05 | 1
 13, 11 |  -3.1057325299407596e-07 |  -3.1057325299407596e-07 | 1
 13, 12 |  -1.5645522426459325e-06 |  -1.5645522426459325e-06 | 1
 13, 13 |   9.4834301591251288e-05 |   9.4834301591251288e-05 | 1
 13, 14 |   4.3207485967453739e-09 |   4.3207485967453739e-09 | 1
 13, 15 |   4.4204816731688037e-06 |   4.4204816731688037e-06 | 1
 13, 16 |  -1.6004507287341882e-07 |  -1.6004507287341882e-07 | 1
 13, 17 |  -7.2605081220697458e-05 |  -7.2605081220697458e-05 | 1
 13, 18 |  -1.0219782998488675e-05 |  -1.0219782998488675e-05 | 1
 14,  1 |  -4.4295706488222770e-08 |  -4.4295706488222770e-08 | 1
 14,  2 |  -3.9096255908109866e-08 |  -3.9096255908109866e-08 | 1
 14,  3 |  -1.1327859335677249e-07 |  -1.1327859335677249e-07 | 1
 14,  4 |  -4.7085934618079281e-08 |  -4.7085934618079281e-08 | 1
 14,  5 |  -3.6890477222722395e-08 |  -3.6890477222722395e-08 | 1
 14,  6 |  -4.2575885789234056e-08 |  -4.2575885789234056e-08 | 1
 14,  7 |  -4.4391650902911670e-08 |  -4.4391650902911670e-08 | 1
 14,  8 |  -2.7682376723121035e-09 |  -2.7682376723121035e-09 | 1
 14,  9 |  -3.1370902539562287e-09 |  -3.1370902539562287e-09 | 1
 14, 10 |  -3.4388759118643545e-08 |  -3.4388759118643545e-08 | 1
 14, 11 |  -1.4694159101872942e-09 |  -1.4694159101872942e-09 | 1
 14, 12 |  -3.3601935792381848e-09 |  -3.3601935792381848e-09 | 1
 14, 13 |   4.3207485967453739e-09 |   4.3207485967453739e-09 | 1
 14, 14 |   1.4832623587247461e-11 |   1.4832623587247461e-11 | 1
 14, 15 |   4.6197105754582317e-09 |   4.6197105754582317e-09 | 1
 14, 16 |  -1.8499264434038730e-10 |  -1.8499264434038730e-10 | 1
 14, 17 |  -3.7782292310787162e-08 |  -3.7782292310787162e-08 | 1
 14, 18 |  -3.8698316491124220e-10 |  -3.8698316491124220e-10 | 1
 15,  1 |  -4.3928804744104989e-05 |  -4.3928804744104989e-05 | 1
 15,  2 |  -4.1750500299725224e-05 |  -4.1750500299725224e-05 | 1
 15,  3 |  -1.5279116809867457e-04 |  -1.5279116809867457e-04 | 1
 15,  4 |  -4.9665613089427702e-05 |  -4.9665613089427702e-05 | 1
 15,  5 |  -3.5487662300667794e-05 |  -3.5487662300667794e-05 | 1
 15,  6 |  -5.4457456762935930e-05 |  -5.4457456762935930e-05 | 1
 15,  7 |  -4.5150933535564965e-05 |  -4.5150933535564965e-05 | 1
 15,  8 |  -1.7547860324303875e-06 |  -1.7547860324303875e-06 | 1
 15,  9 |  -1.5400548533376078e-05 |  -1.5400548533376078e-05 | 1
 15, 10 |   1.1001478512843653e-05 |   1.1001478512843653e-05 | 1
 15, 11 |  -8.1714198683135821e-07 |  -8.1714198683135821e-07 | 1
 15, 12 |  -1.2490373264710646e-06 |  -1.2490373264710646e-06 | 1
 15, 13 |   4.4204816731688037e-06 |   4.4204816731688037e-06 | 1
 15, 14 |   4.6197105754582317e-09 |   4.6197105754582317e-09 | 1
 15, 15 |   1.2289084006209939e-05 |   1.2289084006209939e-05 | 1
 15, 16 |  -7.7387624600951677e-07 |  -7.7387624600951677e-07 | 1
 15, 17 |  -4.4192576129379474e-05 |  -4.4192576129379474e-05 | 1
 15, 18 |  -6.5930579126241528e-07 |  -6.5930579126241528e-07 | 1
 16,  1 |   2.0759872294937197e-06 |   2.0759872294937197e-06 | 1
 16,  2 |   1.7867740777441668e-06 |   1.7867740777441668e-06 | 1
 16,  3 |   8.2942144581704830e-06 |   8.2942144581704830e-06 | 1
 16,  4 |   2.1689432171054917e-06 |   2.1689432171054917e-06 | 1
 16,  5 |   1.0989431496145104e-06 |   1.0989431496145104e-06 | 1
 16,  6 |   2.3792661124010575e-06 |   2.3792661124010575e-06 | 1
 16,  7 |   1.6642884933248066e-06 |   1.6642884933248066e-06 | 1
 16,  8 |  -2.3013866848089989e-08 |  -2.3013866848089989e-08 | 1
 16,  9 |   6.6878560849037231e-07 |   6.6878560849037231e-07 | 1
 16, 10 |  -9.2468347000003005e-07 |  -9.2468347000003005e-07 | 1
 16, 11 |   5.0797050923030011e-08 |   5.0797050923030011e-08 | 1
 16, 12 |   6.1125207706129992e-08 |   6.1125207706129992e-08 | 1
 16, 13 |  -1.6004507287341882e-07 |  -1.6004507287341882e-07 | 1
 16, 14 |  -1.8499264434038730e-10 |  -1.8499264434038730e-10 | 1
 16, 15 |  -7.7387624600951677e-07 |  -7.7387624600951677e-07 | 1
 16, 16 |   5.9109352112395571e-08 |   5.9109352112395571e-08 | 1
 16, 17 |   2.0481777754436090e-06 |   2.0481777754436090e-06 | 1
 16, 18 |  -1.6468970455189206e-07 |  -1.6468970455189206e-07 | 1
 17,  1 |   2.7382847902696734e-04 |   2.7382847902696734e-04 | 1
 17,  2 |   2.6377197064179046e-04 |   2.6377197064179046e-04 | 1
 17,  3 |   7.5987535811311211e-04 |   7.5987535811311211e-04 | 1
 17,  4 |   2.8763996117191399e-04 |   2.8763996117191399e-04 | 1
 17,  5 |   3.0381507765138779e-04 |   3.0381507765138779e-04 | 1
 17,  6 |   3.3229467537197960e-04 |   3.3229467537197960e-04 | 1
 17,  7 |   3.1630240614809310e-04 |   3.1630240614809310e-04 | 1
 17,  8 |   2.2376967451455590e-05 |   2.2376967451455590e-05 | 1
 17,  9 |   3.9079705067537188e-05 |   3.9079705067537188e-05 | 1
 17, 10 |   1.8622136377262387e-04 |   1.8622136377262387e-04 | 1
 17, 11 |  -2.6250469722303176e-05 |  -2.6250469722303176e-05 | 1
 17, 12 |  -2.2369754155049304e-05 |  -2.2369754155049304e-05 | 1
 17, 13 |  -7.2605081220697458e-05 |  -7.2605081220697458e-05 | 1
 17, 14 |  -3.7782292310787162e-08 |  -3.7782292310787162e-08 | 1
 17, 15 |  -4.4192576129379474e-05 |  -4.4192576129379474e-05 | 1
 17, 16 |   2.0481777754436090e-06 |   2.0481777754436090e-06 | 1
 17, 17 |   4.0990991188627311e-04 |   4.0990991188627311e-04 | 1
 17, 18 |  -1.1697658417176917e-04 |  -1.1697658417176917e-04 | 1
 18,  1 |   1.2050025251400253e-05 |   1.2050025251400253e-05 | 1
 18,  2 |   2.9581078258422895e-04 |   2.9581078258422895e-04 | 1
 18,  3 |   2.1924325634593931e-03 |   2.1924325634593931e-03 | 1
 18,  4 |  -2.8927045421949272e-05 |  -2.8927045421949272e-05 | 1
 18,  5 |  -9.6640602412859284e-05 |  -9.6640602412859284e-05 | 1
 18,  6 |   1.4909269923964012e-04 |   1.4909269923964012e-04 | 1
 18,  7 |  -2.1484720184371889e-05 |  -2.1484720184371889e-05 | 1
 18,  8 |  -3.4388592883811291e-04 |  -3.4388592883811291e-04 | 1
 18,  9 |   5.7209668852299146e-04 |   5.7209668852299146e-04 | 1
 18, 10 |  -1.7151153854938692e-03 |  -1.7151153854938692e-03 | 1
 18, 11 |   3.5256737877231902e-06 |   3.5256737877231902e-06 | 1
 18, 12 |   1.3119061678752506e-05 |   1.3119061678752506e-05 | 1
 18, 13 |  -1.0219782998488675e-05 |  -1.0219782998488675e-05 | 1
 18, 14 |  -3.8698316491124220e-10 |  -3.8698316491124220e-10 | 1
 18, 15 |  -6.5930579126241528e-07 |  -6.5930579126241528e-07 | 1
 18, 16 |  -1.6468970455189206e-07 |  -1.6468970455189206e-07 | 1
 18, 17 |  -1.1697658417176917e-04 |  -1.1697658417176917e-04 | 1
 18, 18 |   7.6807751891928519e-04 |   7.6807751891928519e-04 | 1
