row,col | V_base                   | V_new                    | equal
  1,  1 |   5.3664015416420138e-04 |   5.3664015416420138e-04 | 1
  1,  2 |   3.1427812976695020e-04 |   3.1427812976695020e-04 | 1
  1,  3 |   3.3580681713422640e-04 |   3.3580681713422640e-04 | 1
  1,  4 |   5.8738953382963090e-04 |   5.8738953382963090e-04 | 1
  1,  5 |   8.0685940498436402e-04 |   8.0685940498436402e-04 | 1
  1,  6 |  -4.9815661544937100e-05 |  -4.9815661544937100e-05 | 1
  1,  7 |   6.7200914810669780e-04 |   6.7200914810669780e-04 | 1
  1,  8 |   5.1549227938059363e-04 |   5.1549227938059363e-04 | 1
  1,  9 |   1.5561127887656219e-04 |   1.5561127887656219e-04 | 1
  1, 10 |  -1.5596943527036611e-04 |  -1.5596943527036611e-04 | 1
  1, 11 |   1.5341503398527166e-04 |   1.5341503398527166e-04 | 1
  1, 12 |   4.6296045963972385e-04 |   4.6296045963972385e-04 | 1
  2,  1 |   3.1427812976695020e-04 |   3.1427812976695020e-04 | 1
  2,  2 |   8.3108981496774902e-04 |   8.3108981496774902e-04 | 1
  2,  3 |   6.9834758861620383e-04 |   6.9834758861620383e-04 | 1
  2,  4 |   1.6046886228219791e-04 |   1.6046886228219791e-04 | 1
  2,  5 |  -4.4276310020302349e-04 |  -4.4276310020302349e-04 | 1
  2,  6 |   1.4822054671075574e-03 |   1.4822054671075574e-03 | 1
  2,  7 |  -9.0942676288030240e-05 |  -9.0942676288030240e-05 | 1
  2,  8 |   3.0519064449878084e-04 |   3.0519064449878084e-04 | 1
  2,  9 |   1.0706450873920518e-03 |   1.0706450873920518e-03 | 1
  2, 10 |   1.7448663451009731e-03 |   1.7448663451009731e-03 | 1
  2, 11 |   1.1281641546723323e-03 |   1.1281641546723323e-03 | 1
  2, 12 |   3.2364530884792186e-04 |   3.2364530884792186e-04 | 1
  3,  1 |   3.3580681713422640e-04 |   3.3580681713422640e-04 | 1
  3,  2 |   6.9834758861620383e-04 |   6.9834758861620383e-04 | 1
  3,  3 |   6.5394329987694916e-04 |   6.5394329987694916e-04 | 1
  3,  4 |   2.1349217830252397e-04 |   2.1349217830252397e-04 | 1
  3,  5 |  -2.7056817219400683e-04 |  -2.7056817219400683e-04 | 1
  3,  6 |   1.2536163528139908e-03 |   1.2536163528139908e-03 | 1
  3,  7 |   1.0853012503439215e-05 |   1.0853012503439215e-05 | 1
  3,  8 |   3.2712585821904688e-04 |   3.2712585821904688e-04 | 1
  3,  9 |   9.3068482241186537e-04 |   9.3068482241186537e-04 | 1
  3, 10 |   1.4630213269493596e-03 |   1.4630213269493596e-03 | 1
  3, 11 |   9.7927985120461591e-04 |   9.7927985120461591e-04 | 1
  3, 12 |   3.3589789470451153e-04 |   3.3589789470451153e-04 | 1
  4,  1 |   5.8738953382963090e-04 |   5.8738953382963090e-04 | 1
  4,  2 |   1.6046886228219791e-04 |   1.6046886228219791e-04 | 1
  4,  3 |   2.1349217830252397e-04 |   2.1349217830252397e-04 | 1
  4,  4 |   8.3676017599097795e-04 |   8.3676017599097795e-04 | 1
  4,  5 |   1.2125203025915698e-03 |   1.2125203025915698e-03 | 1
  4,  6 |  -5.5472359190170887e-04 |  -5.5472359190170887e-04 | 1
  4,  7 |   9.1823509746077794e-04 |   9.1823509746077794e-04 | 1
  4,  8 |   5.8066405641107421e-04 |   5.8066405641107421e-04 | 1
  4,  9 |  -1.4749589636974355e-04 |  -1.4749589636974355e-04 | 1
  4, 10 |  -7.8173394344380415e-04 |  -7.8173394344380415e-04 | 1
  4, 11 |  -1.6931386137881865e-04 |  -1.6931386137881865e-04 | 1
  4, 12 |   5.0517312439139934e-04 |   5.0517312439139934e-04 | 1
  5,  1 |   8.0685940498436402e-04 |   8.0685940498436402e-04 | 1
  5,  2 |  -4.4276310020302349e-04 |  -4.4276310020302349e-04 | 1
  5,  3 |  -2.7056817219400683e-04 |  -2.7056817219400683e-04 | 1
  5,  4 |   1.2125203025915698e-03 |   1.2125203025915698e-03 | 1
  5,  5 |   2.7192092082171018e-03 |   2.7192092082171018e-03 | 1
  5,  6 |  -2.4792394221202331e-03 |  -2.4792394221202331e-03 | 1
  5,  7 |   1.8233264402420053e-03 |   1.8233264402420053e-03 | 1
  5,  8 |   8.0293043108620871e-04 |   8.0293043108620871e-04 | 1
  5,  9 |  -1.3122213205572627e-03 |  -1.3122213205572627e-03 | 1
  5, 10 |  -3.1618273019847912e-03 |  -3.1618273019847912e-03 | 1
  5, 11 |  -1.4090539053311184e-03 |  -1.4090539053311184e-03 | 1
  5, 12 |   6.4238368645768448e-04 |   6.4238368645768448e-04 | 1
  6,  1 |  -4.9815661544937100e-05 |  -4.9815661544937100e-05 | 1
  6,  2 |   1.4822054671075574e-03 |   1.4822054671075574e-03 | 1
  6,  3 |   1.2536163528139908e-03 |   1.2536163528139908e-03 | 1
  6,  4 |  -5.5472359190170887e-04 |  -5.5472359190170887e-04 | 1
  6,  5 |  -2.4792394221202331e-03 |  -2.4792394221202331e-03 | 1
  6,  6 |   3.9203103392391053e-03 |   3.9203103392391053e-03 | 1
  6,  7 |  -1.3455134055399686e-03 |  -1.3455134055399686e-03 | 1
  6,  8 |  -6.1215098661560573e-05 |  -6.1215098661560573e-05 | 1
  6,  9 |   2.5153044921051738e-03 |   2.5153044921051738e-03 | 1
  6, 10 |   4.7758693964577281e-03 |   4.7758693964577281e-03 | 1
  6, 11 |   2.6678106442897483e-03 |   2.6678106442897483e-03 | 1
  6, 12 |   7.3311471229260382e-05 |   7.3311471229260382e-05 | 1
  7,  1 |   6.7200914810669780e-04 |   6.7200914810669780e-04 | 1
  7,  2 |  -9.0942676288030240e-05 |  -9.0942676288030240e-05 | 1
  7,  3 |   1.0853012503439215e-05 |   1.0853012503439215e-05 | 1
  7,  4 |   9.1823509746077794e-04 |   9.1823509746077794e-04 | 1
  7,  5 |   1.8233264402420053e-03 |   1.8233264402420053e-03 | 1
  7,  6 |  -1.3455134055399686e-03 |  -1.3455134055399686e-03 | 1
  7,  7 |   1.2992024505650334e-03 |   1.2992024505650334e-03 | 1
  7,  8 |   6.6652639892224265e-04 |   6.6652639892224265e-04 | 1
  7,  9 |  -6.2808015984893361e-04 |  -6.2808015984893361e-04 | 1
  7, 10 |  -1.7586755462794272e-03 |  -1.7586755462794272e-03 | 1
  7, 11 |  -6.8070159470417016e-04 |  -6.8070159470417016e-04 | 1
  7, 12 |   5.5664875596509410e-04 |   5.5664875596509410e-04 | 1
  8,  1 |   5.1549227938059363e-04 |   5.1549227938059363e-04 | 1
  8,  2 |   3.0519064449878084e-04 |   3.0519064449878084e-04 | 1
  8,  3 |   3.2712585821904688e-04 |   3.2712585821904688e-04 | 1
  8,  4 |   5.8066405641107421e-04 |   5.8066405641107421e-04 | 1
  8,  5 |   8.0293043108620871e-04 |   8.0293043108620871e-04 | 1
  8,  6 |  -6.1215098661560573e-05 |  -6.1215098661560573e-05 | 1
  8,  7 |   6.6652639892224265e-04 |   6.6652639892224265e-04 | 1
  8,  8 |   7.4579038684531064e-04 |   7.4579038684531064e-04 | 1
  8,  9 |   1.4561510765283975e-04 |   1.4561510765283975e-04 | 1
  8, 10 |  -1.6844449975247062e-04 |  -1.6844449975247062e-04 | 1
  8, 11 |   1.4296930772156460e-04 |   1.4296930772156460e-04 | 1
  8, 12 |   4.5610494054311663e-04 |   4.5610494054311663e-04 | 1
  9,  1 |   1.5561127887656219e-04 |   1.5561127887656219e-04 | 1
  9,  2 |   1.0706450873920518e-03 |   1.0706450873920518e-03 | 1
  9,  3 |   9.3068482241186537e-04 |   9.3068482241186537e-04 | 1
  9,  4 |  -1.4749589636974355e-04 |  -1.4749589636974355e-04 | 1
  9,  5 |  -1.3122213205572627e-03 |  -1.3122213205572627e-03 | 1
  9,  6 |   2.5153044921051738e-03 |   2.5153044921051738e-03 | 1
  9,  7 |  -6.2808015984893361e-04 |  -6.2808015984893361e-04 | 1
  9,  8 |   1.4561510765283975e-04 |   1.4561510765283975e-04 | 1
  9,  9 |   2.0807155244565723e-03 |   2.0807155244565723e-03 | 1
  9, 10 |   3.0300035248809086e-03 |   3.0300035248809086e-03 | 1
  9, 11 |   1.7789777496941420e-03 |   1.7789777496941420e-03 | 1
  9, 12 |   2.1364198939577436e-04 |   2.1364198939577436e-04 | 1
 10,  1 |  -1.5596943527036611e-04 |  -1.5596943527036611e-04 | 1
 10,  2 |   1.7448663451009731e-03 |   1.7448663451009731e-03 | 1
 10,  3 |   1.4630213269493596e-03 |   1.4630213269493596e-03 | 1
 10,  4 |  -7.8173394344380415e-04 |  -7.8173394344380415e-04 | 1
 10,  5 |  -3.1618273019847912e-03 |  -3.1618273019847912e-03 | 1
 10,  6 |   4.7758693964577281e-03 |   4.7758693964577281e-03 | 1
 10,  7 |  -1.7586755462794272e-03 |  -1.7586755462794272e-03 | 1
 10,  8 |  -1.6844449975247062e-04 |  -1.6844449975247062e-04 | 1
 10,  9 |   3.0300035248809086e-03 |   3.0300035248809086e-03 | 1
 10, 10 |   6.7272094205651830e-03 |   6.7272094205651830e-03 | 1
 10, 11 |   3.2160498886111897e-03 |   3.2160498886111897e-03 | 1
 10, 12 |   4.7110569100985983e-06 |   4.7110569100985983e-06 | 1
 11,  1 |   1.5341503398527166e-04 |   1.5341503398527166e-04 | 1
 11,  2 |   1.1281641546723323e-03 |   1.1281641546723323e-03 | 1
 11,  3 |   9.7927985120461591e-04 |   9.7927985120461591e-04 | 1
 11,  4 |  -1.6931386137881865e-04 |  -1.6931386137881865e-04 | 1
 11,  5 |  -1.4090539053311184e-03 |  -1.4090539053311184e-03 | 1
 11,  6 |   2.6678106442897483e-03 |   2.6678106442897483e-03 | 1
 11,  7 |  -6.8070159470417016e-04 |  -6.8070159470417016e-04 | 1
 11,  8 |   1.4296930772156460e-04 |   1.4296930772156460e-04 | 1
 11,  9 |   1.7789777496941420e-03 |   1.7789777496941420e-03 | 1
 11, 10 |   3.2160498886111897e-03 |   3.2160498886111897e-03 | 1
 11, 11 |   1.9835155028368216e-03 |   1.9835155028368216e-03 | 1
 11, 12 |   2.1630731611703121e-04 |   2.1630731611703121e-04 | 1
 12,  1 |   4.6296045963972385e-04 |   4.6296045963972385e-04 | 1
 12,  2 |   3.2364530884792186e-04 |   3.2364530884792186e-04 | 1
 12,  3 |   3.3589789470451153e-04 |   3.3589789470451153e-04 | 1
 12,  4 |   5.0517312439139934e-04 |   5.0517312439139934e-04 | 1
 12,  5 |   6.4238368645768448e-04 |   6.4238368645768448e-04 | 1
 12,  6 |   7.3311471229260382e-05 |   7.3311471229260382e-05 | 1
 12,  7 |   5.5664875596509410e-04 |   5.5664875596509410e-04 | 1
 12,  8 |   4.5610494054311663e-04 |   4.5610494054311663e-04 | 1
 12,  9 |   2.1364198939577436e-04 |   2.1364198939577436e-04 | 1
 12, 10 |   4.7110569100985983e-06 |   4.7110569100985983e-06 | 1
 12, 11 |   2.1630731611703121e-04 |   2.1630731611703121e-04 | 1
 12, 12 |   5.1246565067348626e-04 |   5.1246565067348626e-04 | 1
