row,col | V_base                   | V_new                    | equal
  1,  1 |   4.3600858502586753e-04 |   4.3600858502586753e-04 | 1
  1,  2 |   9.6208184280001277e-05 |   9.6208184280001277e-05 | 1
  1,  3 |   3.3463211042098737e-04 |   3.3463211042098737e-04 | 1
  1,  4 |   1.2231816595403971e-04 |   1.2231816595403971e-04 | 1
  1,  5 |   3.3240175583549930e-04 |   3.3240175583549930e-04 | 1
  1,  6 |   2.4541420819357447e-04 |   2.4541420819357447e-04 | 1
  1,  7 |   2.3781826585635805e-04 |   2.3781826585635805e-04 | 1
  1,  8 |   3.4378913491469438e-04 |   3.4378913491469438e-04 | 1
  1,  9 |   3.1860425807960218e-04 |   3.1860425807960218e-04 | 1
  1, 10 |  -2.7627068969568707e-04 |  -2.7627068969568707e-04 | 1
  1, 11 |   9.5917329564588019e-05 |   9.5917329564588019e-05 | 1
  1, 12 |   6.9395469952171474e-04 |   6.9395469952171474e-04 | 1
  1, 13 |   5.6486308781955141e-04 |   5.6486308781955141e-04 | 1
  1, 14 |   4.7984061210378138e-04 |   4.7984061210378138e-04 | 1
  1, 15 |   2.0684334577927653e-04 |   2.0684334577927653e-04 | 1
  1, 16 |   2.8341520007856621e-04 |   2.8341520007856621e-04 | 1
  1, 17 |   1.4336022829960135e-04 |   1.4336022829960135e-04 | 1
  1, 18 |   4.3157605863218914e-04 |   4.3157605863218914e-04 | 1
  1, 19 |   1.8564448515266991e-04 |   1.8564448515266991e-04 | 1
  1, 20 |   3.2510914512436562e-04 |   3.2510914512436562e-04 | 1
  1, 21 |  -1.6732276010648949e-04 |  -1.6732276010648949e-04 | 1
  1, 22 |   2.4499269926223734e-04 |   2.4499269926223734e-04 | 1
  1, 23 |   8.1245473570157670e-05 |   8.1245473570157670e-05 | 1
  1, 24 |   1.5267649164274683e-04 |   1.5267649164274683e-04 | 1
  1, 25 |   1.9984247363053067e-04 |   1.9984247363053067e-04 | 1
  1, 26 |  -7.1818361152208412e-04 |  -7.1818361152208412e-04 | 1
  1, 27 |  -7.1179714048519928e-05 |  -7.1179714048519928e-05 | 1
  1, 28 |   2.7821244529713631e-04 |   2.7821244529713631e-04 | 1
  1, 29 |  -1.3516522306946437e-04 |  -1.3516522306946437e-04 | 1
  1, 30 |  -1.8330821980461361e-04 |  -1.8330821980461361e-04 | 1
  2,  1 |   9.6208184280001277e-05 |   9.6208184280001277e-05 | 1
  2,  2 |   1.4585654137056767e-03 |   1.4585654137056767e-03 | 1
  2,  3 |   9.6063797076109941e-05 |   9.6063797076109941e-05 | 1
  2,  4 |   1.5128969286106527e-04 |   1.5128969286106527e-04 | 1
  2,  5 |   5.6354762885012536e-05 |   5.6354762885012536e-05 | 1
  2,  6 |   1.6913832408828330e-04 |   1.6913832408828330e-04 | 1
  2,  7 |   1.7052909879475541e-04 |   1.7052909879475541e-04 | 1
  2,  8 |   6.6628405454209920e-05 |   6.6628405454209920e-05 | 1
  2,  9 |   2.0569358911536647e-04 |   2.0569358911536647e-04 | 1
  2, 10 |   6.6975386773304192e-04 |   6.6975386773304192e-04 | 1
  2, 11 |   2.8621096330764964e-04 |   2.8621096330764964e-04 | 1
  2, 12 |  -1.5277492833131102e-04 |  -1.5277492833131102e-04 | 1
  2, 13 |  -5.5259239426506867e-05 |  -5.5259239426506867e-05 | 1
  2, 14 |   6.1174314355873075e-04 |   6.1174314355873075e-04 | 1
  2, 15 |   2.2026035351154370e-04 |   2.2026035351154370e-04 | 1
  2, 16 |   1.1719233502882598e-04 |   1.1719233502882598e-04 | 1
  2, 17 |   1.9339158964471967e-04 |   1.9339158964471967e-04 | 1
  2, 18 |   7.0157989530499125e-05 |   7.0157989530499125e-05 | 1
  2, 19 |   2.0023241002274208e-04 |   2.0023241002274208e-04 | 1
  2, 20 |   3.5238947322506630e-05 |   3.5238947322506630e-05 | 1
  2, 21 |   4.7889696281139580e-04 |   4.7889696281139580e-04 | 1
  2, 22 |   1.1693362542906475e-04 |   1.1693362542906475e-04 | 1
  2, 23 |   3.1017821916254340e-04 |   3.1017821916254340e-04 | 1
  2, 24 |   2.3705009266281247e-04 |   2.3705009266281247e-04 | 1
  2, 25 |   1.5608379078421226e-04 |   1.5608379078421226e-04 | 1
  2, 26 |   9.9746505670680625e-04 |   9.9746505670680625e-04 | 1
  2, 27 |   4.2020239491786311e-04 |   4.2020239491786311e-04 | 1
  2, 28 |   1.5420520503547406e-04 |   1.5420520503547406e-04 | 1
  2, 29 |   4.5331745950527694e-04 |   4.5331745950527694e-04 | 1
  2, 30 |   5.0647454190355201e-04 |   5.0647454190355201e-04 | 1
  3,  1 |   3.3463211042098737e-04 |   3.3463211042098737e-04 | 1
  3,  2 |   9.6063797076109941e-05 |   9.6063797076109941e-05 | 1
  3,  3 |   5.3880615308684622e-04 |   5.3880615308684622e-04 | 1
  3,  4 |   1.2713799633603580e-04 |   1.2713799633603580e-04 | 1
  3,  5 |   3.5515468942698175e-04 |   3.5515468942698175e-04 | 1
  3,  6 |   2.5880723738311848e-04 |   2.5880723738311848e-04 | 1
  3,  7 |   2.5050059920600205e-04 |   2.5050059920600205e-04 | 1
  3,  8 |   3.6706384507302170e-04 |   3.6706384507302170e-04 | 1
  3,  9 |   3.3634806656886466e-04 |   3.3634806656886466e-04 | 1
  3, 10 |  -3.1564297018110243e-04 |  -3.1564297018110243e-04 | 1
  3, 11 |   9.4608562704896472e-05 |   9.4608562704896472e-05 | 1
  3, 12 |   7.4918811423642915e-04 |   7.4918811423642915e-04 | 1
  3, 13 |   6.0792068199089504e-04 |   6.0792068199089504e-04 | 1
  3, 14 |   4.9622103143147833e-04 |   4.9622103143147833e-04 | 1
  3, 15 |   2.1586374448281183e-04 |   2.1586374448281183e-04 | 1
  3, 16 |   3.0082521564517496e-04 |   3.0082521564517496e-04 | 1
  3, 17 |   1.4800100735023005e-04 |   1.4800100735023005e-04 | 1
  3, 18 |   4.6109160152371805e-04 |   4.6109160152371805e-04 | 1
  3, 19 |   1.9359962619759847e-04 |   1.9359962619759847e-04 | 1
  3, 20 |   3.4781398539475851e-04 |   3.4781398539475851e-04 | 1
  3, 21 |  -1.9326596609462956e-04 |  -1.9326596609462956e-04 | 1
  3, 22 |   2.5980916759846761e-04 |   2.5980916759846761e-04 | 1
  3, 23 |   7.8389662896917288e-05 |   7.8389662896917288e-05 | 1
  3, 24 |   1.5698201175936384e-04 |   1.5698201175936384e-04 | 1
  3, 25 |   2.0957862294743537e-04 |   2.0957862294743537e-04 | 1
  3, 26 |  -7.9975334750907040e-04 |  -7.9975334750907040e-04 | 1
  3, 27 |  -8.8508102939281611e-05 |  -8.8508102939281611e-05 | 1
  3, 28 |   2.9405873136738498e-04 |   2.9405873136738498e-04 | 1
  3, 29 |  -1.5832519705230496e-04 |  -1.5832519705230496e-04 | 1
  3, 30 |  -2.1123033883385569e-04 |  -2.1123033883385569e-04 | 1
  4,  1 |   1.2231816595403971e-04 |   1.2231816595403971e-04 | 1
  4,  2 |   1.5128969286106527e-04 |   1.5128969286106527e-04 | 1
  4,  3 |   1.2713799633603580e-04 |   1.2713799633603580e-04 | 1
  4,  4 |   2.4861811308741796e-03 |   2.4861811308741796e-03 | 1
  4,  5 |   1.0593999571025098e-04 |   1.0593999571025098e-04 | 1
  4,  6 |   1.4433104625800609e-04 |   1.4433104625800609e-04 | 1
  4,  7 |   1.4342800514001761e-04 |   1.4342800514001761e-04 | 1
  4,  8 |   1.1441576811476081e-04 |   1.1441576811476081e-04 | 1
  4,  9 |   1.8208717610322569e-04 |   1.8208717610322569e-04 | 1
  4, 10 |   2.8365968509106994e-04 |   2.8365968509106994e-04 | 1
  4, 11 |   1.6906611442410739e-04 |   1.6906611442410739e-04 | 1
  4, 12 |   8.2831726177127172e-05 |   8.2831726177127172e-05 | 1
  4, 13 |   1.0242471862318041e-04 |   1.0242471862318041e-04 | 1
  4, 14 |   4.2985567556976033e-04 |   4.2985567556976033e-04 | 1
  4, 15 |   1.6132213169380426e-04 |   1.6132213169380426e-04 | 1
  4, 16 |   1.2679447997795246e-04 |   1.2679447997795246e-04 | 1
  4, 17 |   1.3287573546891186e-04 |   1.3287573546891186e-04 | 1
  4, 18 |   1.3667751551837422e-04 |   1.3667751551837422e-04 | 1
  4, 19 |   1.4587080075724329e-04 |   1.4587080075724329e-04 | 1
  4, 20 |   9.5664925199133571e-05 |   9.5664925199133571e-05 | 1
  4, 21 |   2.0981199519274574e-04 |   2.0981199519274574e-04 | 1
  4, 22 |   1.1958125966951764e-04 |   1.1958125966951764e-04 | 1
  4, 23 |   1.7999292998095744e-04 |   1.7999292998095744e-04 | 1
  4, 24 |   1.5786755206441725e-04 |   1.5786755206441725e-04 | 1
  4, 25 |   1.2682921905006326e-04 |   1.2682921905006326e-04 | 1
  4, 26 |   3.4702955590563235e-04 |   3.4702955590563235e-04 | 1
  4, 27 |   1.9961440535728835e-04 |   1.9961440535728835e-04 | 1
  4, 28 |   1.4464933615939037e-04 |   1.4464933615939037e-04 | 1
  4, 29 |   2.0398152801783282e-04 |   2.0398152801783282e-04 | 1
  4, 30 |   2.1948899680119844e-04 |   2.1948899680119844e-04 | 1
  5,  1 |   3.3240175583549930e-04 |   3.3240175583549930e-04 | 1
  5,  2 |   5.6354762885012536e-05 |   5.6354762885012536e-05 | 1
  5,  3 |   3.5515468942698175e-04 |   3.5515468942698175e-04 | 1
  5,  4 |   1.0593999571025098e-04 |   1.0593999571025098e-04 | 1
  5,  5 |   2.4049158426822943e-03 |   2.4049158426822943e-03 | 1
  5,  6 |   2.4000750690125825e-04 |   2.4000750690125825e-04 | 1
  5,  7 |   2.3164527442907877e-04 |   2.3164527442907877e-04 | 1
  5,  8 |   3.7170085510002999e-04 |   3.7170085510002999e-04 | 1
  5,  9 |   3.1485077352571818e-04 |   3.1485077352571818e-04 | 1
  5, 10 |  -4.4913446588174433e-04 |  -4.4913446588174433e-04 | 1
  5, 11 |   4.8243391898792151e-05 |   4.8243391898792151e-05 | 1
  5, 12 |   8.0988164295744004e-04 |   8.0988164295744004e-04 | 1
  5, 13 |   6.4445253153437132e-04 |   6.4445253153437132e-04 | 1
  5, 14 |   4.0656060816811004e-04 |   4.0656060816811004e-04 | 1
  5, 15 |   1.8638654961161851e-04 |   1.8638654961161851e-04 | 1
  5, 16 |   2.9292328304193923e-04 |   2.9292328304193923e-04 | 1
  5, 17 |   1.1998487112389810e-04 |   1.1998487112389810e-04 | 1
  5, 18 |   4.6953270991502655e-04 |   4.6953270991502655e-04 | 1
  5, 19 |   1.6602508550540759e-04 |   1.6602508550540759e-04 | 1
  5, 20 |   3.5670971304670412e-04 |   3.5670971304670412e-04 | 1
  5, 21 |  -2.8678800527931893e-04 |  -2.8678800527931893e-04 | 1
  5, 22 |   2.5070441822998301e-04 |   2.5070441822998301e-04 | 1
  5, 23 |   2.6605227572848150e-05 |   2.6605227572848150e-05 | 1
  5, 24 |   1.2173162378456150e-04 |   1.2173162378456150e-04 | 1
  5, 25 |   1.9102505353700179e-04 |   1.9102505353700179e-04 | 1
  5, 26 |  -1.0127178486449792e-03 |  -1.0127178486449792e-03 | 1
  5, 27 |  -1.6801453696369282e-04 |  -1.6801453696369282e-04 | 1
  5, 28 |   2.7974978237090350e-04 |   2.7974978237090350e-04 | 1
  5, 29 |  -2.4606724561977537e-04 |  -2.4606724561977537e-04 | 1
  5, 30 |  -3.1114976564077532e-04 |  -3.1114976564077532e-04 | 1
  6,  1 |   2.4541420819357447e-04 |   2.4541420819357447e-04 | 1
  6,  2 |   1.6913832408828330e-04 |   1.6913832408828330e-04 | 1
  6,  3 |   2.5880723738311848e-04 |   2.5880723738311848e-04 | 1
  6,  4 |   1.4433104625800609e-04 |   1.4433104625800609e-04 | 1
  6,  5 |   2.4000750690125825e-04 |   2.4000750690125825e-04 | 1
  6,  6 |   2.6114300786523681e-03 |   2.6114300786523681e-03 | 1
  6,  7 |   2.2768746605605271e-04 |   2.2768746605605271e-04 | 1
  6,  8 |   2.5214821986660078e-04 |   2.5214821986660078e-04 | 1
  6,  9 |   2.9492550327066117e-04 |   2.9492550327066117e-04 | 1
  6, 10 |   1.0670808276963329e-04 |   1.0670808276963329e-04 | 1
  6, 11 |   1.8469936549857834e-04 |   1.8469936549857834e-04 | 1
  6, 12 |   3.8651369730185840e-04 |   3.8651369730185840e-04 | 1
  6, 13 |   3.4427349325647449e-04 |   3.4427349325647449e-04 | 1
  6, 14 |   5.6859362272491248e-04 |   5.6859362272491248e-04 | 1
  6, 15 |   2.2911787109209202e-04 |   2.2911787109209202e-04 | 1
  6, 16 |   2.3437603174971430e-04 |   2.3437603174971430e-04 | 1
  6, 17 |   1.7520825746560558e-04 |   1.7520825746560558e-04 | 1
  6, 18 |   3.1071714245348381e-04 |   3.1071714245348381e-04 | 1
  6, 19 |   2.0557222626888856e-04 |   2.0557222626888856e-04 | 1
  6, 20 |   2.2574255162017111e-04 |   2.2574255162017111e-04 | 1
  6, 21 |   9.5583073340951974e-05 |   9.5583073340951974e-05 | 1
  6, 22 |   2.0901887926769397e-04 |   2.0901887926769397e-04 | 1
  6, 23 |   1.8506010168937103e-04 |   1.8506010168937103e-04 | 1
  6, 24 |   2.0035458720382091e-04 |   2.0035458720382091e-04 | 1
  6, 25 |   1.9654611188841734e-04 |   1.9654611188841734e-04 | 1
  6, 26 |  -4.2342020590213381e-05 |  -4.2342020590213381e-05 | 1
  6, 27 |   1.3321671723789166e-04 |   1.3321671723789166e-04 | 1
  6, 28 |   2.4684281741070156e-04 |   2.4684281741070156e-04 | 1
  6, 29 |   1.0515629735568133e-04 |   1.0515629735568133e-04 | 1
  6, 30 |   9.6863574244238543e-05 |   9.6863574244238543e-05 | 1
  7,  1 |   2.3781826585635805e-04 |   2.3781826585635805e-04 | 1
  7,  2 |   1.7052909879475541e-04 |   1.7052909879475541e-04 | 1
  7,  3 |   2.5050059920600205e-04 |   2.5050059920600205e-04 | 1
  7,  4 |   1.4342800514001761e-04 |   1.4342800514001761e-04 | 1
  7,  5 |   2.3164527442907877e-04 |   2.3164527442907877e-04 | 1
  7,  6 |   2.2768746605605271e-04 |   2.2768746605605271e-04 | 1
  7,  7 |   4.5877258947608787e-04 |   4.5877258947608787e-04 | 1
  7,  8 |   2.4319241127259924e-04 |   2.4319241127259924e-04 | 1
  7,  9 |   2.8947575607758517e-04 |   2.8947575607758517e-04 | 1
  7, 10 |   1.2528289410881969e-04 |   1.2528289410881969e-04 | 1
  7, 11 |   1.8629383709001737e-04 |   1.8629383709001737e-04 | 1
  7, 12 |   3.6327426001583755e-04 |   3.6327426001583755e-04 | 1
  7, 13 |   3.2631063699397310e-04 |   3.2631063699397310e-04 | 1
  7, 14 |   5.6562252023873490e-04 |   5.6562252023873490e-04 | 1
  7, 15 |   2.2659586738450120e-04 |   2.2659586738450120e-04 | 1
  7, 16 |   2.2766665431788569e-04 |   2.2766665431788569e-04 | 1
  7, 17 |   1.7407706017518118e-04 |   1.7407706017518118e-04 | 1
  7, 18 |   2.9907274678341326e-04 |   2.9907274678341326e-04 | 1
  7, 19 |   2.0371658556971620e-04 |   2.0371658556971620e-04 | 1
  7, 20 |   2.1739703690429693e-04 |   2.1739703690429693e-04 | 1
  7, 21 |   1.0871593496871034e-04 |   1.0871593496871034e-04 | 1
  7, 22 |   2.0460049729712629e-04 |   2.0460049729712629e-04 | 1
  7, 23 |   1.8795108350524591e-04 |   1.8795108350524591e-04 | 1
  7, 24 |   1.9963101372902212e-04 |   1.9963101372902212e-04 | 1
  7, 25 |   1.9253796581108384e-04 |   1.9253796581108384e-04 | 1
  7, 26 |  -4.1577962390239141e-06 |  -4.1577962390239141e-06 | 1
  7, 27 |   1.4147636356489713e-04 |   1.4147636356489713e-04 | 1
  7, 28 |   2.4091617900020426e-04 |   2.4091617900020426e-04 | 1
  7, 29 |   1.1688071977988280e-04 |   1.1688071977988280e-04 | 1
  7, 30 |   1.1049658500141799e-04 |   1.1049658500141799e-04 | 1
  8,  1 |   3.4378913491469438e-04 |   3.4378913491469438e-04 | 1
  8,  2 |   6.6628405454209920e-05 |   6.6628405454209920e-05 | 1
  8,  3 |   3.6706384507302170e-04 |   3.6706384507302170e-04 | 1
  8,  4 |   1.1441576811476081e-04 |   1.1441576811476081e-04 | 1
  8,  5 |   3.7170085510002999e-04 |   3.7170085510002999e-04 | 1
  8,  6 |   2.5214821986660078e-04 |   2.5214821986660078e-04 | 1
  8,  7 |   2.4319241127259924e-04 |   2.4319241127259924e-04 | 1
  8,  8 |   1.3419402474164777e-03 |   1.3419402474164777e-03 | 1
  8,  9 |   3.2963425635980197e-04 |   3.2963425635980197e-04 | 1
  8, 10 |  -4.3323421743334445e-04 |  -4.3323421743334445e-04 | 1
  8, 11 |   6.0258079237840279e-05 |   6.0258079237840279e-05 | 1
  8, 12 |   8.2283553043777731e-04 |   8.2283553043777731e-04 | 1
  8, 13 |   6.5805689691063860e-04 |   6.5805689691063860e-04 | 1
  8, 14 |   4.4044925502688263e-04 |   4.4044925502688263e-04 | 1
  8, 15 |   1.9928675525235042e-04 |   1.9928675525235042e-04 | 1
  8, 16 |   3.0483008637922497e-04 |   3.0483008637922497e-04 | 1
  8, 17 |   1.3033536871014746e-04 |   1.3033536871014746e-04 | 1
  8, 18 |   4.8272946910082036e-04 |   4.8272946910082036e-04 | 1
  8, 19 |   1.7762311500868998e-04 |   1.7762311500868998e-04 | 1
  8, 20 |   3.6663824819413069e-04 |   3.6663824819413069e-04 | 1
  8, 21 |  -2.7564797809845614e-04 |  -2.7564797809845614e-04 | 1
  8, 22 |   2.5998634584241734e-04 |   2.5998634584241734e-04 | 1
  8, 23 |   3.8931641790842812e-05 |   3.8931641790842812e-05 | 1
  8, 24 |   1.3398121904426578e-04 |   1.3398121904426578e-04 | 1
  8, 25 |   2.0175167350090247e-04 |   2.0175167350090247e-04 | 1
  8, 26 |  -9.9792900660440826e-04 |  -9.9792900660440826e-04 | 1
  8, 27 |  -1.5477645930396042e-04 |  -1.5477645930396042e-04 | 1
  8, 28 |   2.9246154116004765e-04 |   2.9246154116004765e-04 | 1
  8, 29 |  -2.3414721908861146e-04 |  -2.3414721908861146e-04 | 1
  8, 30 |  -2.9822501306827563e-04 |  -2.9822501306827563e-04 | 1
  9,  1 |   3.1860425807960218e-04 |   3.1860425807960218e-04 | 1
  9,  2 |   2.0569358911536647e-04 |   2.0569358911536647e-04 | 1
  9,  3 |   3.3634806656886466e-04 |   3.3634806656886466e-04 | 1
  9,  4 |   1.8208717610322569e-04 |   1.8208717610322569e-04 | 1
  9,  5 |   3.1485077352571818e-04 |   3.1485077352571818e-04 | 1
  9,  6 |   2.9492550327066117e-04 |   2.9492550327066117e-04 | 1
  9,  7 |   2.8947575607758517e-04 |   2.8947575607758517e-04 | 1
  9,  8 |   3.2963425635980197e-04 |   3.2963425635980197e-04 | 1
  9,  9 |   2.9338343750630611e-03 |   2.9338343750630611e-03 | 1
  9, 10 |   9.0966150281968506e-05 |   9.0966150281968506e-05 | 1
  9, 11 |   2.2307139749967131e-04 |   2.2307139749967131e-04 | 1
  9, 12 |   5.2533562695632153e-04 |   5.2533562695632153e-04 | 1
  9, 13 |   4.6139941417828881e-04 |   4.6139941417828881e-04 | 1
  9, 14 |   7.1097273309013280e-04 |   7.1097273309013280e-04 | 1
  9, 15 |   2.8722074617569478e-04 |   2.8722074617569478e-04 | 1
  9, 16 |   3.0263410170249070e-04 |   3.0263410170249070e-04 | 1
  9, 17 |   2.1805606017914853e-04 |   2.1805606017914853e-04 | 1
  9, 18 |   4.0769343335620789e-04 |   4.0769343335620789e-04 | 1
  9, 19 |   2.5862126066237938e-04 |   2.5862126066237938e-04 | 1
  9, 20 |   2.9847234606291220e-04 |   2.9847234606291220e-04 | 1
  9, 21 |   9.0674285803416028e-05 |   9.0674285803416028e-05 | 1
  9, 22 |   2.6969807134934415e-04 |   2.6969807134934415e-04 | 1
  9, 23 |   2.2306170357414739e-04 |   2.2306170357414739e-04 | 1
  9, 24 |   2.4809003650160845e-04 |   2.4809003650160845e-04 | 1
  9, 25 |   2.4909482021462283e-04 |   2.4909482021462283e-04 | 1
  9, 26 |  -1.3119301703933586e-04 |  -1.3119301703933586e-04 | 1
  9, 27 |   1.4454172402259029e-04 |   1.4454172402259029e-04 | 1
  9, 28 |   3.1641323939976003e-04 |   3.1641323939976003e-04 | 1
  9, 29 |   1.0559251186662786e-04 |   1.0559251186662786e-04 | 1
  9, 30 |   9.0554936976992549e-05 |   9.0554936976992549e-05 | 1
 10,  1 |  -2.7627068969568707e-04 |  -2.7627068969568707e-04 | 1
 10,  2 |   6.6975386773304192e-04 |   6.6975386773304192e-04 | 1
 10,  3 |  -3.1564297018110243e-04 |  -3.1564297018110243e-04 | 1
 10,  4 |   2.8365968509106994e-04 |   2.8365968509106994e-04 | 1
 10,  5 |  -4.4913446588174433e-04 |  -4.4913446588174433e-04 | 1
 10,  6 |   1.0670808276963329e-04 |   1.0670808276963329e-04 | 1
 10,  7 |   1.2528289410881969e-04 |   1.2528289410881969e-04 | 1
 10,  8 |  -4.3323421743334445e-04 |  -4.3323421743334445e-04 | 1
 10,  9 |   9.0966150281968506e-05 |   9.0966150281968506e-05 | 1
 10, 10 |   2.8358324127525226e-03 |   2.8358324127525226e-03 | 1
 10, 11 |   7.9340621898054482e-04 |   7.9340621898054482e-04 | 1
 10, 12 |  -1.8609108500399255e-03 |  -1.8609108500399255e-03 | 1
 10, 13 |  -1.2763210852737177e-03 |  -1.2763210852737177e-03 | 1
 10, 14 |   1.1904570142685180e-03 |   1.1904570142685180e-03 | 1
 10, 15 |   3.5575894123391044e-04 |   3.5575894123391044e-04 | 1
 10, 16 |  -1.4318572381282271e-04 |  -1.4318572381282271e-04 | 1
 10, 17 |   3.8795117214803079e-04 |   3.8795117214803079e-04 | 1
 10, 18 |  -5.8995631171805110e-04 |  -5.8995631171805110e-04 | 1
 10, 19 |   3.2998511615071581e-04 |   3.2998511615071581e-04 | 1
 10, 20 |  -5.0383409652255459e-04 |  -5.0383409652255459e-04 | 1
 10, 21 |   1.9663610117610147e-03 |   1.9663610117610147e-03 | 1
 10, 22 |  -7.0135137314112560e-05 |  -7.0135137314112560e-05 | 1
 10, 23 |   9.0825054130500092e-04 |   9.0825054130500092e-04 | 1
 10, 24 |   5.1798849514111457e-04 |   5.1798849514111457e-04 | 1
 10, 25 |   1.5277342236945417e-04 |   1.5277342236945417e-04 | 1
 10, 26 |   4.8022723841445007e-03 |   4.8022723841445007e-03 | 1
 10, 27 |   1.5789060633226355e-03 |   1.5789060633226355e-03 | 1
 10, 28 |  -6.0610239085991894e-06 |  -6.0610239085991894e-06 | 1
 10, 29 |   1.8177377704843250e-03 |   1.8177377704843250e-03 | 1
 10, 30 |   2.0893932202480994e-03 |   2.0893932202480994e-03 | 1
 11,  1 |   9.5917329564588019e-05 |   9.5917329564588019e-05 | 1
 11,  2 |   2.8621096330764964e-04 |   2.8621096330764964e-04 | 1
 11,  3 |   9.4608562704896472e-05 |   9.4608562704896472e-05 | 1
 11,  4 |   1.6906611442410739e-04 |   1.6906611442410739e-04 | 1
 11,  5 |   4.8243391898792151e-05 |   4.8243391898792151e-05 | 1
 11,  6 |   1.8469936549857834e-04 |   1.8469936549857834e-04 | 1
 11,  7 |   1.8629383709001737e-04 |   1.8629383709001737e-04 | 1
 11,  8 |   6.0258079237840279e-05 |   6.0258079237840279e-05 | 1
 11,  9 |   2.2307139749967131e-04 |   2.2307139749967131e-04 | 1
 11, 10 |   7.9340621898054482e-04 |   7.9340621898054482e-04 | 1
 11, 11 |   1.9513354026648745e-03 |   1.9513354026648745e-03 | 1
 11, 12 |  -2.1380553610049111e-04 |  -2.1380553610049111e-04 | 1
 11, 13 |  -9.3811514380468300e-05 |  -9.3811514380468300e-05 | 1
 11, 14 |   6.8686282586214191e-04 |   6.8686282586214191e-04 | 1
 11, 15 |   2.4608852491123903e-04 |   2.4608852491123903e-04 | 1
 11, 16 |   1.2178044728156675e-04 |   1.2178044728156675e-04 | 1
 11, 17 |   2.1804562809431136e-04 |   2.1804562809431136e-04 | 1
 11, 18 |   5.9600556603320128e-05 |   5.9600556603320128e-05 | 1
 11, 19 |   2.2342982421993002e-04 |   2.2342982421993002e-04 | 1
 11, 20 |   2.4152315021513936e-05 |   2.4152315021513936e-05 | 1
 11, 21 |   5.6641903117159728e-04 |   5.6641903117159728e-04 | 1
 11, 22 |   1.2351399194050181e-04 |   1.2351399194050181e-04 | 1
 11, 23 |   3.5666514371944275e-04 |   3.5666514371944275e-04 | 1
 11, 24 |   2.6854141565360709e-04 |   2.6854141565360709e-04 | 1
 11, 25 |   1.7164730508785893e-04 |   1.7164730508785893e-04 | 1
 11, 26 |   1.1995607808449348e-03 |   1.1995607808449348e-03 | 1
 11, 27 |   4.9333162371189307e-04 |   4.9333162371189307e-04 | 1
 11, 28 |   1.6552548294193262e-04 |   1.6552548294193262e-04 | 1
 11, 29 |   5.3543264940019829e-04 |   5.3543264940019829e-04 | 1
 11, 30 |   5.9995091727805270e-04 |   5.9995091727805270e-04 | 1
 12,  1 |   6.9395469952171474e-04 |   6.9395469952171474e-04 | 1
 12,  2 |  -1.5277492833131102e-04 |  -1.5277492833131102e-04 | 1
 12,  3 |   7.4918811423642915e-04 |   7.4918811423642915e-04 | 1
 12,  4 |   8.2831726177127172e-05 |   8.2831726177127172e-05 | 1
 12,  5 |   8.0988164295744004e-04 |   8.0988164295744004e-04 | 1
 12,  6 |   3.8651369730185840e-04 |   3.8651369730185840e-04 | 1
 12,  7 |   3.6327426001583755e-04 |   3.6327426001583755e-04 | 1
 12,  8 |   8.2283553043777731e-04 |   8.2283553043777731e-04 | 1
 12,  9 |   5.2533562695632153e-04 |   5.2533562695632153e-04 | 1
 12, 10 |  -1.8609108500399255e-03 |  -1.8609108500399255e-03 | 1
 12, 11 |  -2.1380553610049111e-04 |  -2.1380553610049111e-04 | 1
 12, 12 |   4.0048954041572082e-03 |   4.0048954041572082e-03 | 1
 12, 13 |   1.6251286282165196e-03 |   1.6251286282165196e-03 | 1
 12, 14 |   2.8251548377922783e-04 |   2.8251548377922783e-04 | 1
 12, 15 |   1.9654669408391970e-04 |   1.9654669408391970e-04 | 1
 12, 16 |   5.7550291690934932e-04 |   5.7550291690934932e-04 | 1
 12, 17 |   6.7802410751134168e-05 |   6.7802410751134168e-05 | 1
 12, 18 |   1.0548516261763502e-03 |   1.0548516261763502e-03 | 1
 12, 19 |   1.7240978973052788e-04 |   1.7240978973052788e-04 | 1
 12, 20 |   8.2500978893954827e-04 |   8.2500978893954827e-04 | 1
 12, 21 |  -1.2484442955607473e-03 |  -1.2484442955607473e-03 | 1
 12, 22 |   4.7158254962799862e-04 |   4.7158254962799862e-04 | 1
 12, 23 |  -2.9324964430901520e-04 |  -2.9324964430901520e-04 | 1
 12, 24 |   2.2166919394520155e-05 |   2.2166919394520155e-05 | 1
 12, 25 |   2.8263694662203766e-04 |   2.8263694662203766e-04 | 1
 12, 26 |  -3.6027178018247217e-03 |  -3.6027178018247217e-03 | 1
 12, 27 |  -8.8983625795495901e-04 |  -8.8983625795495901e-04 | 1
 12, 28 |   4.9966301435692495e-04 |   4.9966301435692495e-04 | 1
 12, 29 |  -1.1192002526842226e-03 |  -1.1192002526842226e-03 | 1
 12, 30 |  -1.3360776048340480e-03 |  -1.3360776048340480e-03 | 1
 13,  1 |   5.6486308781955141e-04 |   5.6486308781955141e-04 | 1
 13,  2 |  -5.5259239426506867e-05 |  -5.5259239426506867e-05 | 1
 13,  3 |   6.0792068199089504e-04 |   6.0792068199089504e-04 | 1
 13,  4 |   1.0242471862318041e-04 |   1.0242471862318041e-04 | 1
 13,  5 |   6.4445253153437132e-04 |   6.4445253153437132e-04 | 1
 13,  6 |   3.4427349325647449e-04 |   3.4427349325647449e-04 | 1
 13,  7 |   3.2631063699397310e-04 |   3.2631063699397310e-04 | 1
 13,  8 |   6.5805689691063860e-04 |   6.5805689691063860e-04 | 1
 13,  9 |   4.6139941417828881e-04 |   4.6139941417828881e-04 | 1
 13, 10 |  -1.2763210852737177e-03 |  -1.2763210852737177e-03 | 1
 13, 11 |  -9.3811514380468300e-05 |  -9.3811514380468300e-05 | 1
 13, 12 |   1.6251286282165196e-03 |   1.6251286282165196e-03 | 1
 13, 13 |   2.9148915282119050e-03 |   2.9148915282119050e-03 | 1
 13, 14 |   3.7876225283147141e-04 |   3.7876225283147141e-04 | 1
 13, 15 |   2.0947013106617835e-04 |   2.0947013106617835e-04 | 1
 13, 16 |   4.7807595470554108e-04 |   4.7807595470554108e-04 | 1
 13, 17 |   1.0222096338683481e-04 |   1.0222096338683481e-04 | 1
 13, 18 |   8.3948813612469094e-04 |   8.3948813612469094e-04 | 1
 13, 19 |   1.8517225107594828e-04 |   1.8517225107594828e-04 | 1
 13, 20 |   6.5082266284965484e-04 |   6.5082266284965484e-04 | 1
 13, 21 |  -8.4916838072531941e-04 |  -8.4916838072531941e-04 | 1
 13, 22 |   3.9677836589777543e-04 |   3.9677836589777543e-04 | 1
 13, 23 |  -1.4923294212364395e-04 |  -1.4923294212364395e-04 | 1
 13, 24 |   7.7567989198345047e-05 |   7.7567989198345047e-05 | 1
 13, 25 |   2.6031314023535271e-04 |   2.6031314023535271e-04 | 1
 13, 26 |  -2.5516742686092090e-03 |  -2.5516742686092090e-03 | 1
 13, 27 |  -5.8534337538131977e-04 |  -5.8534337538131977e-04 | 1
 13, 28 |   4.2860573507346985e-04 |   4.2860573507346985e-04 | 1
 13, 29 |  -7.5498887467567136e-04 |  -7.5498887467567136e-04 | 1
 13, 30 |  -9.1127869514659324e-04 |  -9.1127869514659324e-04 | 1
 14,  1 |   4.7984061210378138e-04 |   4.7984061210378138e-04 | 1
 14,  2 |   6.1174314355873075e-04 |   6.1174314355873075e-04 | 1
 14,  3 |   4.9622103143147833e-04 |   4.9622103143147833e-04 | 1
 14,  4 |   4.2985567556976033e-04 |   4.2985567556976033e-04 | 1
 14,  5 |   4.0656060816811004e-04 |   4.0656060816811004e-04 | 1
 14,  6 |   5.6859362272491248e-04 |   5.6859362272491248e-04 | 1
 14,  7 |   5.6562252023873490e-04 |   5.6562252023873490e-04 | 1
 14,  8 |   4.4044925502688263e-04 |   4.4044925502688263e-04 | 1
 14,  9 |   7.1097273309013280e-04 |   7.1097273309013280e-04 | 1
 14, 10 |   1.1904570142685180e-03 |   1.1904570142685180e-03 | 1
 14, 11 |   6.8686282586214191e-04 |   6.8686282586214191e-04 | 1
 14, 12 |   2.8251548377922783e-04 |   2.8251548377922783e-04 | 1
 14, 13 |   3.7876225283147141e-04 |   3.7876225283147141e-04 | 1
 14, 14 |   8.5358830272971569e-03 |   8.5358830272971569e-03 | 1
 14, 15 |   6.4205503994895906e-04 |   6.4205503994895906e-04 | 1
 14, 16 |   5.0029762085789182e-04 |   5.0029762085789182e-04 | 1
 14, 17 |   5.4533231664654497e-04 |   5.4533231664654497e-04 | 1
 14, 18 |   5.2972826042292707e-04 |   5.2972826042292707e-04 | 1
 14, 19 |   5.9298181054291341e-04 |   5.9298181054291341e-04 | 1
 14, 20 |   3.6514695295512313e-04 |   3.6514695295512313e-04 | 1
 14, 21 |   8.7245110846705456e-04 |   8.7245110846705456e-04 | 1
 14, 22 |   4.6338333087734965e-04 |   4.6338333087734965e-04 | 1
 14, 23 |   7.3343185799151019e-04 |   7.3343185799151019e-04 | 1
 14, 24 |   6.3709957510906402e-04 |   6.3709957510906402e-04 | 1
 14, 25 |   5.1739498680045679e-04 |   5.1739498680045679e-04 | 1
 14, 26 |   1.4910201635426361e-03 |   1.4910201635426361e-03 | 1
 14, 27 |   8.3401676857216590e-04 |   8.3401676857216590e-04 | 1
 14, 28 |   5.7344528089805136e-04 |   5.7344528089805136e-04 | 1
 14, 29 |   8.5036255570501934e-04 |   8.5036255570501934e-04 | 1
 14, 30 |   9.1359034192814350e-04 |   9.1359034192814350e-04 | 1
 15,  1 |   2.0684334577927653e-04 |   2.0684334577927653e-04 | 1
 15,  2 |   2.2026035351154370e-04 |   2.2026035351154370e-04 | 1
 15,  3 |   2.1586374448281183e-04 |   2.1586374448281183e-04 | 1
 15,  4 |   1.6132213169380426e-04 |   1.6132213169380426e-04 | 1
 15,  5 |   1.8638654961161851e-04 |   1.8638654961161851e-04 | 1
 15,  6 |   2.2911787109209202e-04 |   2.2911787109209202e-04 | 1
 15,  7 |   2.2659586738450120e-04 |   2.2659586738450120e-04 | 1
 15,  8 |   1.9928675525235042e-04 |   1.9928675525235042e-04 | 1
 15,  9 |   2.8722074617569478e-04 |   2.8722074617569478e-04 | 1
 15, 10 |   3.5575894123391044e-04 |   3.5575894123391044e-04 | 1
 15, 11 |   2.4608852491123903e-04 |   2.4608852491123903e-04 | 1
 15, 12 |   1.9654669408391970e-04 |   1.9654669408391970e-04 | 1
 15, 13 |   2.0947013106617835e-04 |   2.0947013106617835e-04 | 1
 15, 14 |   6.4205503994895906e-04 |   6.4205503994895906e-04 | 1
 15, 15 |   5.7329396250204963e-04 |   5.7329396250204963e-04 | 1
 15, 16 |   2.0795906028772316e-04 |   2.0795906028772316e-04 | 1
 15, 17 |   1.9994095645505167e-04 |   1.9994095645505167e-04 | 1
 15, 18 |   2.3976618329927177e-04 |   2.3976618329927177e-04 | 1
 15, 19 |   2.2341706990813194e-04 |   2.2341706990813194e-04 | 1
 15, 20 |   1.6758699171091985e-04 |   1.6758699171091985e-04 | 1
 15, 21 |   2.6790470589994230e-04 |   2.6790470589994230e-04 | 1
 15, 22 |   1.9126094033899998e-04 |   1.9126094033899998e-04 | 1
 15, 23 |   2.5627258980895178e-04 |   2.5627258980895178e-04 | 1
 15, 24 |   2.3590978963512003e-04 |   2.3590978963512003e-04 | 1
 15, 25 |   1.9811791972573011e-04 |   1.9811791972573011e-04 | 1
 15, 26 |   3.9351422313347998e-04 |   3.9351422313347998e-04 | 1
 15, 27 |   2.6765135637733947e-04 |   2.6765135637733947e-04 | 1
 15, 28 |   2.3214569754652828e-04 |   2.3214569754652828e-04 | 1
 15, 29 |   2.6357499725285737e-04 |   2.6357499725285737e-04 | 1
 15, 30 |   2.8018895693178507e-04 |   2.8018895693178507e-04 | 1
 16,  1 |   2.8341520007856621e-04 |   2.8341520007856621e-04 | 1
 16,  2 |   1.1719233502882598e-04 |   1.1719233502882598e-04 | 1
 16,  3 |   3.0082521564517496e-04 |   3.0082521564517496e-04 | 1
 16,  4 |   1.2679447997795246e-04 |   1.2679447997795246e-04 | 1
 16,  5 |   2.9292328304193923e-04 |   2.9292328304193923e-04 | 1
 16,  6 |   2.3437603174971430e-04 |   2.3437603174971430e-04 | 1
 16,  7 |   2.2766665431788569e-04 |   2.2766665431788569e-04 | 1
 16,  8 |   3.0483008637922497e-04 |   3.0483008637922497e-04 | 1
 16,  9 |   3.0263410170249070e-04 |   3.0263410170249070e-04 | 1
 16, 10 |  -1.4318572381282271e-04 |  -1.4318572381282271e-04 | 1
 16, 11 |   1.2178044728156675e-04 |   1.2178044728156675e-04 | 1
 16, 12 |   5.7550291690934932e-04 |   5.7550291690934932e-04 | 1
 16, 13 |   4.7807595470554108e-04 |   4.7807595470554108e-04 | 1
 16, 14 |   5.0029762085789182e-04 |   5.0029762085789182e-04 | 1
 16, 15 |   2.0795906028772316e-04 |   2.0795906028772316e-04 | 1
 16, 16 |   6.9059910490557898e-04 |   6.9059910490557898e-04 | 1
 16, 17 |   1.5028081189018879e-04 |   1.5028081189018879e-04 | 1
 16, 18 |   3.8095257790962819e-04 |   3.8095257790962819e-04 | 1
 16, 19 |   1.8770724637969286e-04 |   1.8770724637969286e-04 | 1
 16, 20 |   2.8493101103054902e-04 |   2.8493101103054902e-04 | 1
 16, 21 |  -7.7066098989566121e-05 |  -7.7066098989566121e-05 | 1
 16, 22 |   2.2695582594093447e-04 |   2.2695582594093447e-04 | 1
 16, 23 |   1.1323845275948941e-04 |   1.1323845275948941e-04 | 1
 16, 24 |   1.6438250623342820e-04 |   1.6438250623342820e-04 | 1
 16, 25 |   1.9417675753836283e-04 |   1.9417675753836283e-04 | 1
 16, 26 |  -4.7897350434533659e-04 |  -4.7897350434533659e-04 | 1
 16, 27 |  -2.2935947160785753e-06 |  -2.2935947160785753e-06 | 1
 16, 28 |   2.6112126529313567e-04 |   2.6112126529313567e-04 | 1
 16, 29 |  -5.2565427762801962e-05 |  -5.2565427762801962e-05 | 1
 16, 30 |  -8.6556692410005962e-05 |  -8.6556692410005962e-05 | 1
 17,  1 |   1.4336022829960135e-04 |   1.4336022829960135e-04 | 1
 17,  2 |   1.9339158964471967e-04 |   1.9339158964471967e-04 | 1
 17,  3 |   1.4800100735023005e-04 |   1.4800100735023005e-04 | 1
 17,  4 |   1.3287573546891186e-04 |   1.3287573546891186e-04 | 1
 17,  5 |   1.1998487112389810e-04 |   1.1998487112389810e-04 | 1
 17,  6 |   1.7520825746560558e-04 |   1.7520825746560558e-04 | 1
 17,  7 |   1.7407706017518118e-04 |   1.7407706017518118e-04 | 1
 17,  8 |   1.3033536871014746e-04 |   1.3033536871014746e-04 | 1
 17,  9 |   2.1805606017914853e-04 |   2.1805606017914853e-04 | 1
 17, 10 |   3.8795117214803079e-04 |   3.8795117214803079e-04 | 1
 17, 11 |   2.1804562809431136e-04 |   2.1804562809431136e-04 | 1
 17, 12 |   6.7802410751134168e-05 |   6.7802410751134168e-05 | 1
 17, 13 |   1.0222096338683481e-04 |   1.0222096338683481e-04 | 1
 17, 14 |   5.4533231664654497e-04 |   5.4533231664654497e-04 | 1
 17, 15 |   1.9994095645505167e-04 |   1.9994095645505167e-04 | 1
 17, 16 |   1.5028081189018879e-04 |   1.5028081189018879e-04 | 1
 17, 17 |   2.0653611844336328e-03 |   2.0653611844336328e-03 | 1
 17, 18 |   1.5515253506555109e-04 |   1.5515253506555109e-04 | 1
 17, 19 |   1.8304743950714534e-04 |   1.8304743950714534e-04 | 1
 17, 20 |   1.0501889827208317e-04 |   1.0501889827208317e-04 | 1
 17, 21 |   2.8433767169420011e-04 |   2.8433767169420011e-04 | 1
 17, 22 |   1.3982383491926276e-04 |   1.3982383491926276e-04 | 1
 17, 23 |   2.3138909011403009e-04 |   2.3138909011403009e-04 | 1
 17, 24 |   1.9924983040601584e-04 |   1.9924983040601584e-04 | 1
 17, 25 |   1.5747928847468975e-04 |   1.5747928847468975e-04 | 1
 17, 26 |   5.0172265190319139e-04 |   5.0172265190319139e-04 | 1
 17, 27 |   2.6888643680164908e-04 |   2.6888643680164908e-04 | 1
 17, 28 |   1.7417178828574759e-04 |   1.7417178828574759e-04 | 1
 17, 29 |   2.7584947667358081e-04 |   2.7584947667358081e-04 | 1
 17, 30 |   2.9904321393485901e-04 |   2.9904321393485901e-04 | 1
 18,  1 |   4.3157605863218914e-04 |   4.3157605863218914e-04 | 1
 18,  2 |   7.0157989530499125e-05 |   7.0157989530499125e-05 | 1
 18,  3 |   4.6109160152371805e-04 |   4.6109160152371805e-04 | 1
 18,  4 |   1.3667751551837422e-04 |   1.3667751551837422e-04 | 1
 18,  5 |   4.6953270991502655e-04 |   4.6953270991502655e-04 | 1
 18,  6 |   3.1071714245348381e-04 |   3.1071714245348381e-04 | 1
 18,  7 |   2.9907274678341326e-04 |   2.9907274678341326e-04 | 1
 18,  8 |   4.8272946910082036e-04 |   4.8272946910082036e-04 | 1
 18,  9 |   4.0769343335620789e-04 |   4.0769343335620789e-04 | 1
 18, 10 |  -5.8995631171805110e-04 |  -5.8995631171805110e-04 | 1
 18, 11 |   5.9600556603320128e-05 |   5.9600556603320128e-05 | 1
 18, 12 |   1.0548516261763502e-03 |   1.0548516261763502e-03 | 1
 18, 13 |   8.3948813612469094e-04 |   8.3948813612469094e-04 | 1
 18, 14 |   5.2972826042292707e-04 |   5.2972826042292707e-04 | 1
 18, 15 |   2.3976618329927177e-04 |   2.3976618329927177e-04 | 1
 18, 16 |   3.8095257790962819e-04 |   3.8095257790962819e-04 | 1
 18, 17 |   1.5515253506555109e-04 |   1.5515253506555109e-04 | 1
 18, 18 |   2.8572611458538818e-03 |   2.8572611458538818e-03 | 1
 18, 19 |   2.1487811280327724e-04 |   2.1487811280327724e-04 | 1
 18, 20 |   4.6567634349445244e-04 |   4.6567634349445244e-04 | 1
 18, 21 |  -3.7802107151167069e-04 |  -3.7802107151167069e-04 | 1
 18, 22 |   3.2503536357880833e-04 |   3.2503536357880833e-04 | 1
 18, 23 |   3.1980828616784822e-05 |   3.1980828616784822e-05 | 1
 18, 24 |   1.5665706758810811e-04 |   1.5665706758810811e-04 | 1
 18, 25 |   2.4771915483755649e-04 |   2.4771915483755649e-04 | 1
 18, 26 |  -1.3261911918111698e-03 |  -1.3261911918111698e-03 | 1
 18, 27 |  -2.2131526050578890e-04 |  -2.2131526050578890e-04 | 1
 18, 28 |   3.6274230414207241e-04 |   3.6274230414207241e-04 | 1
 18, 29 |  -3.2379769550877776e-04 |  -3.2379769550877776e-04 | 1
 18, 30 |  -4.0866180034638573e-04 |  -4.0866180034638573e-04 | 1
 19,  1 |   1.8564448515266991e-04 |   1.8564448515266991e-04 | 1
 19,  2 |   2.0023241002274208e-04 |   2.0023241002274208e-04 | 1
 19,  3 |   1.9359962619759847e-04 |   1.9359962619759847e-04 | 1
 19,  4 |   1.4587080075724329e-04 |   1.4587080075724329e-04 | 1
 19,  5 |   1.6602508550540759e-04 |   1.6602508550540759e-04 | 1
 19,  6 |   2.0557222626888856e-04 |   2.0557222626888856e-04 | 1
 19,  7 |   2.0371658556971620e-04 |   2.0371658556971620e-04 | 1
 19,  8 |   1.7762311500868998e-04 |   1.7762311500868998e-04 | 1
 19,  9 |   2.5862126066237938e-04 |   2.5862126066237938e-04 | 1
 19, 10 |   3.2998511615071581e-04 |   3.2998511615071581e-04 | 1
 19, 11 |   2.2342982421993002e-04 |   2.2342982421993002e-04 | 1
 19, 12 |   1.7240978973052788e-04 |   1.7240978973052788e-04 | 1
 19, 13 |   1.8517225107594828e-04 |   1.8517225107594828e-04 | 1
 19, 14 |   5.9298181054291341e-04 |   5.9298181054291341e-04 | 1
 19, 15 |   2.2341706990813194e-04 |   2.2341706990813194e-04 | 1
 19, 16 |   1.8770724637969286e-04 |   1.8770724637969286e-04 | 1
 19, 17 |   1.8304743950714534e-04 |   1.8304743950714534e-04 | 1
 19, 18 |   2.1487811280327724e-04 |   2.1487811280327724e-04 | 1
 19, 19 |   1.2205228448135257e-03 |   1.2205228448135257e-03 | 1
 19, 20 |   1.5063702280047002e-04 |   1.5063702280047002e-04 | 1
 19, 21 |   2.4681580710480633e-04 |   2.4681580710480633e-04 | 1
 19, 22 |   1.7274268937342080e-04 |   1.7274268937342080e-04 | 1
 19, 23 |   2.3433361962239531e-04 |   2.3433361962239531e-04 | 1
 19, 24 |   2.1395148049450046e-04 |   2.1395148049450046e-04 | 1
 19, 25 |   1.8106114339086878e-04 |   1.8106114339086878e-04 | 1
 19, 26 |   3.6762626137769175e-04 |   3.6762626137769175e-04 | 1
 19, 27 |   2.4629507093618932e-04 |   2.4629507093618932e-04 | 1
 19, 28 |   2.0978234358838576e-04 |   2.0978234358838576e-04 | 1
 19, 29 |   2.4243203901832131e-04 |   2.4243203901832131e-04 | 1
 19, 30 |   2.5775311108034766e-04 |   2.5775311108034766e-04 | 1
 20,  1 |   3.2510914512436562e-04 |   3.2510914512436562e-04 | 1
 20,  2 |   3.5238947322506630e-05 |   3.5238947322506630e-05 | 1
 20,  3 |   3.4781398539475851e-04 |   3.4781398539475851e-04 | 1
 20,  4 |   9.5664925199133571e-05 |   9.5664925199133571e-05 | 1
 20,  5 |   3.5670971304670412e-04 |   3.5670971304670412e-04 | 1
 20,  6 |   2.2574255162017111e-04 |   2.2574255162017111e-04 | 1
 20,  7 |   2.1739703690429693e-04 |   2.1739703690429693e-04 | 1
 20,  8 |   3.6663824819413069e-04 |   3.6663824819413069e-04 | 1
 20,  9 |   2.9847234606291220e-04 |   2.9847234606291220e-04 | 1
 20, 10 |  -5.0383409652255459e-04 |  -5.0383409652255459e-04 | 1
 20, 11 |   2.4152315021513936e-05 |   2.4152315021513936e-05 | 1
 20, 12 |   8.2500978893954827e-04 |   8.2500978893954827e-04 | 1
 20, 13 |   6.5082266284965484e-04 |   6.5082266284965484e-04 | 1
 20, 14 |   3.6514695295512313e-04 |   3.6514695295512313e-04 | 1
 20, 15 |   1.6758699171091985e-04 |   1.6758699171091985e-04 | 1
 20, 16 |   2.8493101103054902e-04 |   2.8493101103054902e-04 | 1
 20, 17 |   1.0501889827208317e-04 |   1.0501889827208317e-04 | 1
 20, 18 |   4.6567634349445244e-04 |   4.6567634349445244e-04 | 1
 20, 19 |   1.5063702280047002e-04 |   1.5063702280047002e-04 | 1
 20, 20 |   5.2420702583411147e-03 |   5.2420702583411147e-03 | 1
 20, 21 |  -3.2695361511032650e-04 |  -3.2695361511032650e-04 | 1
 20, 22 |   2.4098645825349597e-04 |   2.4098645825349597e-04 | 1
 20, 23 |   1.9774628452799502e-06 |   1.9774628452799502e-06 | 1
 20, 24 |   1.0286001215632057e-04 |   1.0286001215632057e-04 | 1
 20, 25 |   1.8030419690283339e-04 |   1.8030419690283339e-04 | 1
 20, 26 |  -1.0976396427827091e-03 |  -1.0976396427827091e-03 | 1
 20, 27 |  -2.0224100667613084e-04 |  -2.0224100667613084e-04 | 1
 20, 28 |   2.6835717853320611e-04 |   2.6835717853320611e-04 | 1
 20, 29 |  -2.8311255499336905e-04 |  -2.8311255499336905e-04 | 1
 20, 30 |  -3.5299488023688905e-04 |  -3.5299488023688905e-04 | 1
 21,  1 |  -1.6732276010648949e-04 |  -1.6732276010648949e-04 | 1
 21,  2 |   4.7889696281139580e-04 |   4.7889696281139580e-04 | 1
 21,  3 |  -1.9326596609462956e-04 |  -1.9326596609462956e-04 | 1
 21,  4 |   2.0981199519274574e-04 |   2.0981199519274574e-04 | 1
 21,  5 |  -2.8678800527931893e-04 |  -2.8678800527931893e-04 | 1
 21,  6 |   9.5583073340951974e-05 |   9.5583073340951974e-05 | 1
 21,  7 |   1.0871593496871034e-04 |   1.0871593496871034e-04 | 1
 21,  8 |  -2.7564797809845614e-04 |  -2.7564797809845614e-04 | 1
 21,  9 |   9.0674285803416028e-05 |   9.0674285803416028e-05 | 1
 21, 10 |   1.9663610117610147e-03 |   1.9663610117610147e-03 | 1
 21, 11 |   5.6641903117159728e-04 |   5.6641903117159728e-04 | 1
 21, 12 |  -1.2484442955607473e-03 |  -1.2484442955607473e-03 | 1
 21, 13 |  -8.4916838072531941e-04 |  -8.4916838072531941e-04 | 1
 21, 14 |   8.7245110846705456e-04 |   8.7245110846705456e-04 | 1
 21, 15 |   2.6790470589994230e-04 |   2.6790470589994230e-04 | 1
 21, 16 |  -7.7066098989566121e-05 |  -7.7066098989566121e-05 | 1
 21, 17 |   2.8433767169420011e-04 |   2.8433767169420011e-04 | 1
 21, 18 |  -3.7802107151167069e-04 |  -3.7802107151167069e-04 | 1
 21, 19 |   2.4681580710480633e-04 |   2.4681580710480633e-04 | 1
 21, 20 |  -3.2695361511032650e-04 |  -3.2695361511032650e-04 | 1
 21, 21 |   7.0568584002835468e-03 |   7.0568584002835468e-03 | 1
 21, 22 |  -2.8864254311563358e-05 |  -2.8864254311563358e-05 | 1
 21, 23 |   6.4457251097617104e-04 |   6.4457251097617104e-04 | 1
 21, 24 |   3.7677795011088527e-04 |   3.7677795011088527e-04 | 1
 21, 25 |   1.2331751626994624e-04 |   1.2331751626994624e-04 | 1
 21, 26 |   3.3139277661844930e-03 |   3.3139277661844930e-03 | 1
 21, 27 |   1.1025326124586604e-03 |   1.1025326124586604e-03 | 1
 21, 28 |   1.8779322059895778e-05 |   1.8779322059895778e-05 | 1
 21, 29 |   1.2646045243420458e-03 |   1.2646045243420458e-03 | 1
 21, 30 |   1.4520541819489827e-03 |   1.4520541819489827e-03 | 1
 22,  1 |   2.4499269926223734e-04 |   2.4499269926223734e-04 | 1
 22,  2 |   1.1693362542906475e-04 |   1.1693362542906475e-04 | 1
 22,  3 |   2.5980916759846761e-04 |   2.5980916759846761e-04 | 1
 22,  4 |   1.1958125966951764e-04 |   1.1958125966951764e-04 | 1
 22,  5 |   2.5070441822998301e-04 |   2.5070441822998301e-04 | 1
 22,  6 |   2.0901887926769397e-04 |   2.0901887926769397e-04 | 1
 22,  7 |   2.0460049729712629e-04 |   2.0460049729712629e-04 | 1
 22,  8 |   2.5998634584241734e-04 |   2.5998634584241734e-04 | 1
 22,  9 |   2.6969807134934415e-04 |   2.6969807134934415e-04 | 1
 22, 10 |  -7.0135137314112560e-05 |  -7.0135137314112560e-05 | 1
 22, 11 |   1.2351399194050181e-04 |   1.2351399194050181e-04 | 1
 22, 12 |   4.7158254962799862e-04 |   4.7158254962799862e-04 | 1
 22, 13 |   3.9677836589777543e-04 |   3.9677836589777543e-04 | 1
 22, 14 |   4.6338333087734965e-04 |   4.6338333087734965e-04 | 1
 22, 15 |   1.9126094033899998e-04 |   1.9126094033899998e-04 | 1
 22, 16 |   2.2695582594093447e-04 |   2.2695582594093447e-04 | 1
 22, 17 |   1.3982383491926276e-04 |   1.3982383491926276e-04 | 1
 22, 18 |   3.2503536357880833e-04 |   3.2503536357880833e-04 | 1
 22, 19 |   1.7274268937342080e-04 |   1.7274268937342080e-04 | 1
 22, 20 |   2.4098645825349597e-04 |   2.4098645825349597e-04 | 1
 22, 21 |  -2.8864254311563358e-05 |  -2.8864254311563358e-05 | 1
 22, 22 |   2.7850681916936322e-03 |   2.7850681916936322e-03 | 1
 22, 23 |   1.1912599449304668e-04 |   1.1912599449304668e-04 | 1
 22, 24 |   1.5519692003055028e-04 |   1.5519692003055028e-04 | 1
 22, 25 |   1.7359652145653912e-04 |   1.7359652145653912e-04 | 1
 22, 26 |  -3.2684506475082751e-04 |  -3.2684506475082751e-04 | 1
 22, 27 |   2.8727933854253100e-05 |   2.8727933854253100e-05 | 1
 22, 28 |   2.2987736156449093e-04 |   2.2987736156449093e-04 | 1
 22, 29 |  -1.1272357154142500e-05 |  -1.1272357154142500e-05 | 1
 22, 30 |  -3.5408133115246064e-05 |  -3.5408133115246064e-05 | 1
 23,  1 |   8.1245473570157670e-05 |   8.1245473570157670e-05 | 1
 23,  2 |   3.1017821916254340e-04 |   3.1017821916254340e-04 | 1
 23,  3 |   7.8389662896917288e-05 |   7.8389662896917288e-05 | 1
 23,  4 |   1.7999292998095744e-04 |   1.7999292998095744e-04 | 1
 23,  5 |   2.6605227572848150e-05 |   2.6605227572848150e-05 | 1
 23,  6 |   1.8506010168937103e-04 |   1.8506010168937103e-04 | 1
 23,  7 |   1.8795108350524591e-04 |   1.8795108350524591e-04 | 1
 23,  8 |   3.8931641790842812e-05 |   3.8931641790842812e-05 | 1
 23,  9 |   2.2306170357414739e-04 |   2.2306170357414739e-04 | 1
 23, 10 |   9.0825054130500092e-04 |   9.0825054130500092e-04 | 1
 23, 11 |   3.5666514371944275e-04 |   3.5666514371944275e-04 | 1
 23, 12 |  -2.9324964430901520e-04 |  -2.9324964430901520e-04 | 1
 23, 13 |  -1.4923294212364395e-04 |  -1.4923294212364395e-04 | 1
 23, 14 |   7.3343185799151019e-04 |   7.3343185799151019e-04 | 1
 23, 15 |   2.5627258980895178e-04 |   2.5627258980895178e-04 | 1
 23, 16 |   1.1323845275948941e-04 |   1.1323845275948941e-04 | 1
 23, 17 |   2.3138909011403009e-04 |   2.3138909011403009e-04 | 1
 23, 18 |   3.1980828616784822e-05 |   3.1980828616784822e-05 | 1
 23, 19 |   2.3433361962239531e-04 |   2.3433361962239531e-04 | 1
 23, 20 |   1.9774628452799502e-06 |   1.9774628452799502e-06 | 1
 23, 21 |   6.4457251097617104e-04 |   6.4457251097617104e-04 | 1
 23, 22 |   1.1912599449304668e-04 |   1.1912599449304668e-04 | 1
 23, 23 |   7.9394222160508385e-04 |   7.9394222160508385e-04 | 1
 23, 24 |   2.8590134161758391e-04 |   2.8590134161758391e-04 | 1
 23, 25 |   1.7565083821536383e-04 |   1.7565083821536383e-04 | 1
 23, 26 |   1.3911211212161226e-03 |   1.3911211212161226e-03 | 1
 23, 27 |   5.5431132125579924e-04 |   5.5431132125579924e-04 | 1
 23, 28 |   1.6197926387405342e-04 |   1.6197926387405342e-04 | 1
 23, 29 |   6.0698582814496123e-04 |   6.0698582814496123e-04 | 1
 23, 30 |   6.8144025433113250e-04 |   6.8144025433113250e-04 | 1
 24,  1 |   1.5267649164274683e-04 |   1.5267649164274683e-04 | 1
 24,  2 |   2.3705009266281247e-04 |   2.3705009266281247e-04 | 1
 24,  3 |   1.5698201175936384e-04 |   1.5698201175936384e-04 | 1
 24,  4 |   1.5786755206441725e-04 |   1.5786755206441725e-04 | 1
 24,  5 |   1.2173162378456150e-04 |   1.2173162378456150e-04 | 1
 24,  6 |   2.0035458720382091e-04 |   2.0035458720382091e-04 | 1
 24,  7 |   1.9963101372902212e-04 |   1.9963101372902212e-04 | 1
 24,  8 |   1.3398121904426578e-04 |   1.3398121904426578e-04 | 1
 24,  9 |   2.4809003650160845e-04 |   2.4809003650160845e-04 | 1
 24, 10 |   5.1798849514111457e-04 |   5.1798849514111457e-04 | 1
 24, 11 |   2.6854141565360709e-04 |   2.6854141565360709e-04 | 1
 24, 12 |   2.2166919394520155e-05 |   2.2166919394520155e-05 | 1
 24, 13 |   7.7567989198345047e-05 |   7.7567989198345047e-05 | 1
 24, 14 |   6.3709957510906402e-04 |   6.3709957510906402e-04 | 1
 24, 15 |   2.3590978963512003e-04 |   2.3590978963512003e-04 | 1
 24, 16 |   1.6438250623342820e-04 |   1.6438250623342820e-04 | 1
 24, 17 |   1.9924983040601584e-04 |   1.9924983040601584e-04 | 1
 24, 18 |   1.5665706758810811e-04 |   1.5665706758810811e-04 | 1
 24, 19 |   2.1395148049450046e-04 |   2.1395148049450046e-04 | 1
 24, 20 |   1.0286001215632057e-04 |   1.0286001215632057e-04 | 1
 24, 21 |   3.7677795011088527e-04 |   3.7677795011088527e-04 | 1
 24, 22 |   1.5519692003055028e-04 |   1.5519692003055028e-04 | 1
 24, 23 |   2.8590134161758391e-04 |   2.8590134161758391e-04 | 1
 24, 24 |   1.5871277508474467e-03 |   1.5871277508474467e-03 | 1
 24, 25 |   1.8006680478573512e-04 |   1.8006680478573512e-04 | 1
 24, 26 |   7.0258557990014899e-04 |   7.0258557990014899e-04 | 1
 24, 27 |   3.4764934304538280e-04 |   3.4764934304538280e-04 | 1
 24, 28 |   1.9555137230138885e-04 |   1.9555137230138885e-04 | 1
 24, 29 |   3.6258803923519415e-04 |   3.6258803923519415e-04 | 1
 24, 30 |   3.9745888268949740e-04 |   3.9745888268949740e-04 | 1
 25,  1 |   1.9984247363053067e-04 |   1.9984247363053067e-04 | 1
 25,  2 |   1.5608379078421226e-04 |   1.5608379078421226e-04 | 1
 25,  3 |   2.0957862294743537e-04 |   2.0957862294743537e-04 | 1
 25,  4 |   1.2682921905006326e-04 |   1.2682921905006326e-04 | 1
 25,  5 |   1.9102505353700179e-04 |   1.9102505353700179e-04 | 1
 25,  6 |   1.9654611188841734e-04 |   1.9654611188841734e-04 | 1
 25,  7 |   1.9253796581108384e-04 |   1.9253796581108384e-04 | 1
 25,  8 |   2.0175167350090247e-04 |   2.0175167350090247e-04 | 1
 25,  9 |   2.4909482021462283e-04 |   2.4909482021462283e-04 | 1
 25, 10 |   1.5277342236945417e-04 |   1.5277342236945417e-04 | 1
 25, 11 |   1.7164730508785893e-04 |   1.7164730508785893e-04 | 1
 25, 12 |   2.8263694662203766e-04 |   2.8263694662203766e-04 | 1
 25, 13 |   2.6031314023535271e-04 |   2.6031314023535271e-04 | 1
 25, 14 |   5.1739498680045679e-04 |   5.1739498680045679e-04 | 1
 25, 15 |   1.9811791972573011e-04 |   1.9811791972573011e-04 | 1
 25, 16 |   1.9417675753836283e-04 |   1.9417675753836283e-04 | 1
 25, 17 |   1.5747928847468975e-04 |   1.5747928847468975e-04 | 1
 25, 18 |   2.4771915483755649e-04 |   2.4771915483755649e-04 | 1
 25, 19 |   1.8106114339086878e-04 |   1.8106114339086878e-04 | 1
 25, 20 |   1.8030419690283339e-04 |   1.8030419690283339e-04 | 1
 25, 21 |   1.2331751626994624e-04 |   1.2331751626994624e-04 | 1
 25, 22 |   1.7359652145653912e-04 |   1.7359652145653912e-04 | 1
 25, 23 |   1.7565083821536383e-04 |   1.7565083821536383e-04 | 1
 25, 24 |   1.8006680478573512e-04 |   1.8006680478573512e-04 | 1
 25, 25 |   3.6781677643842763e-03 |   3.6781677643842763e-03 | 1
 25, 26 |   7.1577831124361780e-05 |   7.1577831124361780e-05 | 1
 25, 27 |   1.4722200263231764e-04 |   1.4722200263231764e-04 | 1
 25, 28 |   2.0754790360797050e-04 |   2.0754790360797050e-04 | 1
 25, 29 |   1.2964601502074368e-04 |   1.2964601502074368e-04 | 1
 25, 30 |   1.2789361823065549e-04 |   1.2789361823065549e-04 | 1
 26,  1 |  -7.1818361152208412e-04 |  -7.1818361152208412e-04 | 1
 26,  2 |   9.9746505670680625e-04 |   9.9746505670680625e-04 | 1
 26,  3 |  -7.9975334750907040e-04 |  -7.9975334750907040e-04 | 1
 26,  4 |   3.4702955590563235e-04 |   3.4702955590563235e-04 | 1
 26,  5 |  -1.0127178486449792e-03 |  -1.0127178486449792e-03 | 1
 26,  6 |  -4.2342020590213381e-05 |  -4.2342020590213381e-05 | 1
 26,  7 |  -4.1577962390239141e-06 |  -4.1577962390239141e-06 | 1
 26,  8 |  -9.9792900660440826e-04 |  -9.9792900660440826e-04 | 1
 26,  9 |  -1.3119301703933586e-04 |  -1.3119301703933586e-04 | 1
 26, 10 |   4.8022723841445007e-03 |   4.8022723841445007e-03 | 1
 26, 11 |   1.1995607808449348e-03 |   1.1995607808449348e-03 | 1
 26, 12 |  -3.6027178018247217e-03 |  -3.6027178018247217e-03 | 1
 26, 13 |  -2.5516742686092090e-03 |  -2.5516742686092090e-03 | 1
 26, 14 |   1.4910201635426361e-03 |   1.4910201635426361e-03 | 1
 26, 15 |   3.9351422313347998e-04 |   3.9351422313347998e-04 | 1
 26, 16 |  -4.7897350434533659e-04 |  -4.7897350434533659e-04 | 1
 26, 17 |   5.0172265190319139e-04 |   5.0172265190319139e-04 | 1
 26, 18 |  -1.3261911918111698e-03 |  -1.3261911918111698e-03 | 1
 26, 19 |   3.6762626137769175e-04 |   3.6762626137769175e-04 | 1
 26, 20 |  -1.0976396427827091e-03 |  -1.0976396427827091e-03 | 1
 26, 21 |   3.3139277661844930e-03 |   3.3139277661844930e-03 | 1
 26, 22 |  -3.2684506475082751e-04 |  -3.2684506475082751e-04 | 1
 26, 23 |   1.3911211212161226e-03 |   1.3911211212161226e-03 | 1
 26, 24 |   7.0258557990014899e-04 |   7.0258557990014899e-04 | 1
 26, 25 |   7.1577831124361780e-05 |   7.1577831124361780e-05 | 1
 26, 26 |   8.7889849034987165e-03 |   8.7889849034987165e-03 | 1
 26, 27 |   2.6052186792321834e-03 |   2.6052186792321834e-03 | 1
 26, 28 |  -2.5274690556380313e-04 |  -2.5274690556380313e-04 | 1
 26, 29 |   3.0461235573815363e-03 |   3.0461235573815363e-03 | 1
 26, 30 |   3.5265933165429379e-03 |   3.5265933165429379e-03 | 1
 27,  1 |  -7.1179714048519928e-05 |  -7.1179714048519928e-05 | 1
 27,  2 |   4.2020239491786311e-04 |   4.2020239491786311e-04 | 1
 27,  3 |  -8.8508102939281611e-05 |  -8.8508102939281611e-05 | 1
 27,  4 |   1.9961440535728835e-04 |   1.9961440535728835e-04 | 1
 27,  5 |  -1.6801453696369282e-04 |  -1.6801453696369282e-04 | 1
 27,  6 |   1.3321671723789166e-04 |   1.3321671723789166e-04 | 1
 27,  7 |   1.4147636356489713e-04 |   1.4147636356489713e-04 | 1
 27,  8 |  -1.5477645930396042e-04 |  -1.5477645930396042e-04 | 1
 27,  9 |   1.4454172402259029e-04 |   1.4454172402259029e-04 | 1
 27, 10 |   1.5789060633226355e-03 |   1.5789060633226355e-03 | 1
 27, 11 |   4.9333162371189307e-04 |   4.9333162371189307e-04 | 1
 27, 12 |  -8.8983625795495901e-04 |  -8.8983625795495901e-04 | 1
 27, 13 |  -5.8534337538131977e-04 |  -5.8534337538131977e-04 | 1
 27, 14 |   8.3401676857216590e-04 |   8.3401676857216590e-04 | 1
 27, 15 |   2.6765135637733947e-04 |   2.6765135637733947e-04 | 1
 27, 16 |  -2.2935947160785753e-06 |  -2.2935947160785753e-06 | 1
 27, 17 |   2.6888643680164908e-04 |   2.6888643680164908e-04 | 1
 27, 18 |  -2.2131526050578890e-04 |  -2.2131526050578890e-04 | 1
 27, 19 |   2.4629507093618932e-04 |   2.4629507093618932e-04 | 1
 27, 20 |  -2.0224100667613084e-04 |  -2.0224100667613084e-04 | 1
 27, 21 |   1.1025326124586604e-03 |   1.1025326124586604e-03 | 1
 27, 22 |   2.8727933854253100e-05 |   2.8727933854253100e-05 | 1
 27, 23 |   5.5431132125579924e-04 |   5.5431132125579924e-04 | 1
 27, 24 |   3.4764934304538280e-04 |   3.4764934304538280e-04 | 1
 27, 25 |   1.4722200263231764e-04 |   1.4722200263231764e-04 | 1
 27, 26 |   2.6052186792321834e-03 |   2.6052186792321834e-03 | 1
 27, 27 |   1.6575701213428090e-03 |   1.6575701213428090e-03 | 1
 27, 28 |   7.6721294763085061e-05 |   7.6721294763085061e-05 | 1
 27, 29 |   1.0252148140292830e-03 |   1.0252148140292830e-03 | 1
 27, 30 |   1.1712845376635828e-03 |   1.1712845376635828e-03 | 1
 28,  1 |   2.7821244529713631e-04 |   2.7821244529713631e-04 | 1
 28,  2 |   1.5420520503547406e-04 |   1.5420520503547406e-04 | 1
 28,  3 |   2.9405873136738498e-04 |   2.9405873136738498e-04 | 1
 28,  4 |   1.4464933615939037e-04 |   1.4464933615939037e-04 | 1
 28,  5 |   2.7974978237090350e-04 |   2.7974978237090350e-04 | 1
 28,  6 |   2.4684281741070156e-04 |   2.4684281741070156e-04 | 1
 28,  7 |   2.4091617900020426e-04 |   2.4091617900020426e-04 | 1
 28,  8 |   2.9246154116004765e-04 |   2.9246154116004765e-04 | 1
 28,  9 |   3.1641323939976003e-04 |   3.1641323939976003e-04 | 1
 28, 10 |  -6.0610239085991894e-06 |  -6.0610239085991894e-06 | 1
 28, 11 |   1.6552548294193262e-04 |   1.6552548294193262e-04 | 1
 28, 12 |   4.9966301435692495e-04 |   4.9966301435692495e-04 | 1
 28, 13 |   4.2860573507346985e-04 |   4.2860573507346985e-04 | 1
 28, 14 |   5.7344528089805136e-04 |   5.7344528089805136e-04 | 1
 28, 15 |   2.3214569754652828e-04 |   2.3214569754652828e-04 | 1
 28, 16 |   2.6112126529313567e-04 |   2.6112126529313567e-04 | 1
 28, 17 |   1.7417178828574759e-04 |   1.7417178828574759e-04 | 1
 28, 18 |   3.6274230414207241e-04 |   3.6274230414207241e-04 | 1
 28, 19 |   2.0978234358838576e-04 |   2.0978234358838576e-04 | 1
 28, 20 |   2.6835717853320611e-04 |   2.6835717853320611e-04 | 1
 28, 21 |   1.8779322059895778e-05 |   1.8779322059895778e-05 | 1
 28, 22 |   2.2987736156449093e-04 |   2.2987736156449093e-04 | 1
 28, 23 |   1.6197926387405342e-04 |   1.6197926387405342e-04 | 1
 28, 24 |   1.9555137230138885e-04 |   1.9555137230138885e-04 | 1
 28, 25 |   2.0754790360797050e-04 |   2.0754790360797050e-04 | 1
 28, 26 |  -2.5274690556380313e-04 |  -2.5274690556380313e-04 | 1
 28, 27 |   7.6721294763085061e-05 |   7.6721294763085061e-05 | 1
 28, 28 |   1.4311533719904550e-03 |   1.4311533719904550e-03 | 1
 28, 29 |   3.6658452013534336e-05 |   3.6658452013534336e-05 | 1
 28, 30 |   1.5550508763860371e-05 |   1.5550508763860371e-05 | 1
 29,  1 |  -1.3516522306946437e-04 |  -1.3516522306946437e-04 | 1
 29,  2 |   4.5331745950527694e-04 |   4.5331745950527694e-04 | 1
 29,  3 |  -1.5832519705230496e-04 |  -1.5832519705230496e-04 | 1
 29,  4 |   2.0398152801783282e-04 |   2.0398152801783282e-04 | 1
 29,  5 |  -2.4606724561977537e-04 |  -2.4606724561977537e-04 | 1
 29,  6 |   1.0515629735568133e-04 |   1.0515629735568133e-04 | 1
 29,  7 |   1.1688071977988280e-04 |   1.1688071977988280e-04 | 1
 29,  8 |  -2.3414721908861146e-04 |  -2.3414721908861146e-04 | 1
 29,  9 |   1.0559251186662786e-04 |   1.0559251186662786e-04 | 1
 29, 10 |   1.8177377704843250e-03 |   1.8177377704843250e-03 | 1
 29, 11 |   5.3543264940019829e-04 |   5.3543264940019829e-04 | 1
 29, 12 |  -1.1192002526842226e-03 |  -1.1192002526842226e-03 | 1
 29, 13 |  -7.5498887467567136e-04 |  -7.5498887467567136e-04 | 1
 29, 14 |   8.5036255570501934e-04 |   8.5036255570501934e-04 | 1
 29, 15 |   2.6357499725285737e-04 |   2.6357499725285737e-04 | 1
 29, 16 |  -5.2565427762801962e-05 |  -5.2565427762801962e-05 | 1
 29, 17 |   2.7584947667358081e-04 |   2.7584947667358081e-04 | 1
 29, 18 |  -3.2379769550877776e-04 |  -3.2379769550877776e-04 | 1
 29, 19 |   2.4243203901832131e-04 |   2.4243203901832131e-04 | 1
 29, 20 |  -2.8311255499336905e-04 |  -2.8311255499336905e-04 | 1
 29, 21 |   1.2646045243420458e-03 |   1.2646045243420458e-03 | 1
 29, 22 |  -1.1272357154142500e-05 |  -1.1272357154142500e-05 | 1
 29, 23 |   6.0698582814496123e-04 |   6.0698582814496123e-04 | 1
 29, 24 |   3.6258803923519415e-04 |   3.6258803923519415e-04 | 1
 29, 25 |   1.2964601502074368e-04 |   1.2964601502074368e-04 | 1
 29, 26 |   3.0461235573815363e-03 |   3.0461235573815363e-03 | 1
 29, 27 |   1.0252148140292830e-03 |   1.0252148140292830e-03 | 1
 29, 28 |   3.6658452013534336e-05 |   3.6658452013534336e-05 | 1
 29, 29 |   2.1924440758258573e-03 |   2.1924440758258573e-03 | 1
 29, 30 |   1.3441123134626239e-03 |   1.3441123134626239e-03 | 1
 30,  1 |  -1.8330821980461361e-04 |  -1.8330821980461361e-04 | 1
 30,  2 |   5.0647454190355201e-04 |   5.0647454190355201e-04 | 1
 30,  3 |  -2.1123033883385569e-04 |  -2.1123033883385569e-04 | 1
 30,  4 |   2.1948899680119844e-04 |   2.1948899680119844e-04 | 1
 30,  5 |  -3.1114976564077532e-04 |  -3.1114976564077532e-04 | 1
 30,  6 |   9.6863574244238543e-05 |   9.6863574244238543e-05 | 1
 30,  7 |   1.1049658500141799e-04 |   1.1049658500141799e-04 | 1
 30,  8 |  -2.9822501306827563e-04 |  -2.9822501306827563e-04 | 1
 30,  9 |   9.0554936976992549e-05 |   9.0554936976992549e-05 | 1
 30, 10 |   2.0893932202480994e-03 |   2.0893932202480994e-03 | 1
 30, 11 |   5.9995091727805270e-04 |   5.9995091727805270e-04 | 1
 30, 12 |  -1.3360776048340480e-03 |  -1.3360776048340480e-03 | 1
 30, 13 |  -9.1127869514659324e-04 |  -9.1127869514659324e-04 | 1
 30, 14 |   9.1359034192814350e-04 |   9.1359034192814350e-04 | 1
 30, 15 |   2.8018895693178507e-04 |   2.8018895693178507e-04 | 1
 30, 16 |  -8.6556692410005962e-05 |  -8.6556692410005962e-05 | 1
 30, 17 |   2.9904321393485901e-04 |   2.9904321393485901e-04 | 1
 30, 18 |  -4.0866180034638573e-04 |  -4.0866180034638573e-04 | 1
 30, 19 |   2.5775311108034766e-04 |   2.5775311108034766e-04 | 1
 30, 20 |  -3.5299488023688905e-04 |  -3.5299488023688905e-04 | 1
 30, 21 |   1.4520541819489827e-03 |   1.4520541819489827e-03 | 1
 30, 22 |  -3.5408133115246064e-05 |  -3.5408133115246064e-05 | 1
 30, 23 |   6.8144025433113250e-04 |   6.8144025433113250e-04 | 1
 30, 24 |   3.9745888268949740e-04 |   3.9745888268949740e-04 | 1
 30, 25 |   1.2789361823065549e-04 |   1.2789361823065549e-04 | 1
 30, 26 |   3.5265933165429379e-03 |   3.5265933165429379e-03 | 1
 30, 27 |   1.1712845376635828e-03 |   1.1712845376635828e-03 | 1
 30, 28 |   1.5550508763860371e-05 |   1.5550508763860371e-05 | 1
 30, 29 |   1.3441123134626239e-03 |   1.3441123134626239e-03 | 1
 30, 30 |   3.7868783957140852e-03 |   3.7868783957140852e-03 | 1
