row,col | V_base                   | V_new                    | equal
  1,  1 |   3.5054585551314656e-04 |   3.5054585551314656e-04 | 1
  1,  2 |   2.1505023870298490e-03 |   2.1505023870298490e-03 | 1
  1,  3 |   1.5147991580229773e-04 |   1.5147991580229773e-04 | 1
  1,  4 |   4.6645763016061668e-05 |   4.6645763016061668e-05 | 1
  1,  5 |  -5.7139664177845951e-05 |  -5.7139664177845951e-05 | 1
  1,  6 |   7.6713131661002395e-05 |   7.6713131661002395e-05 | 1
  2,  1 |   2.1505023870298490e-03 |   2.1505023870298490e-03 | 1
  2,  2 |   1.4984509476142308e-01 |   1.4984509476142308e-01 | 1
  2,  3 |   5.1603139677382243e-03 |   5.1603139677382243e-03 | 1
  2,  4 |   7.7615287306341541e-04 |   7.7615287306341541e-04 | 1
  2,  5 |  -8.9260943496496034e-03 |  -8.9260943496496034e-03 | 1
  2,  6 |   2.9743141293105948e-04 |   2.9743141293105948e-04 | 1
  3,  1 |   1.5147991580229773e-04 |   1.5147991580229773e-04 | 1
  3,  2 |   5.1603139677382243e-03 |   5.1603139677382243e-03 | 1
  3,  3 |   1.3110115494008170e-02 |   1.3110115494008170e-02 | 1
  3,  4 |   5.1713050301770464e-05 |   5.1713050301770464e-05 | 1
  3,  5 |  -2.3690132233066292e-04 |  -2.3690132233066292e-04 | 1
  3,  6 |   8.8752384961347650e-05 |   8.8752384961347650e-05 | 1
  4,  1 |   4.6645763016061668e-05 |   4.6645763016061668e-05 | 1
  4,  2 |   7.7615287306341541e-04 |   7.7615287306341541e-04 | 1
  4,  3 |   5.1713050301770464e-05 |   5.1713050301770464e-05 | 1
  4,  4 |   4.5317821340039779e-03 |   4.5317821340039779e-03 | 1
  4,  5 |   7.4448055484673086e-06 |   7.4448055484673086e-06 | 1
  4,  6 |   5.4372236913766973e-05 |   5.4372236913766973e-05 | 1
  5,  1 |  -5.7139664177845951e-05 |  -5.7139664177845951e-05 | 1
  5,  2 |  -8.9260943496496034e-03 |  -8.9260943496496034e-03 | 1
  5,  3 |  -2.3690132233066292e-04 |  -2.3690132233066292e-04 | 1
  5,  4 |   7.4448055484673086e-06 |   7.4448055484673086e-06 | 1
  5,  5 |   4.5391286684917601e-03 |   4.5391286684917601e-03 | 1
  5,  6 |   6.0490238152523254e-05 |   6.0490238152523254e-05 | 1
  6,  1 |   7.6713131661002395e-05 |   7.6713131661002395e-05 | 1
  6,  2 |   2.9743141293105948e-04 |   2.9743141293105948e-04 | 1
  6,  3 |   8.8752384961347650e-05 |   8.8752384961347650e-05 | 1
  6,  4 |   5.4372236913766973e-05 |   5.4372236913766973e-05 | 1
  6,  5 |   6.0490238152523254e-05 |   6.0490238152523254e-05 | 1
  6,  6 |   3.5850402491078800e-04 |   3.5850402491078800e-04 | 1
