row,col | V_base                   | V_new                    | equal
  1,  1 |   1.3172574006776200e-04 |   1.3172574006776200e-04 | 1
  1,  2 |   7.0874080125689245e-05 |   7.0874080125689245e-05 | 1
  1,  3 |   1.1507811909155221e-04 |   1.1507811909155221e-04 | 1
  1,  4 |   5.9429192061689459e-05 |   5.9429192061689459e-05 | 1
  1,  5 |   9.9006362936790749e-05 |   9.9006362936790749e-05 | 1
  1,  6 |   5.9609171116218401e-05 |   5.9609171116218401e-05 | 1
  1,  7 |   7.7825180617361705e-05 |   7.7825180617361705e-05 | 1
  1,  8 |   7.8929952528966739e-06 |   7.8929952528966739e-06 | 1
  1,  9 |  -5.5312427516948914e-05 |  -5.5312427516948914e-05 | 1
  1, 10 |   1.5943072649498489e-04 |   1.5943072649498489e-04 | 1
  1, 11 |  -1.8667276949837686e-05 |  -1.8667276949837686e-05 | 1
  1, 12 |  -1.7534881272673230e-05 |  -1.7534881272673230e-05 | 1
  1, 13 |  -5.7053524393060466e-05 |  -5.7053524393060466e-05 | 1
  1, 14 |  -2.2859180851171008e-08 |  -2.2859180851171008e-08 | 1
  1, 15 |   7.3124625258801589e-05 |   7.3124625258801589e-05 | 1
  1, 16 |  -5.5715983934746152e-06 |  -5.5715983934746152e-06 | 1
  2,  1 |   7.0874080125689245e-05 |   7.0874080125689245e-05 | 1
  2,  2 |   7.1062286726019600e-04 |   7.1062286726019600e-04 | 1
  2,  3 |  -6.1402723285849654e-04 |  -6.1402723285849654e-04 | 1
  2,  4 |   2.4464670069430553e-05 |   2.4464670069430553e-05 | 1
  2,  5 |   1.6232712600190111e-04 |   1.6232712600190111e-04 | 1
  2,  6 |   3.1507632551130326e-05 |   3.1507632551130326e-05 | 1
  2,  7 |   6.5628450456798086e-05 |   6.5628450456798086e-05 | 1
  2,  8 |  -2.1597417197753653e-04 |  -2.1597417197753653e-04 | 1
  2,  9 |  -4.6448331006370791e-04 |  -4.6448331006370791e-04 | 1
  2, 10 |   6.4150899057417114e-04 |   6.4150899057417114e-04 | 1
  2, 11 |  -1.6756244356250810e-05 |  -1.6756244356250810e-05 | 1
  2, 12 |  -4.3674707393628265e-06 |  -4.3674707393628265e-06 | 1
  2, 13 |  -6.5859028578845407e-05 |  -6.5859028578845407e-05 | 1
  2, 14 |  -1.6893536199228340e-08 |  -1.6893536199228340e-08 | 1
  2, 15 |   6.4932464561584833e-05 |   6.4932464561584833e-05 | 1
  2, 16 |   2.1720950051397250e-04 |   2.1720950051397250e-04 | 1
  3,  1 |   1.1507811909155221e-04 |   1.1507811909155221e-04 | 1
  3,  2 |  -6.1402723285849654e-04 |  -6.1402723285849654e-04 | 1
  3,  3 |   1.9161216905507639e-02 |   1.9161216905507639e-02 | 1
  3,  4 |   6.5617476876535762e-04 |   6.5617476876535762e-04 | 1
  3,  5 |  -9.2346279140937521e-04 |  -9.2346279140937521e-04 | 1
  3,  6 |   1.3229461608503267e-03 |   1.3229461608503267e-03 | 1
  3,  7 |   7.2572743615721973e-05 |   7.2572743615721973e-05 | 1
  3,  8 |  -1.7907113925842767e-03 |  -1.7907113925842767e-03 | 1
  3,  9 |   1.2435065171261681e-02 |   1.2435065171261681e-02 | 1
  3, 10 |  -1.8223881543384085e-02 |  -1.8223881543384085e-02 | 1
  3, 11 |  -2.4229563098122527e-05 |  -2.4229563098122527e-05 | 1
  3, 12 |   1.3046399192459163e-04 |   1.3046399192459163e-04 | 1
  3, 13 |  -1.5635020292103998e-04 |  -1.5635020292103998e-04 | 1
  3, 14 |  -3.5876144039605755e-08 |  -3.5876144039605755e-08 | 1
  3, 15 |   9.1330792555877814e-05 |   9.1330792555877814e-05 | 1
  3, 16 |   1.7754343761013254e-03 |   1.7754343761013254e-03 | 1
  4,  1 |   5.9429192061689459e-05 |   5.9429192061689459e-05 | 1
  4,  2 |   2.4464670069430553e-05 |   2.4464670069430553e-05 | 1
  4,  3 |   6.5617476876535762e-04 |   6.5617476876535762e-04 | 1
  4,  4 |   3.1346742535721672e-02 |   3.1346742535721672e-02 | 1
  4,  5 |   2.5403434201065246e-06 |   2.5403434201065246e-06 | 1
  4,  6 |   6.7575548612729358e-05 |   6.7575548612729358e-05 | 1
  4,  7 |   3.7600315482783648e-05 |   3.7600315482783648e-05 | 1
  4,  8 |  -7.8669716190223651e-05 |  -7.8669716190223651e-05 | 1
  4,  9 |   2.6706904653126906e-04 |   2.6706904653126906e-04 | 1
  4, 10 |  -2.4488435380791928e-04 |  -2.4488435380791928e-04 | 1
  4, 11 |  -1.0542985191016358e-05 |  -1.0542985191016358e-05 | 1
  4, 12 |   6.4799763857372151e-06 |   6.4799763857372151e-06 | 1
  4, 13 |  -4.2023921096757387e-05 |  -4.2023921096757387e-05 | 1
  4, 14 |  -2.0508080114270965e-08 |  -2.0508080114270965e-08 | 1
  4, 15 |   4.9061747267467086e-05 |   4.9061747267467086e-05 | 1
  4, 16 |   7.9500546009569705e-05 |   7.9500546009569705e-05 | 1
  5,  1 |   9.9006362936790749e-05 |   9.9006362936790749e-05 | 1
  5,  2 |   1.6232712600190111e-04 |   1.6232712600190111e-04 | 1
  5,  3 |  -9.2346279140937521e-04 |  -9.2346279140937521e-04 | 1
  5,  4 |   2.5403434201065246e-06 |   2.5403434201065246e-06 | 1
  5,  5 |   1.2474079132618686e-02 |   1.2474079132618686e-02 | 1
  5,  6 |   6.7224234503075655e-05 |   6.7224234503075655e-05 | 1
  5,  7 |   1.2472155613389729e-04 |   1.2472155613389729e-04 | 1
  5,  8 |   1.8149066014890022e-04 |   1.8149066014890022e-04 | 1
  5,  9 |  -6.2381891815401391e-04 |  -6.2381891815401391e-04 | 1
  5, 10 |   7.8633517445546666e-04 |   7.8633517445546666e-04 | 1
  5, 11 |  -5.6380304782327413e-05 |  -5.6380304782327413e-05 | 1
  5, 12 |  -5.5746050157102421e-05 |  -5.5746050157102421e-05 | 1
  5, 13 |  -7.8060996361492844e-05 |  -7.8060996361492844e-05 | 1
  5, 14 |  -1.3575124923511662e-08 |  -1.3575124923511662e-08 | 1
  5, 15 |   1.0620261755145732e-04 |   1.0620261755145732e-04 | 1
  5, 16 |  -1.7473850926445279e-04 |  -1.7473850926445279e-04 | 1
  6,  1 |   5.9609171116218401e-05 |   5.9609171116218401e-05 | 1
  6,  2 |   3.1507632551130326e-05 |   3.1507632551130326e-05 | 1
  6,  3 |   1.3229461608503267e-03 |   1.3229461608503267e-03 | 1
  6,  4 |   6.7575548612729358e-05 |   6.7575548612729358e-05 | 1
  6,  5 |   6.7224234503075655e-05 |   6.7224234503075655e-05 | 1
  6,  6 |   8.8604763780817351e-03 |   8.8604763780817351e-03 | 1
  6,  7 |   5.9376062283760616e-05 |   5.9376062283760616e-05 | 1
  6,  8 |  -7.5965144365130739e-05 |  -7.5965144365130739e-05 | 1
  6,  9 |   8.5642073742277073e-04 |   8.5642073742277073e-04 | 1
  6, 10 |  -1.3351478595686316e-03 |  -1.3351478595686316e-03 | 1
  6, 11 |  -3.4170295464459587e-05 |  -3.4170295464459587e-05 | 1
  6, 12 |  -7.1216178080274591e-06 |  -7.1216178080274591e-06 | 1
  6, 13 |  -4.9356557537571415e-05 |  -4.9356557537571415e-05 | 1
  6, 14 |  -1.1526010562609981e-08 |  -1.1526010562609981e-08 | 1
  6, 15 |   6.0576963507269613e-05 |   6.0576963507269613e-05 | 1
  6, 16 |   7.5143536953995463e-05 |   7.5143536953995463e-05 | 1
  7,  1 |   7.7825180617361705e-05 |   7.7825180617361705e-05 | 1
  7,  2 |   6.5628450456798086e-05 |   6.5628450456798086e-05 | 1
  7,  3 |   7.2572743615721973e-05 |   7.2572743615721973e-05 | 1
  7,  4 |   3.7600315482783648e-05 |   3.7600315482783648e-05 | 1
  7,  5 |   1.2472155613389729e-04 |   1.2472155613389729e-04 | 1
  7,  6 |   5.9376062283760616e-05 |   5.9376062283760616e-05 | 1
  7,  7 |   7.2892762022094988e-04 |   7.2892762022094988e-04 | 1
  7,  8 |   3.5889736794655121e-05 |   3.5889736794655121e-05 | 1
  7,  9 |  -2.0694930368329281e-05 |  -2.0694930368329281e-05 | 1
  7, 10 |   4.5583850732162139e-05 |   4.5583850732162139e-05 | 1
  7, 11 |  -1.8392807379579367e-05 |  -1.8392807379579367e-05 | 1
  7, 12 |  -4.2070661553849335e-05 |  -4.2070661553849335e-05 | 1
  7, 13 |  -5.8806368305104031e-05 |  -5.8806368305104031e-05 | 1
  7, 14 |  -1.6601754375012313e-08 |  -1.6601754375012313e-08 | 1
  7, 15 |   7.4811751428136266e-05 |   7.4811751428136266e-05 | 1
  7, 16 |  -2.8915734521337955e-05 |  -2.8915734521337955e-05 | 1
  8,  1 |   7.8929952528966739e-06 |   7.8929952528966739e-06 | 1
  8,  2 |  -2.1597417197753653e-04 |  -2.1597417197753653e-04 | 1
  8,  3 |  -1.7907113925842767e-03 |  -1.7907113925842767e-03 | 1
  8,  4 |  -7.8669716190223651e-05 |  -7.8669716190223651e-05 | 1
  8,  5 |   1.8149066014890022e-04 |   1.8149066014890022e-04 | 1
  8,  6 |  -7.5965144365130739e-05 |  -7.5965144365130739e-05 | 1
  8,  7 |   3.5889736794655121e-05 |   3.5889736794655121e-05 | 1
  8,  8 |   4.0438900708650787e-04 |   4.0438900708650787e-04 | 1
  8,  9 |  -1.0422315231667495e-03 |  -1.0422315231667495e-03 | 1
  8, 10 |   1.3241693639562493e-03 |   1.3241693639562493e-03 | 1
  8, 11 |  -2.6239465657594191e-06 |  -2.6239465657594191e-06 | 1
  8, 12 |  -2.1630287542858577e-05 |  -2.1630287542858577e-05 | 1
  8, 13 |   1.7329967229532485e-06 |   1.7329967229532485e-06 | 1
  8, 14 |  -9.6542457574543281e-10 |  -9.6542457574543281e-10 | 1
  8, 15 |   9.2450355060762832e-06 |   9.2450355060762832e-06 | 1
  8, 16 |  -4.0153640093764460e-04 |  -4.0153640093764460e-04 | 1
  9,  1 |  -5.5312427516948914e-05 |  -5.5312427516948914e-05 | 1
  9,  2 |  -4.6448331006370791e-04 |  -4.6448331006370791e-04 | 1
  9,  3 |   1.2435065171261681e-02 |   1.2435065171261681e-02 | 1
  9,  4 |   2.6706904653126906e-04 |   2.6706904653126906e-04 | 1
  9,  5 |  -6.2381891815401391e-04 |  -6.2381891815401391e-04 | 1
  9,  6 |   8.5642073742277073e-04 |   8.5642073742277073e-04 | 1
  9,  7 |  -2.0694930368329281e-05 |  -2.0694930368329281e-05 | 1
  9,  8 |  -1.0422315231667495e-03 |  -1.0422315231667495e-03 | 1
  9,  9 |   8.6464293178347834e-03 |   8.6464293178347834e-03 | 1
  9, 10 |  -1.3323997732254102e-02 |  -1.3323997732254102e-02 | 1
  9, 11 |   2.2202677642569227e-05 |   2.2202677642569227e-05 | 1
  9, 12 |   1.0630208443120876e-04 |   1.0630208443120876e-04 | 1
  9, 13 |   9.0158300475343571e-06 |   9.0158300475343571e-06 | 1
  9, 14 |   6.9167176542593798e-09 |   6.9167176542593798e-09 | 1
  9, 15 |  -6.2392224104508993e-05 |  -6.2392224104508993e-05 | 1
  9, 16 |   1.0293365455063572e-03 |   1.0293365455063572e-03 | 1
 10,  1 |   1.5943072649498489e-04 |   1.5943072649498489e-04 | 1
 10,  2 |   6.4150899057417114e-04 |   6.4150899057417114e-04 | 1
 10,  3 |  -1.8223881543384085e-02 |  -1.8223881543384085e-02 | 1
 10,  4 |  -2.4488435380791928e-04 |  -2.4488435380791928e-04 | 1
 10,  5 |   7.8633517445546666e-04 |   7.8633517445546666e-04 | 1
 10,  6 |  -1.3351478595686316e-03 |  -1.3351478595686316e-03 | 1
 10,  7 |   4.5583850732162139e-05 |   4.5583850732162139e-05 | 1
 10,  8 |   1.3241693639562493e-03 |   1.3241693639562493e-03 | 1
 10,  9 |  -1.3323997732254102e-02 |  -1.3323997732254102e-02 | 1
 10, 10 |   2.2219132463548553e-02 |   2.2219132463548553e-02 | 1
 10, 11 |  -6.4313080991378499e-05 |  -6.4313080991378499e-05 | 1
 10, 12 |  -1.9679741314971406e-04 |  -1.9679741314971406e-04 | 1
 10, 13 |  -6.1355924827812366e-05 |  -6.1355924827812366e-05 | 1
 10, 14 |  -2.7416467309414219e-08 |  -2.7416467309414219e-08 | 1
 10, 15 |   1.6906638703491998e-04 |   1.6906638703491998e-04 | 1
 10, 16 |  -1.3018696050727679e-03 |  -1.3018696050727679e-03 | 1
 11,  1 |  -1.8667276949837686e-05 |  -1.8667276949837686e-05 | 1
 11,  2 |  -1.6756244356250810e-05 |  -1.6756244356250810e-05 | 1
 11,  3 |  -2.4229563098122527e-05 |  -2.4229563098122527e-05 | 1
 11,  4 |  -1.0542985191016358e-05 |  -1.0542985191016358e-05 | 1
 11,  5 |  -5.6380304782327413e-05 |  -5.6380304782327413e-05 | 1
 11,  6 |  -3.4170295464459587e-05 |  -3.4170295464459587e-05 | 1
 11,  7 |  -1.8392807379579367e-05 |  -1.8392807379579367e-05 | 1
 11,  8 |  -2.6239465657594191e-06 |  -2.6239465657594191e-06 | 1
 11,  9 |   2.2202677642569227e-05 |   2.2202677642569227e-05 | 1
 11, 10 |  -6.4313080991378499e-05 |  -6.4313080991378499e-05 | 1
 11, 11 |   3.7618343281790253e-05 |   3.7618343281790253e-05 | 1
 11, 12 |   2.6832811148577516e-05 |   2.6832811148577516e-05 | 1
 11, 13 |   1.2182680968774495e-07 |   1.2182680968774495e-07 | 1
 11, 14 |  -1.4082501921952155e-09 |  -1.4082501921952155e-09 | 1
 11, 15 |  -2.8860362282172033e-05 |  -2.8860362282172033e-05 | 1
 11, 16 |   4.2150642694019997e-06 |   4.2150642694019997e-06 | 1
 12,  1 |  -1.7534881272673230e-05 |  -1.7534881272673230e-05 | 1
 12,  2 |  -4.3674707393628265e-06 |  -4.3674707393628265e-06 | 1
 12,  3 |   1.3046399192459163e-04 |   1.3046399192459163e-04 | 1
 12,  4 |   6.4799763857372151e-06 |   6.4799763857372151e-06 | 1
 12,  5 |  -5.5746050157102421e-05 |  -5.5746050157102421e-05 | 1
 12,  6 |  -7.1216178080274591e-06 |  -7.1216178080274591e-06 | 1
 12,  7 |  -4.2070661553849335e-05 |  -4.2070661553849335e-05 | 1
 12,  8 |  -2.1630287542858577e-05 |  -2.1630287542858577e-05 | 1
 12,  9 |   1.0630208443120876e-04 |   1.0630208443120876e-04 | 1
 12, 10 |  -1.9679741314971406e-04 |  -1.9679741314971406e-04 | 1
 12, 11 |   2.6832811148577516e-05 |   2.6832811148577516e-05 | 1
 12, 12 |   4.8543388414424877e-05 |   4.8543388414424877e-05 | 1
 12, 13 |  -6.9046950659576086e-07 |  -6.9046950659576086e-07 | 1
 12, 14 |  -3.0888828868926469e-09 |  -3.0888828868926469e-09 | 1
 12, 15 |  -2.7652099911648093e-05 |  -2.7652099911648093e-05 | 1
 12, 16 |   1.7487325597529794e-05 |   1.7487325597529794e-05 | 1
 13,  1 |  -5.7053524393060466e-05 |  -5.7053524393060466e-05 | 1
 13,  2 |  -6.5859028578845407e-05 |  -6.5859028578845407e-05 | 1
 13,  3 |  -1.5635020292103998e-04 |  -1.5635020292103998e-04 | 1
 13,  4 |  -4.2023921096757387e-05 |  -4.2023921096757387e-05 | 1
 13,  5 |  -7.8060996361492844e-05 |  -7.8060996361492844e-05 | 1
 13,  6 |  -4.9356557537571415e-05 |  -4.9356557537571415e-05 | 1
 13,  7 |  -5.8806368305104031e-05 |  -5.8806368305104031e-05 | 1
 13,  8 |   1.7329967229532485e-06 |   1.7329967229532485e-06 | 1
 13,  9 |   9.0158300475343571e-06 |   9.0158300475343571e-06 | 1
 13, 10 |  -6.1355924827812366e-05 |  -6.1355924827812366e-05 | 1
 13, 11 |   1.2182680968774495e-07 |   1.2182680968774495e-07 | 1
 13, 12 |  -6.9046950659576086e-07 |  -6.9046950659576086e-07 | 1
 13, 13 |   1.0843894892440129e-04 |   1.0843894892440129e-04 | 1
 13, 14 |   1.0583279254692883e-09 |   1.0583279254692883e-09 | 1
 13, 15 |  -5.6235881823970920e-05 |  -5.6235881823970920e-05 | 1
 13, 16 |  -1.0629772520808790e-05 |  -1.0629772520808790e-05 | 1
 14,  1 |  -2.2859180851171008e-08 |  -2.2859180851171008e-08 | 1
 14,  2 |  -1.6893536199228340e-08 |  -1.6893536199228340e-08 | 1
 14,  3 |  -3.5876144039605755e-08 |  -3.5876144039605755e-08 | 1
 14,  4 |  -2.0508080114270965e-08 |  -2.0508080114270965e-08 | 1
 14,  5 |  -1.3575124923511662e-08 |  -1.3575124923511662e-08 | 1
 14,  6 |  -1.1526010562609981e-08 |  -1.1526010562609981e-08 | 1
 14,  7 |  -1.6601754375012313e-08 |  -1.6601754375012313e-08 | 1
 14,  8 |  -9.6542457574543281e-10 |  -9.6542457574543281e-10 | 1
 14,  9 |   6.9167176542593798e-09 |   6.9167176542593798e-09 | 1
 14, 10 |  -2.7416467309414219e-08 |  -2.7416467309414219e-08 | 1
 14, 11 |  -1.4082501921952155e-09 |  -1.4082501921952155e-09 | 1
 14, 12 |  -3.0888828868926469e-09 |  -3.0888828868926469e-09 | 1
 14, 13 |   1.0583279254692883e-09 |   1.0583279254692883e-09 | 1
 14, 14 |   1.3318121472041044e-11 |   1.3318121472041044e-11 | 1
 14, 15 |  -1.4810012914897275e-08 |  -1.4810012914897275e-08 | 1
 14, 16 |   2.7522473135084887e-09 |   2.7522473135084887e-09 | 1
 15,  1 |   7.3124625258801589e-05 |   7.3124625258801589e-05 | 1
 15,  2 |   6.4932464561584833e-05 |   6.4932464561584833e-05 | 1
 15,  3 |   9.1330792555877814e-05 |   9.1330792555877814e-05 | 1
 15,  4 |   4.9061747267467086e-05 |   4.9061747267467086e-05 | 1
 15,  5 |   1.0620261755145732e-04 |   1.0620261755145732e-04 | 1
 15,  6 |   6.0576963507269613e-05 |   6.0576963507269613e-05 | 1
 15,  7 |   7.4811751428136266e-05 |   7.4811751428136266e-05 | 1
 15,  8 |   9.2450355060762832e-06 |   9.2450355060762832e-06 | 1
 15,  9 |  -6.2392224104508993e-05 |  -6.2392224104508993e-05 | 1
 15, 10 |   1.6906638703491998e-04 |   1.6906638703491998e-04 | 1
 15, 11 |  -2.8860362282172033e-05 |  -2.8860362282172033e-05 | 1
 15, 12 |  -2.7652099911648093e-05 |  -2.7652099911648093e-05 | 1
 15, 13 |  -5.6235881823970920e-05 |  -5.6235881823970920e-05 | 1
 15, 14 |  -1.4810012914897275e-08 |  -1.4810012914897275e-08 | 1
 15, 15 |   2.1750200546233979e-04 |   2.1750200546233979e-04 | 1
 15, 16 |  -1.4906874384652610e-04 |  -1.4906874384652610e-04 | 1
 16,  1 |  -5.5715983934746152e-06 |  -5.5715983934746152e-06 | 1
 16,  2 |   2.1720950051397250e-04 |   2.1720950051397250e-04 | 1
 16,  3 |   1.7754343761013254e-03 |   1.7754343761013254e-03 | 1
 16,  4 |   7.9500546009569705e-05 |   7.9500546009569705e-05 | 1
 16,  5 |  -1.7473850926445279e-04 |  -1.7473850926445279e-04 | 1
 16,  6 |   7.5143536953995463e-05 |   7.5143536953995463e-05 | 1
 16,  7 |  -2.8915734521337955e-05 |  -2.8915734521337955e-05 | 1
 16,  8 |  -4.0153640093764460e-04 |  -4.0153640093764460e-04 | 1
 16,  9 |   1.0293365455063572e-03 |   1.0293365455063572e-03 | 1
 16, 10 |  -1.3018696050727679e-03 |  -1.3018696050727679e-03 | 1
 16, 11 |   4.2150642694019997e-06 |   4.2150642694019997e-06 | 1
 16, 12 |   1.7487325597529794e-05 |   1.7487325597529794e-05 | 1
 16, 13 |  -1.0629772520808790e-05 |  -1.0629772520808790e-05 | 1
 16, 14 |   2.7522473135084887e-09 |   2.7522473135084887e-09 | 1
 16, 15 |  -1.4906874384652610e-04 |  -1.4906874384652610e-04 | 1
 16, 16 |   8.8520204460682504e-04 |   8.8520204460682504e-04 | 1
