row,col | V_base                   | V_new                    | equal
  1,  1 |   4.4041162429517451e-04 |   4.4041162429517451e-04 | 1
  1,  2 |   3.4393266017900887e-04 |   3.4393266017900887e-04 | 1
  1,  3 |   3.4761344913300952e-04 |   3.4761344913300952e-04 | 1
  1,  4 |   5.1746165512194810e-04 |   5.1746165512194810e-04 | 1
  1,  5 |   8.6726695181764705e-04 |   8.6726695181764705e-04 | 1
  1,  6 |   2.3182763530335977e-04 |   2.3182763530335977e-04 | 1
  1,  7 |   5.6559577506781430e-04 |   5.6559577506781430e-04 | 1
  1,  8 |   4.4821688805014674e-04 |   4.4821688805014674e-04 | 1
  1,  9 |   2.7879081016589824e-04 |   2.7879081016589824e-04 | 1
  1, 10 |  -9.8255799889645270e-05 |  -9.8255799889645270e-05 | 1
  1, 11 |   1.3946073238773986e-04 |   1.3946073238773986e-04 | 1
  1, 12 |   4.1208777557871844e-04 |   4.1208777557871844e-04 | 1
  2,  1 |   3.4393266017900887e-04 |   3.4393266017900887e-04 | 1
  2,  2 |   6.0538738905457207e-04 |   6.0538738905457207e-04 | 1
  2,  3 |   5.0893577422646578e-04 |   5.0893577422646578e-04 | 1
  2,  4 |   2.1371278768344418e-04 |   2.1371278768344418e-04 | 1
  2,  5 |  -2.5348495513257703e-04 |  -2.5348495513257703e-04 | 1
  2,  6 |   8.5857000322966102e-04 |   8.5857000322966102e-04 | 1
  2,  7 |   1.7799396033233854e-04 |   1.7799396033233854e-04 | 1
  2,  8 |   3.2383644452635196e-04 |   3.2383644452635196e-04 | 1
  2,  9 |   6.8236626426955915e-04 |   6.8236626426955915e-04 | 1
  2, 10 |   1.2764470950468428e-03 |   1.2764470950468428e-03 | 1
  2, 11 |   9.7575587000792770e-04 |   9.7575587000792770e-04 | 1
  2, 12 |   4.8054933288759437e-04 |   4.8054933288759437e-04 | 1
  3,  1 |   3.4761344913300952e-04 |   3.4761344913300952e-04 | 1
  3,  2 |   5.0893577422646578e-04 |   5.0893577422646578e-04 | 1
  3,  3 |   5.4045107589721902e-04 |   5.4045107589721902e-04 | 1
  3,  4 |   2.1787295067332622e-04 |   2.1787295067332622e-04 | 1
  3,  5 |  -2.4722012195148118e-04 |  -2.4722012195148118e-04 | 1
  3,  6 |   8.6129899780939059e-04 |   8.6129899780939059e-04 | 1
  3,  7 |   1.8259355408399406e-04 |   1.8259355408399406e-04 | 1
  3,  8 |   3.2768517999130862e-04 |   3.2768517999130862e-04 | 1
  3,  9 |   6.8530845929500104e-04 |   6.8530845929500104e-04 | 1
  3, 10 |   1.2772764799636278e-03 |   1.2772764799636278e-03 | 1
  3, 11 |   9.7809206527013247e-04 |   9.7809206527013247e-04 | 1
  3, 12 |   4.8436798328283306e-04 |   4.8436798328283306e-04 | 1
  4,  1 |   5.1746165512194810e-04 |   5.1746165512194810e-04 | 1
  4,  2 |   2.1371278768344418e-04 |   2.1371278768344418e-04 | 1
  4,  3 |   2.1787295067332622e-04 |   2.1787295067332622e-04 | 1
  4,  4 |   1.1548426023673258e-03 |   1.1548426023673258e-03 | 1
  4,  5 |   1.9639434638534020e-03 |   1.9639434638534020e-03 | 1
  4,  6 |  -3.3809199833011074e-04 |  -3.3809199833011074e-04 | 1
  4,  7 |   9.6049034478830949e-04 |   9.6049034478830949e-04 | 1
  4,  8 |   5.9097364589904980e-04 |   5.9097364589904980e-04 | 1
  4,  9 |  -8.0593069232661791e-05 |  -8.0593069232661791e-05 | 1
  4, 10 |  -1.3855281129736175e-03 |  -1.3855281129736175e-03 | 1
  4, 11 |  -6.3186467290898135e-04 |  -6.3186467290898135e-04 | 1
  4, 12 |   3.7267369431801607e-04 |   3.7267369431801607e-04 | 1
  5,  1 |   8.6726695181764705e-04 |   8.6726695181764705e-04 | 1
  5,  2 |  -2.5348495513257703e-04 |  -2.5348495513257703e-04 | 1
  5,  3 |  -2.4722012195148118e-04 |  -2.4722012195148118e-04 | 1
  5,  4 |   1.9639434638534020e-03 |   1.9639434638534020e-03 | 1
  5,  5 |   5.9135936189302161e-03 |   5.9135936189302161e-03 | 1
  5,  6 |  -2.3895462538596375e-03 |  -2.3895462538596375e-03 | 1
  5,  7 |   2.3842185184853584e-03 |   2.3842185184853584e-03 | 1
  5,  8 |   1.1064814791979188e-03 |   1.1064814791979188e-03 | 1
  5,  9 |  -1.3730520155483285e-03 |  -1.3730520155483285e-03 | 1
  5, 10 |  -6.0180369970012837e-03 |  -6.0180369970012837e-03 | 1
  5, 11 |  -3.4064766781310169e-03 |  -3.4064766781310169e-03 | 1
  5, 12 |   2.3314161250945014e-04 |   2.3314161250945014e-04 | 1
  6,  1 |   2.3182763530335977e-04 |   2.3182763530335977e-04 | 1
  6,  2 |   8.5857000322966102e-04 |   8.5857000322966102e-04 | 1
  6,  3 |   8.6129899780939059e-04 |   8.6129899780939059e-04 | 1
  6,  4 |  -3.3809199833011074e-04 |  -3.3809199833011074e-04 | 1
  6,  5 |  -2.3895462538596375e-03 |  -2.3895462538596375e-03 | 1
  6,  6 |   2.1217765035362775e-03 |   2.1217765035362775e-03 | 1
  6,  7 |  -5.3545030430661770e-04 |  -5.3545030430661770e-04 | 1
  6,  8 |   1.2018684998362268e-04 |   1.2018684998362268e-04 | 1
  6,  9 |   1.5078045261030736e-03 |   1.5078045261030736e-03 | 1
  6, 10 |   3.9881962348198097e-03 |   3.9881962348198097e-03 | 1
  6, 11 |   2.6442850069137540e-03 |   2.6442850069137540e-03 | 1
  6, 12 |   6.5505999182846868e-04 |   6.5505999182846868e-04 | 1
  7,  1 |   5.6559577506781430e-04 |   5.6559577506781430e-04 | 1
  7,  2 |   1.7799396033233854e-04 |   1.7799396033233854e-04 | 1
  7,  3 |   1.8259355408399406e-04 |   1.8259355408399406e-04 | 1
  7,  4 |   9.6049034478830949e-04 |   9.6049034478830949e-04 | 1
  7,  5 |   2.3842185184853584e-03 |   2.3842185184853584e-03 | 1
  7,  6 |  -5.3545030430661770e-04 |  -5.3545030430661770e-04 | 1
  7,  7 |   1.1529264829082224e-03 |   1.1529264829082224e-03 | 1
  7,  8 |   6.5634739655192991e-04 |   6.5634739655192991e-04 | 1
  7,  9 |  -2.0064246697257826e-04 |  -2.0064246697257826e-04 | 1
  7, 10 |  -1.8498946904362957e-03 |  -1.8498946904362957e-03 | 1
  7, 11 |  -9.0364424844912271e-04 |  -9.0364424844912271e-04 | 1
  7, 12 |   3.7191540818093979e-04 |   3.7191540818093979e-04 | 1
  8,  1 |   4.4821688805014674e-04 |   4.4821688805014674e-04 | 1
  8,  2 |   3.2383644452635196e-04 |   3.2383644452635196e-04 | 1
  8,  3 |   3.2768517999130862e-04 |   3.2768517999130862e-04 | 1
  8,  4 |   5.9097364589904980e-04 |   5.9097364589904980e-04 | 1
  8,  5 |   1.1064814791979188e-03 |   1.1064814791979188e-03 | 1
  8,  6 |   1.2018684998362268e-04 |   1.2018684998362268e-04 | 1
  8,  7 |   6.5634739655192991e-04 |   6.5634739655192991e-04 | 1
  8,  8 |   8.3980047731930163e-04 |   8.3980047731930163e-04 | 1
  8,  9 |   2.1090352082793210e-04 |   2.1090352082793210e-04 | 1
  8, 10 |  -3.6181716781346046e-04 |  -3.6181716781346046e-04 | 1
  8, 11 |  -1.4768807200654291e-05 |  -1.4768807200654291e-05 | 1
  8, 12 |   4.1170557605195706e-04 |   4.1170557605195706e-04 | 1
  9,  1 |   2.7879081016589824e-04 |   2.7879081016589824e-04 | 1
  9,  2 |   6.8236626426955915e-04 |   6.8236626426955915e-04 | 1
  9,  3 |   6.8530845929500104e-04 |   6.8530845929500104e-04 | 1
  9,  4 |  -8.0593069232661791e-05 |  -8.0593069232661791e-05 | 1
  9,  5 |  -1.3730520155483285e-03 |  -1.3730520155483285e-03 | 1
  9,  6 |   1.5078045261030736e-03 |   1.5078045261030736e-03 | 1
  9,  7 |  -2.0064246697257826e-04 |  -2.0064246697257826e-04 | 1
  9,  8 |   2.1090352082793210e-04 |   2.1090352082793210e-04 | 1
  9,  9 |   2.7062695406557002e-03 |   2.7062695406557002e-03 | 1
  9, 10 |   2.6807186554366463e-03 |   2.6807186554366463e-03 | 1
  9, 11 |   1.8364951495369649e-03 |   1.8364951495369649e-03 | 1
  9, 12 |   5.6392032162275066e-04 |   5.6392032162275066e-04 | 1
 10,  1 |  -9.8255799889645270e-05 |  -9.8255799889645270e-05 | 1
 10,  2 |   1.2764470950468428e-03 |   1.2764470950468428e-03 | 1
 10,  3 |   1.2772764799636278e-03 |   1.2772764799636278e-03 | 1
 10,  4 |  -1.3855281129736175e-03 |  -1.3855281129736175e-03 | 1
 10,  5 |  -6.0180369970012837e-03 |  -6.0180369970012837e-03 | 1
 10,  6 |   3.9881962348198097e-03 |   3.9881962348198097e-03 | 1
 10,  7 |  -1.8498946904362957e-03 |  -1.8498946904362957e-03 | 1
 10,  8 |  -3.6181716781346046e-04 |  -3.6181716781346046e-04 | 1
 10,  9 |   2.6807186554366463e-03 |   2.6807186554366463e-03 | 1
 10, 10 |   9.2243868103408268e-03 |   9.2243868103408268e-03 | 1
 10, 11 |   5.1747348275073936e-03 |   5.1747348275073936e-03 | 1
 10, 12 |   7.7243644045093391e-04 |   7.7243644045093391e-04 | 1
 11,  1 |   1.3946073238773986e-04 |   1.3946073238773986e-04 | 1
 11,  2 |   9.7575587000792770e-04 |   9.7575587000792770e-04 | 1
 11,  3 |   9.7809206527013247e-04 |   9.7809206527013247e-04 | 1
 11,  4 |  -6.3186467290898135e-04 |  -6.3186467290898135e-04 | 1
 11,  5 |  -3.4064766781310169e-03 |  -3.4064766781310169e-03 | 1
 11,  6 |   2.6442850069137540e-03 |   2.6442850069137540e-03 | 1
 11,  7 |  -9.0364424844912271e-04 |  -9.0364424844912271e-04 | 1
 11,  8 |  -1.4768807200654291e-05 |  -1.4768807200654291e-05 | 1
 11,  9 |   1.8364951495369649e-03 |   1.8364951495369649e-03 | 1
 11, 10 |   5.1747348275073936e-03 |   5.1747348275073936e-03 | 1
 11, 11 |   3.5237917953574831e-03 |   3.5237917953574831e-03 | 1
 11, 12 |   6.8832878192692229e-04 |   6.8832878192692229e-04 | 1
 12,  1 |   4.1208777557871844e-04 |   4.1208777557871844e-04 | 1
 12,  2 |   4.8054933288759437e-04 |   4.8054933288759437e-04 | 1
 12,  3 |   4.8436798328283306e-04 |   4.8436798328283306e-04 | 1
 12,  4 |   3.7267369431801607e-04 |   3.7267369431801607e-04 | 1
 12,  5 |   2.3314161250945014e-04 |   2.3314161250945014e-04 | 1
 12,  6 |   6.5505999182846868e-04 |   6.5505999182846868e-04 | 1
 12,  7 |   3.7191540818093979e-04 |   3.7191540818093979e-04 | 1
 12,  8 |   4.1170557605195706e-04 |   4.1170557605195706e-04 | 1
 12,  9 |   5.6392032162275066e-04 |   5.6392032162275066e-04 | 1
 12, 10 |   7.7243644045093391e-04 |   7.7243644045093391e-04 | 1
 12, 11 |   6.8832878192692229e-04 |   6.8832878192692229e-04 | 1
 12, 12 |   7.0340364847060655e-04 |   7.0340364847060655e-04 | 1
