row,col | V_base                   | V_new                    | equal
  1,  1 |   1.3648099588683281e-03 |   1.3648099588683281e-03 | 1
  1,  2 |   1.1992947880377692e-03 |   1.1992947880377692e-03 | 1
  1,  3 |   2.3288090675163247e-04 |   2.3288090675163247e-04 | 1
  1,  4 |   3.6418736653161003e-03 |   3.6418736653161003e-03 | 1
  1,  5 |   4.7197821074302347e-04 |   4.7197821074302347e-04 | 1
  1,  6 |   1.4739754261633240e-03 |   1.4739754261633240e-03 | 1
  1,  7 |   4.1845614037754508e-04 |   4.1845614037754508e-04 | 1
  1,  8 |   1.2688373474883637e-04 |   1.2688373474883637e-04 | 1
  1,  9 |  -1.9802871927571135e-03 |  -1.9802871927571135e-03 | 1
  1, 10 |   9.9544811546393198e-03 |   9.9544811546393198e-03 | 1
  1, 11 |   1.5110910211583685e-03 |   1.5110910211583685e-03 | 1
  1, 12 |  -1.0129792213537522e-03 |  -1.0129792213537522e-03 | 1
  2,  1 |   1.1992947880377692e-03 |   1.1992947880377692e-03 | 1
  2,  2 |   9.7407943687145872e-03 |   9.7407943687145872e-03 | 1
  2,  3 |   1.2905626573261255e-03 |   1.2905626573261255e-03 | 1
  2,  4 |   8.9431609976990175e-03 |   8.9431609976990175e-03 | 1
  2,  5 |   5.4224336405364398e-03 |   5.4224336405364398e-03 | 1
  2,  6 |   4.2883210083555241e-03 |   4.2883210083555241e-03 | 1
  2,  7 |   1.0768268126068255e-03 |   1.0768268126068255e-03 | 1
  2,  8 |  -3.1767819597526147e-03 |  -3.1767819597526147e-03 | 1
  2,  9 |  -1.2300272595812723e-02 |  -1.2300272595812723e-02 | 1
  2, 10 |   1.5592226111505406e-02 |   1.5592226111505406e-02 | 1
  2, 11 |   2.1390249723832232e-03 |   2.1390249723832232e-03 | 1
  2, 12 |   1.4932421750830340e-02 |   1.4932421750830340e-02 | 1
  3,  1 |   2.3288090675163247e-04 |   2.3288090675163247e-04 | 1
  3,  2 |   1.2905626573261255e-03 |   1.2905626573261255e-03 | 1
  3,  3 |   1.8838613308063239e-04 |   1.8838613308063239e-04 | 1
  3,  4 |   1.7050874610326739e-03 |   1.7050874610326739e-03 | 1
  3,  5 |   6.7353223455112919e-04 |   6.7353223455112919e-04 | 1
  3,  6 |   6.4566039156640533e-04 |   6.4566039156640533e-04 | 1
  3,  7 |   9.2251627361103234e-05 |   9.2251627361103234e-05 | 1
  3,  8 |  -3.0256764483839612e-04 |  -3.0256764483839612e-04 | 1
  3,  9 |  -1.9539068949164882e-03 |  -1.9539068949164882e-03 | 1
  3, 10 |   4.1847776284282580e-03 |   4.1847776284282580e-03 | 1
  3, 11 |   3.3264623295461548e-04 |   3.3264623295461548e-04 | 1
  3, 12 |   1.6526928347946582e-03 |   1.6526928347946582e-03 | 1
  4,  1 |   3.6418736653161003e-03 |   3.6418736653161003e-03 | 1
  4,  2 |   8.9431609976990175e-03 |   8.9431609976990175e-03 | 1
  4,  3 |   1.7050874610326739e-03 |   1.7050874610326739e-03 | 1
  4,  4 |   5.1243795725686637e-02 |   5.1243795725686637e-02 | 1
  4,  5 |   4.3177893119136399e-04 |   4.3177893119136399e-04 | 1
  4,  6 |   9.4387162656914287e-03 |   9.4387162656914287e-03 | 1
  4,  7 |   1.2322644751577160e-03 |   1.2322644751577160e-03 | 1
  4,  8 |   4.7371943041500219e-04 |   4.7371943041500219e-04 | 1
  4,  9 |  -1.6667162805609516e-02 |  -1.6667162805609516e-02 | 1
  4, 10 |   5.6616573756718906e-02 |   5.6616573756718906e-02 | 1
  4, 11 |   3.7461321917950348e-03 |   3.7461321917950348e-03 | 1
  4, 12 |   5.3294606477219710e-03 |   5.3294606477219710e-03 | 1
  5,  1 |   4.7197821074302347e-04 |   4.7197821074302347e-04 | 1
  5,  2 |   5.4224336405364398e-03 |   5.4224336405364398e-03 | 1
  5,  3 |   6.7353223455112919e-04 |   6.7353223455112919e-04 | 1
  5,  4 |   4.3177893119136399e-04 |   4.3177893119136399e-04 | 1
  5,  5 |   5.2236168118015196e-03 |   5.2236168118015196e-03 | 1
  5,  6 |   3.5325743126053879e-03 |   3.5325743126053879e-03 | 1
  5,  7 |   2.9653087769072591e-04 |   2.9653087769072591e-04 | 1
  5,  8 |  -2.0533496740939745e-03 |  -2.0533496740939745e-03 | 1
  5,  9 |  -6.9487671434604846e-03 |  -6.9487671434604846e-03 | 1
  5, 10 |   3.7377818463733064e-03 |   3.7377818463733064e-03 | 1
  5, 11 |   1.2625538682711494e-03 |   1.2625538682711494e-03 | 1
  5, 12 |   9.7784563276101348e-03 |   9.7784563276101348e-03 | 1
  6,  1 |   1.4739754261633240e-03 |   1.4739754261633240e-03 | 1
  6,  2 |   4.2883210083555241e-03 |   4.2883210083555241e-03 | 1
  6,  3 |   6.4566039156640533e-04 |   6.4566039156640533e-04 | 1
  6,  4 |   9.4387162656914287e-03 |   9.4387162656914287e-03 | 1
  6,  5 |   3.5325743126053879e-03 |   3.5325743126053879e-03 | 1
  6,  6 |   1.0764624093778626e-02 |   1.0764624093778626e-02 | 1
  6,  7 |   2.3717880069253818e-03 |   2.3717880069253818e-03 | 1
  6,  8 |  -8.6581961605764976e-04 |  -8.6581961605764976e-04 | 1
  6,  9 |  -1.4896368358253021e-04 |  -1.4896368358253021e-04 | 1
  6, 10 |  -7.0301141741360654e-03 |  -7.0301141741360654e-03 | 1
  6, 11 |   2.3221151589303880e-03 |   2.3221151589303880e-03 | 1
  6, 12 |   5.1799874978526676e-03 |   5.1799874978526676e-03 | 1
  7,  1 |   4.1845614037754508e-04 |   4.1845614037754508e-04 | 1
  7,  2 |   1.0768268126068255e-03 |   1.0768268126068255e-03 | 1
  7,  3 |   9.2251627361103234e-05 |   9.2251627361103234e-05 | 1
  7,  4 |   1.2322644751577160e-03 |   1.2322644751577160e-03 | 1
  7,  5 |   2.9653087769072591e-04 |   2.9653087769072591e-04 | 1
  7,  6 |   2.3717880069253818e-03 |   2.3717880069253818e-03 | 1
  7,  7 |   4.0156728113305198e-03 |   4.0156728113305198e-03 | 1
  7,  8 |  -5.9766247376023796e-04 |  -5.9766247376023796e-04 | 1
  7,  9 |   5.6937687503990451e-03 |   5.6937687503990451e-03 | 1
  7, 10 |  -1.6982078524104206e-02 |  -1.6982078524104206e-02 | 1
  7, 11 |   1.3049126792666365e-03 |   1.3049126792666365e-03 | 1
  7, 12 |  -1.4539523017534969e-04 |  -1.4539523017534969e-04 | 1
  8,  1 |   1.2688373474883637e-04 |   1.2688373474883637e-04 | 1
  8,  2 |  -3.1767819597526147e-03 |  -3.1767819597526147e-03 | 1
  8,  3 |  -3.0256764483839612e-04 |  -3.0256764483839612e-04 | 1
  8,  4 |   4.7371943041500219e-04 |   4.7371943041500219e-04 | 1
  8,  5 |  -2.0533496740939745e-03 |  -2.0533496740939745e-03 | 1
  8,  6 |  -8.6581961605764976e-04 |  -8.6581961605764976e-04 | 1
  8,  7 |  -5.9766247376023796e-04 |  -5.9766247376023796e-04 | 1
  8,  8 |   1.8481996634413037e-03 |   1.8481996634413037e-03 | 1
  8,  9 |   1.9816455667779438e-03 |   1.9816455667779438e-03 | 1
  8, 10 |   9.0871782469319536e-03 |   9.0871782469319536e-03 | 1
  8, 11 |  -3.3409564633062050e-04 |  -3.3409564633062050e-04 | 1
  8, 12 |  -7.1781991461112339e-03 |  -7.1781991461112339e-03 | 1
  9,  1 |  -1.9802871927571135e-03 |  -1.9802871927571135e-03 | 1
  9,  2 |  -1.2300272595812723e-02 |  -1.2300272595812723e-02 | 1
  9,  3 |  -1.9539068949164882e-03 |  -1.9539068949164882e-03 | 1
  9,  4 |  -1.6667162805609516e-02 |  -1.6667162805609516e-02 | 1
  9,  5 |  -6.9487671434604846e-03 |  -6.9487671434604846e-03 | 1
  9,  6 |  -1.4896368358253021e-04 |  -1.4896368358253021e-04 | 1
  9,  7 |   5.6937687503990451e-03 |   5.6937687503990451e-03 | 1
  9,  8 |   1.9816455667779438e-03 |   1.9816455667779438e-03 | 1
  9,  9 |   3.5083926304980112e-02 |   3.5083926304980112e-02 | 1
  9, 10 |  -9.3009137398673211e-02 |  -9.3009137398673211e-02 | 1
  9, 11 |  -1.9177242804900938e-03 |  -1.9177242804900938e-03 | 1
  9, 12 |  -1.5949366253612880e-02 |  -1.5949366253612880e-02 | 1
 10,  1 |   9.9544811546393198e-03 |   9.9544811546393198e-03 | 1
 10,  2 |   1.5592226111505406e-02 |   1.5592226111505406e-02 | 1
 10,  3 |   4.1847776284282580e-03 |   4.1847776284282580e-03 | 1
 10,  4 |   5.6616573756718906e-02 |   5.6616573756718906e-02 | 1
 10,  5 |   3.7377818463733064e-03 |   3.7377818463733064e-03 | 1
 10,  6 |  -7.0301141741360654e-03 |  -7.0301141741360654e-03 | 1
 10,  7 |  -1.6982078524104206e-02 |  -1.6982078524104206e-02 | 1
 10,  8 |   9.0871782469319536e-03 |   9.0871782469319536e-03 | 1
 10,  9 |  -9.3009137398673211e-02 |  -9.3009137398673211e-02 | 1
 10, 10 |   4.2086857122056676e-01 |   4.2086857122056676e-01 | 1
 10, 11 |   6.9595775792700796e-03 |   6.9595775792700796e-03 | 1
 10, 12 |  -2.2520900720730302e-02 |  -2.2520900720730302e-02 | 1
 11,  1 |   1.5110910211583685e-03 |   1.5110910211583685e-03 | 1
 11,  2 |   2.1390249723832232e-03 |   2.1390249723832232e-03 | 1
 11,  3 |   3.3264623295461548e-04 |   3.3264623295461548e-04 | 1
 11,  4 |   3.7461321917950348e-03 |   3.7461321917950348e-03 | 1
 11,  5 |   1.2625538682711494e-03 |   1.2625538682711494e-03 | 1
 11,  6 |   2.3221151589303880e-03 |   2.3221151589303880e-03 | 1
 11,  7 |   1.3049126792666365e-03 |   1.3049126792666365e-03 | 1
 11,  8 |  -3.3409564633062050e-04 |  -3.3409564633062050e-04 | 1
 11,  9 |  -1.9177242804900938e-03 |  -1.9177242804900938e-03 | 1
 11, 10 |   6.9595775792700796e-03 |   6.9595775792700796e-03 | 1
 11, 11 |   2.2920632083773731e-03 |   2.2920632083773731e-03 | 1
 11, 12 |  -4.1503397049607526e-05 |  -4.1503397049607526e-05 | 1
 12,  1 |  -1.0129792213537522e-03 |  -1.0129792213537522e-03 | 1
 12,  2 |   1.4932421750830340e-02 |   1.4932421750830340e-02 | 1
 12,  3 |   1.6526928347946582e-03 |   1.6526928347946582e-03 | 1
 12,  4 |   5.3294606477219710e-03 |   5.3294606477219710e-03 | 1
 12,  5 |   9.7784563276101348e-03 |   9.7784563276101348e-03 | 1
 12,  6 |   5.1799874978526676e-03 |   5.1799874978526676e-03 | 1
 12,  7 |  -1.4539523017534969e-04 |  -1.4539523017534969e-04 | 1
 12,  8 |  -7.1781991461112339e-03 |  -7.1781991461112339e-03 | 1
 12,  9 |  -1.5949366253612880e-02 |  -1.5949366253612880e-02 | 1
 12, 10 |  -2.2520900720730302e-02 |  -2.2520900720730302e-02 | 1
 12, 11 |  -4.1503397049607526e-05 |  -4.1503397049607526e-05 | 1
 12, 12 |   3.5705916249290072e-02 |   3.5705916249290072e-02 | 1
